projectName,year,month,sum_loc_added,sum_loc_deleted,sum_commits,median_contributors,max_loc_total,sum_abs_loc_growth,prod_loc_growth_factor,age
kdelibs,2008,12,443995,344570,9349,87.,918037,94515,1.1147692472113327698170348116660844671342266781749522415895277354052186775225418927572043092089585543236438946567697559178942194156545344800,11
ubuntu,2013,12,336,81,22,1,974464,255,1.00026175081531176180283807440,17
pgadmin,2002,12,8119,5258,106,1,3331,2861,12.970711296006939661360110982188,0
spamassassin,2013,12,1517,1136,80,2,84894,381,1.0045081821729856698568873309931025384,9
freebsd-ports,2001,12,299632,132747,15242,80.,413780,166885,1.67593511409959410497985476268938979289683910459071654794812196568314140904805924760726617057734377119463713476323663518684308480000,7
lives,2012,12,43032,16516,620,1.,260558,26516,1.113295904155275970534794694822661183783772504952927020560942381997691142796988140426275070662800609856548869762880944389689424132206904371200000,8
django,2013,12,90718,83905,483,19,153060,6091,1.04144411407011881912266444908548352,8
sane,1995,12,0,0,0,0.,163,0,1.000000000000,1
dejavu,2013,12,0,0,0,0,1937,0,1.000,9
magpierss,2013,12,0,0,0,0,2259,0,1.000,11
tuxracer,2004,12,0,0,0,0.,27025,0,1.000000000000,4
flac,2006,12,21159,32782,394,1.,86190,-11623,0.8620611900792140505853748950258243751726133752390134631457967964466093861218304103265956496020776643966848000,5
stackless,2009,12,272672,177515,5776,25.,1613214,41255,1.02624432316589256707212595720634140659680545682331602947756987918796324801039307013010243818673741790455065861987234390803501810626447102105600000000,19
ac3filter,2009,12,0,0,0,0.,61406,0,1.000000000000,3
mochikit,2008,12,61248,57636,221,1.5,37263,3612,1.1073370776580149774401772086824035970752639343919242759244320689862487530245539419260035880000000,3
ontowiki,2007,12,698635,414340,2520,8.5,353768,284295,5.092165301155330979530477178886519947704054617369736283544319496227608826801229895014815056544202365826138514370861623750576,3
sdl,2008,12,347820,98405,2147,6.,1949113,230055,1.133826200173605622694175831917701173379298273271774395036994452851681411442294996439441830929325752152974939084410173569556701353442031127150275801600,9
squid,1997,12,199059,131243,4099,2.,200282,67816,1.511950236331296645097807394998726026576840400600996802386766634582577624044193598791934666564219898710929875543685988700000,1
openvz,2007,12,25932268,15920866,139829,471.5,23021520,2016144,1.095982285683712324497664837446844676308491691111157149942840153796127183003582782738583107864323884329732364923895759156800665393070204159008848000,2
MacPorts,2011,12,466326,225985,1433,14.,1833281,240341,1.1508788780558077103474333874054597359316737514969419524475316904002896457002909562552512189425869094688308096045034712345956832866302227861359946240000,9
blueprintcss,2009,12,592,3555,40,1.5,5355,-2979,0.4223385689354177804872361041473991214577977549021341161521632555149000000000,2
atheme,2012,12,8760,10752,385,3,100790,-1252,0.986936152006221488027175734384375922581051824662150087420000000,7
kicad,2008,12,136396,198822,997,6.,273123,-62426,0.7628254567397191289027150273213442884560450922804109914740677133968335400409842496328060411248077789546875534228129948035074616185256598809152,1
primefaces,2013,12,4368,3530,206,1,199092,838,1.0042270074500002789877421608877759113400,4
tunnelblick,2011,12,62439,24442,398,1.,54825,37997,3.25796291894263574869081941387085793383781497632277803850784566770964796341233430919111619397754225542847633817600,3
twisted,2007,12,22619,13285,281,5.,176463,9334,1.055849074664525530159003754656463401344836218029371243848724218939827439426045114912861177029898821320262470320619057646679492674913648725196800,6
supertuxkart,2010,12,67030,51881,2182,4.,75875,15149,1.2494648091373191971435378342325428687166120926255545327041971164828740609724281167483476884299816924677332527628914138853457487545380000,3
php-dropbox,2009,12,0,0,0,0.,563,0,1.000000000000,2
brlcad,2012,12,224720,238870,4890,10.,1112395,-14150,0.987197536127267512744642065668080843878078145945207999234342544800931795793936977288226998545678832930273578322459055217158928173560311559856000,28
YoctoProject,2010,12,177171,2927978,2072,14.,1044298,-2751141,0.05301110512124087488612936953367336882527137651329132032385422552642648912567203276523291077625306286082860223180054303015140646092800,5
libusb,2010,12,6231,1156,122,4.,16176,5075,1.457536963586228142258129493792679501040589829591304447565688326181799728633568536746408565032302159312885956954877427200000,10
systemtap,2008,12,84939,38509,1354,11.,83588,23978,1.4022479449168810263675608248962351588890811606011447033988564351851200244522122933456597827032549661933621435505088847879715584000000,3
forms,2009,12,470,488,15,0.,14454,-18,0.99875466998800000000000,6
warzone2100,2009,12,238459,571108,4879,7.,898327,-185059,0.7814675033468261250249807080147384167437561108037219741897877427431776710335135024815799263066108665909432445970534785831307091723185356800,4
vi,2007,12,14,0,1,0.,18135,14,1.000772584294500000000000,2
gtk-doc,2013,12,13,11,4,1,7937,2,1.000252047889033327100420250,15
jaxen,2011,12,18,1,3,0.,32376,17,1.000525356160594073246603050000000000,10
pango,2007,12,15594,17201,375,2.5,64641,-1607,0.97454942827205531839181039549907111197545042802981210601553647753352398991554496607363980611106378045902744859965193733443905810509263150646592000,10
gimp,2006,12,187079,184174,2101,10.,644859,2905,1.00455023901907252346762795822939950501100926761781738333480958500964415654030299344790656995633550904726621482887225178746201187031097254719488000,9
zabbix,2001,12,9163,4362,306,1,8749,4801,2.216058764121719636920384571626017265769849608311000768988460121940252737242568880302610771968000,0
xmobar,2009,12,544,195,31,1.,1661,349,1.2660060975675661425586422069077827376226098727188896951808599082021488953013442608918404170711055728640000,2
mondrian,2004,12,245214,45910,424,3.,959106,199304,1.2623104439984900509414995839861455115616236023716432309257506342275345010537391177586959117900269313743031446537045558235272700270531011148711040000,2
racket,2005,12,3309603,137835,3765,16.,3179553,3171768,408.4204238771621403030457032979747841849319920592648660641955844996554520360565597729169307272087278033499426750000000,1
gnash,2009,12,572520,418115,4672,8.5,313218,75631,1.321015793832707849618175297839397705024868655199890409889297542148430084428144142846404380043237298887406033052561853424439775696551936000000,3
riak,2011,12,112484,77489,1897,14.,50933,18006,1.5499526587447592576576680985872841633461211646793174224520561764281056312163113651752200981569631096579162158511282852974086577105920,2
evince,2006,12,17229,5924,321,5.,54238,11305,1.2633172617359541573712236649055361079976339116463480358640878177436238084261436084428700463802159106805612292231562033894878590379326494720,7
brlcad,2000,12,480692,287580,2100,5.,995360,193112,1.24071359479374163131303084610451004356157428302102685532341989304774028877249309278447173965346179063155765303376487153925558029392022804561280,16
sylpheed,2012,12,4380,2471,116,1.,139959,1909,1.0138283230710746697177239316601601212288452973162122313119559655958999372774119127289016524302291192365930407420762307494105124466966528000,7
bcfg2,2003,12,245,14,7,1.,286,231,5.199999999520685112,0
mediacoder,2009,12,98426,37888,37,0.,122799,60538,1.9723261752588134006650603595486474000000000,3
marble,2008,12,104159,49972,1494,11.,83096,54187,2.87439897598135205739776994058419240734389046126155260823460736056414808033263247583286225479121527060887350733963067848192000000,2
scikit-learn,2013,12,136935,93587,649,19,286906,16474,1.060917347060138340906154752498528,3
opensso,2010,12,8374,3539,132,0.,1750447,4835,1.002769802224501937683251988815606862290000000000,5
gcc,1999,12,543917,270491,5932,32.,1159536,273426,1.308568913554856507266413988410146123236223078417420552799288727227971581365979773017532148509669202908439808635060689048153651954569535513600,11
postgres,2011,12,109978,59877,1982,10.,636559,50101,1.085429817638230676132536629799344588422656712308999653799244332894910893710424386019146352712411345454392288892308810961768636986780987904000,15
ossim,2010,12,374180,273470,1282,4.,1037745,100710,1.111179801971148347083087548395006497488153034918560111642819383317864048953797553020444732280903298910957034986502045400753721660583313920000,9
cups,2009,12,25752,11237,677,1.,543369,14515,1.027446138248432062168458789009200530395142229520743059237068387505167158894035653322807021874678997236622370487306518622938362381276062904895412915200,9
nix,2009,12,2118,2368,206,1.5,30335,-250,0.99164996659759579539536222481216480104337258589942638170863876950323036276749139099424333853199205320410694750081568931552333993966946770852608000,6
jQuery,2012,12,20361,26207,816,13.5,31447,-5215,0.82818265676412410971218705036085315407046282194056103274403584629489553337890672436001912013867792703767292177347959985922557737600000000,6
gvsig-desktop,2012,12,59022,1901,131,2.,1376253,57121,1.043306391141785524184810036363114171838338135732766828238565075799068483226955839081269953277711038153336065453788924578476786076953292800,8
haiku,2007,12,888715,432664,4150,13.,6313126,456051,1.07786326793573927053509220192734089311009682282050524069954153079525668706140925557912302136328632730997679524652409397838737868014151641088000,5
vtk,1994,12,32838,7273,532,2,29402,25565,7.6627573628347588876556926370368282870804925669185499823475142194268357548019017496570245772735020539372357368905728,0
gettext,2010,12,8985,20172,200,1.,359511,-11198,0.968859844274648981393537227662412120170227970097551500976186574526635917908041809741040164068047175890769244320543355307679024008994205480642496079424000,10
layman,2008,12,229,119,13,0.,2895,110,1.0394973070054874412508082467345875000000000,1
gammu,2010,12,278850,203641,1275,2.,133845,4169,1.032149356857723308264014074176008079497030784203012984574484133102737845407170507401202276224110883375329440880696186144237363546774369905162240000,6
infrarecorder,2006,12,6673,823,55,1.,31018,5850,1.232438016509090968987390536042496800,0
wikka,2011,12,8228,1132,93,1.,50897,7096,1.16226475498188409761033572537463875948696746114446492504184841756595461232372216726289015071287506706287604736000000,6
phpbms,2008,12,7996,3461,122,1.5,37513,4535,1.1375159197015860913085276296806671964108643740103566731584166514310820847523552143001897334006400000000,2
tuscany,2011,12,109144,83932,1762,7.,718029,25212,1.036390562017986281283263781418450548445742609551364568123455128118161693245433677818359143477011884052674571286493287125750108574717109301184,5
sqlyog,2013,12,12107,11979,12,1,174166,128,1.0007354715636408753925338750,7
Snowball_Stemming_Algorithms,2003,12,5150,202,30,1.,21956,4948,1.2909219190594496331918951728200236643514997057935524259016562327861962949394379315696000000,2
dolibarr,2011,12,662808,835882,8530,5.,763109,-6048,0.9887694278519171410931203514867328039388624651240485230801970208779735056255408339739956305651182400043946164892344972891945674457596800,9
giggle,2010,12,1697,1683,137,1.5,25327,14,1.000569615103841844241556559619622107962261198710413139024493308713660036591229223705464387142451200000,3
pcre,2009,12,5725,2640,127,0.5,40404,3085,1.082665666275739076559502750201070275440200291120346425163360779520000000000,2
Hadoop,2010,12,139410,54906,780,14.5,1487238,84504,1.06024235528710564244857125763758454319301403113866899993781294010001867166892791319865945672906941948232734382014176566009533722607164724480000,4
lastfm,2008,12,0,0,0,0.,6650931,0,1.000000000000,2
SPIP-Zone,2005,12,878073,635036,2465,15.,283247,243037,7.0441929866415952382305154271210402846415919929426229725369516384142886313602931200,0
scala,2009,12,150036,115598,1877,12.,167542,34438,1.258730015630615387477747850812589141549114555905449810014314324165945327621884498543253936923345252713569311723053662083158514265079029760,6
uClibc,2009,12,70929,13599,602,6.5,305340,56420,1.2266591676389062471430140479584442798351156148067817216277073617159357118147779548259187751967129102420468511615511552199375163080717813010999550000,9
udev,2003,12,32680,6094,335,2.,26750,26586,163.1097560776360012166039087549179040886915089955432869958201600,0
make,2013,12,0,0,0,0,33351,0,1.000,24
gthumb,2011,12,68221,43082,893,2.,161143,18823,1.134038310905440888611210202137549654027804452095023353999998347466663668704556445771317214991084071822015031918361034050915187050556908971520,9
subversion,2012,12,111838,76110,4143,14.,492085,35728,1.07828958468969903181400034672626734019535628054130582902736953601824270272585026337026305175389422524345356212009767643253381915899248640000,12
camel,2010,12,176259,115074,2996,9.,637218,61185,1.109727622280743655981454311654157494581996676684042920760348009603965957914504245919701318747676394719204819123964548131535613142630400,3
xmoto,2007,12,201212,49086,593,2.,219729,152126,3.2502847505293792498918023926236653290454058102572684245768817251957422834572176471446995956779277198974929623040000,0
tremulous,2010,12,2872,1881,153,3.,203566,991,1.00489201530344406751380703054328897937870794926108463318136670280775108150527358352989910947288871100372083795642325087573681329579378004036008858527989760,10
dom4j,2010,12,0,0,0,0.,73530,0,1.000000000000,9
pdfbox,2011,12,37873,7814,226,2.,98842,30059,1.4370120524362753231132332825049679387623719129340676388063097251805884320889136896343966396797868372938350476400741480444779657000686773760,3
mc,2006,12,4456,3780,328,2.,202730,676,1.003345640275059831276051280944093430141298655662603926854985200781447490484753593902426382466390030481294031130457037120463718882547054021400,9
b2cs,2006,12,20524,9857,749,1.,19631,10667,2.18998215068455950528884262451048384639134154711704112472888979260273470822433613437507332271942987814593552461797272495137500000,1
alsa,2001,12,65130,42241,825,2.,68099,22889,1.506281796044899135785678837959614349245714023024961765874729708374501286800006343502307165849032682889013633905924175924968556000000,3
phpmailer,2012,12,80899,57024,257,1.,31363,23875,4.1884348294880602057761835724869652036732797862324650050222483333120000000,1
ehcache,2013,12,13735,18343,283,18,159633,-4608,0.97194366814866094239149001960344898,7
karaf,2012,12,66721,56058,1106,6.,103035,10663,1.11543541332821345904484155071231356041110587447083836675788834844068070891078539437877966691200705930304795036933751763288029841580040000000,5
spirit,2011,12,0,0,0,0.,942430,0,1.000000000000,10
krusader,2011,12,3811,3886,189,1.5,62244,-337,0.99449634178630298614921114564228152210551702906225787719833763695528443593143362642232950342466992011027909836800000,9
vaadin,2012,12,2934352,1822264,6506,21.,4516990,1064732,1.3084161148884948986825457631634584963984614297489060534495741129163673615542337989492370525291033755785781812721194043781728126361849548800,6
hyperic,2010,12,3195162,3193785,3639,11.,1459845,11235,1.00778996020317616464942084548940538861141091494791019884494679339021070820119438034264179653601070096837851587223904559857191374755605611626496000,4
growl,2009,12,1182927,164793,1812,4.,1040408,387053,1.59241476207756401316692917228127616864744865986283433204683619789757783875511073044492425873198004271792753565439901532301572499351862187031517593600000,5
archlinux,2008,12,47049,45998,1786,8.,37296,2411,1.0781751564014316612913720633953297585204351869974750657646783198162999850016410382476166827828785646210944615003113204838061293568000000,6
WordPressMU,2012,12,0,0,0,0.,135856,0,1.000000000000,7
observium,2009,12,16382,8799,472,1.,26210,7583,1.4070972244617776287290011123446412459297893774835413012795088141602838359262775988918626271402313010611516214772227370976125318804346880,2
umbraco,2011,12,2453239,1691902,5811,11.,535773,274626,2.05161460789111375677679500208826032822086541181722508616429378263692220882334496668687468988077881617180656,0
hugin,2010,12,128639,57427,996,8.,203010,28372,1.1624617780808607237299068602251177312943524236680887055375806012517387573824529914304264639336898204533153982707793529567649263731404580061184000,7
commons-jexl,2012,12,4592,2889,48,1.,17831,1703,1.10559275792624330218382152455432810468483652365816465749125291956480000000,10
salt,2011,12,59735,21337,1854,3.5,17085,16808,61.678700364287499053330896767005617505304368390189607176454494545915322170183895698248921065138349792000,0
zf2,2012,12,1913379,8801201,9581,43.5,1668650,-1285884,0.2269767374802419223471365566786304029550203206280818358093397219320662591217225881974970977280,3
pencil-firefox,2010,12,8854,2311,66,0.,30639,6543,1.2715388446247515434668567149892353822836120000000000,2
restlet,2010,12,271622,346103,1252,2.5,427094,-74481,0.75221648159270955123820742637008376692725096901483960755864857382132640792781568460519297296459342606542718608495141455241007125571987046400,5
postgrey,2010,12,187,17,12,0.,2467,170,1.07400957770468977313080000000000,6
jedit,2001,12,130060,25289,467,2.,109191,104771,24.703846159521639776781055649515416809055597165983678933663014044088093023342162620500661149176817475818344024138799728000,1
htDig,2009,12,0,0,0,0.,254563,0,1.000000000000,12
jquerysheet,2012,12,9601,6320,185,1.,15302,3281,1.2729390234305269366884986892974966314546128436486209403235166016664227108044000000,2
simpletest,2008,12,14043,9781,250,2.,107935,4262,1.0411100286515010027331313431760157671846610792899184085025308361443463187219554532283952373296694521103708744000000,5
racket,2004,12,11709,6342,165,0,7785,5367,3.2196029780000,0
gnome-shell,2013,12,5136,3609,533,13,79929,1527,1.01947654396167977949304643317801920,5
displaytag,2003,12,17756,7785,245,2.5,18035,9971,2.236483134864012513558939859998580984183746545854852281422758544992920342271502543941152000,0
libglade,1999,12,12018,4208,180,2.,11346,7810,3.2288812783364541402736062274973338640647292087106962261187138652036450080945902970724299321064597269140015769600,1
netcat,2008,12,0,0,0,0.,14433,0,1.000000000000,6
xtext,2012,12,2362161,2012440,3645,7.5,2442806,188592,1.08366197709860318377132850287644415723548918269643393061445028995505945971036139182400470206030828567984199708500537264936515366927870080,4
aquamacs,1985,12,48,0,2,0.,80,48,2.50000000,0
testng-eclipse,2009,12,2560,2114,53,1.,23572,446,1.0192856525056593079863938886761078172159397153191729752412312221295360000000,5
gwt,2009,12,223190,128449,1605,13.,331419,94741,1.400294915443681081847769462762319270194490519573838025499101603459005749089591750271800504930628774938608034547321529703398749393305600,2
cvs,1995,12,40047,21790,807,5.,54256,18257,1.507152976419042314993730230805285773012336156488651249630990735783966712392918355935516899975086642442530903996437534912336035743047164000,0
filebot,2010,12,1255,730,49,1.,21293,525,1.02527927580492153171848770816156913122996414191750821616182546990262440400000000,2
vba,2007,12,0,0,0,0.,179726,0,1.000000000000,5
layman,2007,12,6,1,2,0,2785,5,1.00179856115100,0
seashore,2010,12,953,432,20,0,29756,521,1.017821104839326911017365843554537574458023781555200000,4
commons-cli,2005,12,5303,2126,62,1.,19461,3177,1.1950994841317007919024315661716441556826194028687941977678278099536640000000,3
cvsnt,2007,12,67621,125758,326,1.5,551948,-58137,0.894469625285091082003391203625795694644672604767084731103113748522897822102152391623866550167196614670131353499843489351378463661616000,7
moq,2009,12,31245,19331,276,1.,28020,11914,1.73972432630069338037332561090439383783625640907330796426919063439807301511037120918691607105206527256501175000000,1
avahi,2009,12,518,634,34,0.5,58826,-122,0.9979244994133626515225717925064870211146056227840831740123866000000000000,4
openerp,2012,12,13531679,10260566,41090,73.5,679750,80690,1.13469435448436190021676505294708828519718307975580597119035776166301024650573111148646196009521589997519979790672339224463368833351680,5
pnotepad,2006,12,152665,26502,632,1.,465495,95923,1.25955158941266264279849510541216961375903393843333632276409322858832657200052824055740343439181728928722736206804653240600742400000,4
rubygems,2005,12,4307,1341,229,2.,11818,2966,1.33506552191284472330046580018707698879119910899176146995861613515162457987975814742954663250960775793292063718630043198800000,2
l2jdp,2009,12,625051,501521,1499,4.,654369,123530,1.232707091978961132065695235829316504426726577643750539031975409592300324564536288077750906737222045954883533043925039643092474019681768110080,4
mako,2013,12,22,3,2,0,11519,19,1.00165217391300,7
gnupg,2001,12,13956,2322,112,0.,56324,11634,1.2603266950257532059309658190097228000000000,4
markdownj,2006,12,0,0,0,0.,5320,0,1.000000000000,1
itext,2002,12,33392,37476,567,1.,79936,-4084,0.937206906673804086224166431230136684988123432893474157203549516013907802827508947682362277637374685108016132262973299676241920000,1
bioperl,2004,12,33356,10984,1148,14.5,356523,22372,1.066951767313445463310297334858417094356024427817358387933365132658687393168479371208202756114928298387722452201710480148329731730991999928691200,5
zsh,2009,12,2501,943,155,2.,101829,1558,1.01553789231242913931297722334367846493501031382523181290436717113650593116109016407743359400860074343971215820348343271949241541191312469688965720829440,10
gcc,1998,12,483337,306626,5006,26.5,886110,176711,1.2490995899296572255879802614032933468656233356337644175050892439947351870891283458145672837746132429170192999593473936072033073146789273600,10
openwebmail,2010,12,54879,47237,104,1.,140960,7642,1.0573215919848291986984111499131668849259854066030056290285842538456849179303136809853077068821746285117440000,9
tine20,2009,12,124528,68156,9221,4.,129338,56372,1.772579009471973230632993952169988008789011975716530376271261995621153903145884414705913013562180527912663109076506736033269481472000,2
sabayon,2010,12,719809,873282,3227,4.,389662,-158009,0.56467872090119963464003995110042250990871735818797554135370249302552093746020294092194875412332756619798658116625692040861379736000,4
yakuake,2012,12,403,274,30,0.,6117,129,1.021543086173394036621467305301416480972379737600000000000,4
xfce-terminal,2006,12,2673,1803,85,1.,13083,870,1.07154605262962834825244342051284492954777386760247134686290990894475199989951629185825391910245013400292600964820213760000,2
struts1,2006,12,602627,468336,666,4.,170179,134291,4.7419471683115871211390187195939292695631111471691460229210737367258940218916279442228625583262768216427170683999058411854448854676961280000,6
rdflib,2006,12,26374,9167,251,3.,26550,17207,2.85260551204038871446609497512752074699193872900123769258909444072261478235186213303375384088722372270906769241655634210372545948527812000,2
zope3,2006,12,83543,94622,727,14.5,319951,-11079,0.963734742172526103145355621880387894476204586944200083233230559345656383555180533598654445321422385079793612105195371083194793690186500000000,7
coloane,2010,12,18590,12067,404,2.,57294,6523,1.1284788560445775289409804531668311531409930627537328535650145971558337503255851458839468979564626488386207774199791223894307059591990385408000,3
portableapps,2011,12,34684,25136,251,2.,32246,9477,1.4426022790895292623086832001818303190994434412368701901492625115866554887919084568193387487328028750322283690278002726354572800,4
FreeIPA,2010,12,56573,27031,873,4.5,66116,28038,1.736330689641541593224538699346047420358982296825643695599482189101543716487551879466325390519977659472206769676967223769049511400448000,3
maven1,2004,12,15928,21716,101,2.,27145,-5788,0.783229092528443926388577819325683768041232973072009925329431659134477054462459349338712917942376438300545160688270084730465200,2
ultravnc,2009,12,11215,3645,142,2.,247386,7570,1.03156639367451567926965984285556054250473807774076933297387592279601792451808502419874870476933336470431829511952462146816841026898583702159897600000,2
joe-editor,2011,12,0,0,0,0.,123114,0,1.000000000000,10
mpdscribble,2010,12,304,111,23,0.,2913,193,1.07095588235307864165600000000000,4
gtkmm,2012,12,15189,12669,84,2.,159169,2520,1.01675342548138052875095461795068518552614739005568255197654420991817534243912934711417848738203297938197766039896234266624000,9
riak,2013,12,16103,8296,135,9,98443,2422,1.02522364899288825795139207128035448,4
rygel,2013,12,2215,1589,138,3,29223,626,1.02189040808574936077542657065299040,5
ubuntu,2009,12,602245,464494,5829,21.,905981,67432,1.08078794362848377111107536871519032334483045137423353828659515674158114863657748056455687322803810416956762677231747025268291442587229400000000,13
mangos,2008,12,2117945,685852,3775,10.5,3133542,1404719,1.81252910208015874817379661658845423289286029905909049178864797944756420846070265738195170930813155152132314453235776682600240836963234988000,3
cpio,2011,12,66,94,4,0.,6754,-28,0.99585430855800000000000,17
deki,2011,12,610269,536947,2173,9.,905583,73322,1.0880997668188029457203057509012488418903599540199032884496873557622125185165727557447919409185040291282549015178283845035964160000,5
pld-linux,2005,12,2333942,734852,2514,26.5,3541290,1598934,1.823193070695880089731285470066070556231199380134609522360655468169409814152267735171105584163485748155341253802900010379241764764825600,6
groff,2013,12,2080,945,38,2,181567,1135,1.0062904584560084832639221702758090220,13
dune-project,2009,12,381228,315573,3206,12.5,279051,65655,1.307667435196907468733624539419640121857607238031805473919228876072736430783331790292904020806415702365322598365698064856691532169216000,6
log4perl,2013,12,0,0,0,0,11473,0,1.000,11
openlp,2010,12,865584,1147165,3027,8.,135343,-1680,0.984416162636970765987579068615175103172561029064092624951599094405850841622450330695938005500412361040547967493074149695368396788047360,3
drush,2007,12,2722,2632,126,0.5,1906,90,1.04955947135753501443124426349062236123913028398204958301135296600000000,1
exist,2009,12,158031,95481,1876,9.5,470487,62550,1.1574749626071776246562083475832873356885505624983451598020094746992854739867923398167247542548717979091885410100744300240881504738281472000,6
konversation,2006,12,19774,14061,1066,5.,39475,5713,1.169213909120113965227087199744916455830298451124528529957107009882612039464359104423158855158345324151841942380083821750050250553100411764480000,4
dunit,2000,12,17513,6400,172,3,16857,11113,2.9347144847371618677470540303634313318682819823736320,0
pdftex,2005,12,18001,47116,40,0.,201439,-29115,0.855464929845777074028109622309960944752370958400000000,2
jack,2013,12,0,0,0,0,125992,0,1.000,12
xmoto,2013,12,0,0,0,0,846802,0,1.000,6
coderepos,2009,12,4433775,1434681,10058,68.,13153141,2999094,1.295359475895276227719779317296017657357611666770687897987610892791986187822567972390979160846141515920788465922253309781295546229473280,2
shogun,2013,12,33251,24080,496,6,221629,4178,1.019213523967826305785129030414453600,7
spring,2011,12,627886,485273,5524,21.,1172862,95180,1.088319188777686742066253553524714744748974508305510357420371694685053119733360975321770078572234016907591839638337656407667091242460435290521600,7
songbird,2010,12,98169,51102,2250,14.,416266,47067,1.1274840939417429850126052327728865479150579451581043450465467744256677952429916911258122395358317315681339095942513934528407968050309120000,4
nhibernate,2007,12,111282,77131,755,3.5,354793,34151,1.10650819293952880667252187767014885300152823247565595693819534460185050836881034478856207304177673800871959656505249349058631922951680000,4
kdepim,2000,12,657045,433250,4788,32.,384069,223795,2.3963275391450767486945047485351044781513392678782831083162116485802063433141506757423973438559310345680377466065920871315796838400,3
dblinq,2011,12,0,0,0,0.,151762,0,1.000000000000,4
GnomeVFS,2004,12,35700,21082,435,5.5,91345,14618,1.2159040557237719738070994732948960363654522319797343705967427518814566197981775898146743338478353559276409082711412514073380509953228800,5
commons-logging,2002,12,3373,1559,129,3.,2459,1814,3.8124031008528717120229678345274819254281506436889964971151071542730084419265270301301897873071174093148277137343333045248000,0
mrtg,2009,12,46,17,5,0.,43036,29,1.000674308833469951134934030000000000,3
jabref,2008,12,15707,3266,176,3.,121756,12440,1.11379852903752886569152141425502451733216651978261048756877245158473189476715668051253798276708048488719474007517407074111634544635200000,5
groovy,2004,12,51506,25190,1082,5.5,56573,26316,1.86974914900159360306041073904705835935039023854882898021274484702674215273636219665343593768230998128889215859334520072962119797000000,1
Mumble,2011,12,36289,104623,412,6.5,408811,-68160,0.8324763805220627949033493872993414006050651959233983388690133207819110784208060801806811694925553112792225179854311917523223475702145498406831251456000,6
kupu,2012,12,0,0,0,0.,30739,0,1.000000000000,9
wcv,2012,12,9,1,3,0.,12276,8,1.000652103032300000000000,5
nexuiz,2007,12,9866,47610,175,2.,63690,-37744,0.33455571228035351022635011558702343305895393101669858026711664311176462737751527343785954477644693371345342276140313939763369350400,3
shogun,2007,12,73464,57320,972,3.,79872,16144,1.253326638228332051803654529082965718748989653683319594436838059373317204569180345415398106545396122086825648670406806022903232000000,1
libssh2,2010,12,7182,4873,359,5.,23943,2309,1.10673014700179126763862965880594120127762431202415618211971049500241357837635126374407558473817617062614577554691293448291539204200,5
avahi,2011,12,63,46,19,0.,59703,17,1.00028482391176223236541793868233916083825000000000,6
xoops,2012,12,6369195,2470657,3715,10.5,28264435,3898538,1.159999773452201080920940315114250971742408052771101201693200098896263462137727565562376496030615772689391875466246414689658096384000,7
tigasexmpp,2013,12,28397,21016,180,4,87558,3796,1.0453188796889978623247680123066144,8
powertop,2013,12,53,68,10,3,20472,-15,0.9992665395332794304666580,3
swingx,2008,12,39790,20974,582,3.5,130868,18816,1.1679220362014293939935591104484658494517528568085850745488843825614633255255652386928023029670062745798099635064928807418356271783829504000,3
wget,2004,12,377,247,29,0.5,42055,130,1.0031007751940014709503610840196267776903201044208787314419403419752204281400000000000,4
erp5,2006,12,4904516,2993358,5494,12.5,4590236,1911158,1.7133640751936706677621692252013942888213047488502972210877617435316137990230722292079774539442978020288545230441650497604818294353920,3
qooxdoo,2012,12,357871,235882,3238,9.,1402247,68571,1.05143964388651996450566895762560282716491957359920858201322573962720968742156514659423589440241145858482301767587026158154349693048419200000000,7
chicken,2009,12,469103,69205,764,3.,530338,395329,3.9281677514708375442867822931619500633295609891319449111110224393211842716176404097834429576264991068790551459237127930498224547202888000000,7
sdl_image,2001,12,1974,650,50,1.,12288,1324,1.120758847143859023355413472756310494879921891335917192006690524092300393250801992737473513002016456576589351800543793206043852160000,1
cppunit,2007,12,3987,576,53,0.,75482,3411,1.0473283290043184967979144218123369568516672320000000000,7
metacity,2008,12,11003,10177,220,4.5,63801,826,1.013118607458116003282546706373367363207546331209349520750614607224776334654398595756347936446531244990512553182204796429176408214779523495151535128576,7
weechat,2009,12,60213,83893,635,2.,148915,-23849,0.8045884714862194559096983762232264368002839680700936456731883615334272765570402942006114852015755736014750983394683836681921787373953024,6
gvsig-desktop,2004,12,175427,27172,777,4,153619,148255,28.6388888884132044558687233965376223729440236079483859764838605941276468200,0
ehcache-spring-annotations,2011,12,13232,10874,54,0.,10306,2358,1.296678409639624567345643436710020014808767758952209200274100000000,1
cocos2d-iphone,2009,12,202322,114754,1632,3.,101254,87568,7.3983632915998105660026955995919595096542938750465252165098174924542105607125853613488165640040608396242351265514417999891660800,1
xfce,2012,12,40962,31600,1328,7.5,313501,7788,1.0254748734884931337000804482761733234035795471940215565904947894137138166261712658959257327348913924534087315187896795192864462464000,10
activiti,2013,12,107920,110552,616,7,323125,-30698,0.913239105465854247632448375064080,3
gate,2003,12,10288,3625,318,4.5,146063,6663,1.047797704448701709011075580066293363141339057165174714018029609019537086268479886529948288343737362256059706428006368675646930768655307166253424000,4
putty,2011,12,8031,4283,109,1.,87243,3748,1.044888915505663459890789048586628078733526021557057891523387194824538344024537072117871806815744877608951785222714525541746117912380928000,12
passenger,2012,12,360539,66180,630,1.5,446665,273204,2.575016862571696782295733877409635107537560665449501553348811940657366807684034568866606509718376763740698544826041490080000,4
rhino,2007,12,76275,71524,218,2.,65036,4751,1.08237966430280475755704287402300240765958603127752502084499841880782857774881542848245149411349478991421707094228327548640777547757971456000,8
checkstyle,2008,12,143024,16026,306,1.5,198874,-1978,0.990094944318606916247442145455570875699483171373663827727272951915648558261552435758192494312488963681704728123447243257087164416000000000,7
SPIP,2004,12,78556,59191,2688,2.,88922,19365,1.278404761570398257171215889965473241133486679611395426357780635496859740396759642685546994821625788143358679866315134023888158979379200,2
sdcc,2011,12,194130,634857,743,3.,1345919,-440727,0.6461876993326519977182004335234779600865015869313509518162898488885294524410546442734886855436396033831856149301519039815310930679398740240000000,11
paludis,2008,12,101960,71974,1504,7.,170434,29270,1.2089415863019161773477008759955247305142324109127537539737579885789780604752117795586634489627665644511501807149783657299068645557481062400,2
junit,2012,12,44202,23239,397,7.,27762,3994,1.1680410636178611869867969515054069617903896336864887663397869205260722212332143688358268096351958408339542203182080000,11
ctags,2002,12,11527,4410,177,1.,22021,7117,1.47752281262433968322221352608092911833621206308291571340136506779699331027492501891376178942296398762941651594484802688737533862240000000,1
GnomeVFS,2006,12,10997,11386,247,4.,90893,-389,0.9955663452482555152604132522520090763081892496844258034463295245406497210226854288782760066282173433148663332944363965871676783392875288232284876800,7
arquillian,2012,12,196681,117901,1532,11.,187529,80617,1.75405005990411821353462734375081393182386090269480485388773617849275938599615799319077873881699073930272763803035451195080560242560,11
umit,2007,12,55516,36677,599,3.,14483,1985,1.15882541205688194228478728139675270777773895621076774153055415520589848712511686862684650240,0
debian-installer,2007,12,99700,49809,2088,16.5,310889,49891,1.191154721485658913898074625024439994163207923054641685715598625818060504733603154091384447030768728234052168873482759534002571130758258129920000,7
vagalume,2012,12,41,42,3,0.,14605,-1,0.999931530297894152958050360000000000,5
bzflag,2002,12,65370,49137,355,2.5,88749,16233,1.2238540460633086628159200925556623985204923830022141590200942302368410033563256957253389172024685493882762113895488116926143693160000,2
gnokii,2012,12,439,187,66,1.,171180,252,1.001474304970398651089369519137620724616402863374127133135869724177807655536583535535643101068165991638449600000,13
pyopengl,2013,12,41,2,4,0,304848,39,1.000127948977900,14
gkrellm,2012,12,6,2,2,0.,61435,4,1.0000651137048100000000000,4
stackless,2008,12,695320,502142,5273,28.5,1631247,76640,1.0512532777288789534870700136105387369610753794121672880507667101412535475207741190289263793053652892373253404562258420379017878089953568640000,18
go,1995,12,0,0,0,0.,7,0,1.000000000000,23
s2putty,2011,12,168,116,13,0.,124343,52,1.0004183730117477757430971719881112862000000000000,2
mpd,2012,12,20544,16504,685,3.,64294,3553,1.058494262527741016580207667615397404100725175994572768949418232454958045129357924213075165487662248516315723122688000,8
openkomodo,2007,12,80568,132723,425,5,1031770,-52155,0.951765098667281168303326717661188875,0
ctags,2013,12,0,0,0,0,54607,0,1.000,12
clementine-player,2013,12,16469,4975,223,6,113184,4272,1.0392243278960958642964696212181440,3
cpio,1994,12,229,10,8,1,4317,219,1.05344070278447447821440,0
gv,2005,12,468,1734,17,0.,31677,-1266,0.959865584583755555491240000000000,1
libogg,2004,12,5197,5103,65,1.,36936,94,1.002622548329145530842906801069528099337981221763445957387416296310002208440203352615200000,4
pacman,2011,12,28094,19778,1293,7.,51347,6983,1.157402398337228474418188872133167694216415316737564054696759907265371822459154289430501356404677628427194241032741106432531748168604160000,6
sox,2011,12,5515,7724,218,2.,53986,-155,0.9970486309492192034119431984807913505840087282008500523265148788386297795246598979976871440920000000,12
taskjuggler,2010,12,17919,9998,495,1.,120625,7399,1.065347181745065332188331605854264383757789322432864473840915426008026551252178001195603069821139956919736809010763723989124775608257366531821568,9
exaile,2010,12,43072,36522,1131,4.,48315,5608,1.131313367841416545096126527272112730070818194547980631243391202331902270471651364453150287185977124804634804350593961215109923804265087100000,4
alternc,2006,12,20480,4748,560,3.,25897,15732,2.60875345119638450684987995436241112934022086723529807471565442908145569868297042101245061009214782168229284453622084658992111616000,3
xfce-terminal,2009,12,20437,25828,250,1.,18148,-129,0.99011494253025643915699741045760840163257720330702741894508216359756261644485256289091593840000000,5
xwiki,2007,12,334100,254493,2597,7.,105340,54698,2.08009162366599213328313241016196399778557012674974371676186431881186301742252297746016630023407959802709349134849806688767827900000,1
gnucash,2009,12,199682,158019,652,4.,851498,41663,1.0514462822638529038991405906081030415528270930352048263480379562283958814570831899905797113702241499443718926688527077703336863433381943762603100800,12
springmodules,2005,12,192380,74034,903,4,118389,118346,2753.2325586148114957200709753168075996156788836953998319413448457310145966821028272825367638608805080974680391680,0
RSSOwl,2008,12,25917,13878,776,2.,134936,12039,1.097960080396978246498869215819912372070505748943153706455176138327613249842039928013220419115623170295870046557428571107995961321830400,1
lame,2012,12,1566,1098,33,0.,116710,468,1.0040260835149213179777947581017466372035899801259884089146214080000000,13
config,2011,12,110,67,23,1.,2991,43,1.01458616010905185734719436626190463790423340478590120415589997480373037379384384100008528183586731022640538435072000,19
maven-license-plugin,2013,12,0,0,0,0,5129,0,1.000,5
zikula,2010,12,360040,309325,5222,12,196460,46463,1.30975952852456663987483901871092570468313824785007487046454019817525488563531772580489117860063192185600,0
libtool,2002,12,1723,1015,79,3.,15281,708,1.04858299595118546786410040139261982360309578224922244979458311501173955358605290554812946781956293593659657436230334012849900824705004350182414080,5
limesurvey,2008,12,388456,316598,2471,6.5,248733,64942,1.4024590519163699029644029253879570077469251610718153492351060412387194609601575393310205783481948182519415375231811833258910158395801600,5
request-tracker,2003,12,84419,36171,1959,2.,76839,11469,1.1754474529556175384124790347823721942938903586797638159306159421871850360143574503728408423833578481475815116458323867651200000,5
dom4j,2013,12,0,0,0,0,73530,0,1.000,12
gobo-eiffel,1999,12,40496,8272,228,1.,71421,32224,1.8221037323872285593310738137297007348450630576368439057466869380833893353174134214188427633820470000,2
phpbb,2004,12,59134,41878,1230,2.,127078,17256,1.1571670583077709660760758626995690374991633733399272080034670258390289153977876019466804479757585091877070782271990400283495424000,3
selenium-ide,2011,12,0,0,0,0.,11771,0,1.000000000000,5
piwi,2011,12,82,61,34,0.,40198,21,1.000522687109574102963662561806581993004375030129245005947594953724800000000,6
iat,2013,12,0,0,0,0,6095,0,1.000,4
apertium,2005,12,906218,417585,184,3,929364,488633,2.11481397794969566337359419968008716002080207058016000,0
cfengine,2008,12,42857,15072,323,1,61016,27785,1.836116878830838494514684765986502802080213754893218096699631478317546954759139073953511882540000000,0
OrangeHRM,2012,12,591786,513281,2834,4.,508399,78505,1.182616058513365696570565339888335824453373481969352941608137511585090564113536028961976967202374497891659792482598364783840284508160,6
dwm,2007,12,10503,10386,507,1.,1886,117,1.06613906160813576078182614432181331521364476376997494711234341308182352625441001380460547223780957877244761347014024330032985445393793810432,1
teeworlds,2010,12,43930,30098,452,3.5,88942,12977,1.17082867113303718394419734115127959343526526439103674265349586586571411390688324087806330656000000,3
amfphp,2005,12,3874,1679,100,0.5,6251,2195,1.541173570000978825976969667418420312972200954646019891179478100000000,2
passenger,2008,12,409717,575098,1122,2,196603,78745,26.516850290839041171913081550102360989400730792749265279197842880621862110538893300077242796090210879450909440000,0
sane,2010,12,72314,29529,436,4.,503797,24484,1.0510814436402295952043709169966855297099962887912150414484844830877466570699729822706937758915581192345631316423162092029117294716623422312798067200,16
jabberlang,2012,12,0,0,0,0.,1167,0,1.000000000000,6
doctrine,2011,12,172572,72852,5335,29.,194189,39837,1.258091893857934944266183415681758465810318385543842827222413429910936508235360993745874924814366035029137491195694794882119698432000,5
werkzeug,2007,12,7417,1983,247,2,7783,4793,2.60301003356877902296589238188300229595043764559412985270125908784332880000,0
opensolaris,2007,12,1405561,541920,3263,129.,7726217,863641,1.1258479323283308406753071149270232827834216150348512483176666977993706945697214788779079724855796981265872817308253480786952085754150275663000,2
redcloth,2003,12,53,33,3,0.,945,20,1.021621621621184292258360000,0
linux-ntfs,2004,12,94045,65592,728,3.,73885,28408,1.624667414500616210806842019283159581296472845038372424864843926749877418954601344691191232552312419568273160545507552393461907200,2
worldforge,2007,12,263631,165286,3253,3.,1745610,98345,1.0597019908794695869241732300482927146153459091889940269888162964258120602537438741226660629077316452942707278908543288985182253868172845900000000,9
rockbox,2011,12,327606,267499,2370,20.5,974090,60107,1.065763805229837559462369887487061293002854965411642287683302443724165236728091252096818740003952069841236924748796238679861481968811158303390720,9
otrs,2003,12,32405,16556,743,1.5,41596,15849,1.61556686206882229900838874072101905699001826783264970867195816533642507377726286341748677452674690698200818281466226683957056000000,1
opencsw,2013,12,84800,15010,512,13,769747,69790,1.09970612481164735356039365764219488,8
meego,2005,12,66331,17455,522,1.,155998,48876,1.45626481958359490940802648911353664380942508216809656236206930677356739072679519238346221981062460080277624250449684878080406205235200000,2
dolphin-emu,2013,12,220664,211611,797,11,810498,2403,1.00297366027922436451051264499757120,5
ufraw,2008,12,6966,3020,238,2.,28881,3946,1.158251453782396820153881457118123273726611964359442181110519620042395052743697030679929877515931240153030388632560493944641674909143175168000,3
grub,2008,12,63880,32865,633,4.,98843,31015,1.457259538837286580383881911821675980604004647777392810357160431873282531320039206823811594659019005908553733102870977321952237753472312832000,5
asdf,2013,12,0,0,0,0,2036,0,1.000,12
bioperl,2012,12,46028,69983,468,4.,423314,-165,0.9996088620009517020005993763837257591391409311219200791221469702274156994352105175442978666532099567167711234911996808269095950000,13
kmess,2007,12,37362,26586,1114,2.,133192,10776,1.088027708794603993268649513812293127596473028129365549640395080471570424186511329725593378662926761917783589517438744379645002929082913750000,4
doctrine,2010,12,1483278,1242499,5821,12.,312330,77506,2.00858860575588160101461039067112545183383753403898492851168321778912107949551945893613201551358963107924917320279041985756463104000,4
phptal,2013,12,242,8,16,0,23593,124,1.00528356555500,9
aolserver,2004,12,125175,88068,649,4.,208479,37107,1.21652895455714629911828493527895514208419246959997666558262792679008229843044163683549885224221469588324190698800168012095492946357125120000,4
feedparser,2010,12,1692,231,80,1.,141926,1461,1.0104011675499441151228078376490363195341240418152001901582108062264741369026972251914522478525685016576000000,6
openembedded,2004,12,86012,82562,370,3.5,80484,3450,9.58208954844851123853586795385536031191015637333573710961988245577428741685071955046559549837929135498657536000,1
cpio,2004,12,12548,14646,48,1.,10556,-2098,0.7393788819825080385403226780261377360392590037632551915561219056000000000,10
pf,2002,12,12854,8762,265,8.5,40244,4092,1.11318875855773973944660286468032248617719082010048449204530789290580706672141589893126763644031134777876702512027891440397516139270106438451200,7
tcpdump,2011,12,4624,2269,108,2.,88082,2060,1.0239490327371058440706844374896372899849106083377966817165635240920484689349221753076805678848909208909898822932602830220572182420251002770300979133246080,12
buildroot,2011,12,26508,26386,1133,14.,53826,-68,0.998714823006144357020707481299507163039581751424713491477889797969460938738218086004467340863225476663061205727116416254796862979200764962406400,9
totem,2004,12,19180,13617,404,4.,37508,5563,1.1741430583971183224210999954405363054288680615356069003863989956780452804863634010005346729411545950061227667201972704671000000000,2
tt-rss,2007,12,24782,6547,1396,1.,35193,18217,2.07310320450007575943957488048920437775132252324861969246158610253025637530590778109572843197675133402264527724307442747483861639705600,2
ledger,2012,12,46224,27456,1210,2.,93712,5381,1.0621362586511117127758275411227654162661975565636240277013939162938151638655215431850363746608659747749180175547062479583299778216000,9
config,2012,12,100,56,25,1.,3035,44,1.0147107990633331901950323427444798482599876312473395717116859993818260936509975571436904235478984233252324525134345660611040000,20
rubinius,2013,12,32587,18958,468,11,1678554,15376,1.0092449515323503099121526834928313000,7
fractal,2002,12,17150,1145,58,1,43110,16005,1.5904814609418049997374688937263273535948361940640551927808,0
grails,2010,12,95659,2110486,1610,8.,2295387,-2008833,0.12401476169405307867593605061029982598465690121206200615167432535889313860009850175369159145232874703711710015011181296980943261784903886422016,5
keepass,2010,12,0,0,0,0.,2284,0,1.000000000000,4
tkabber,2007,12,21125,16925,320,1.,56072,4200,1.08098258875117005502938447335120925449264627428910810651807891798074380444805452646217541991739168840713478493312232434020744032846602974760000,5
ufraw,2012,12,2263,1299,73,1.,35993,964,1.02752005481207537726706185822617194952729685860853383444955312520741725773099375497002867351474405207573395798087737398603920354456275504844947302400000,7
pyopengl,2009,12,88561,58000,316,1.,313518,30456,1.10759480254794986652031448108983280178904971229802276930926678095937335498588584046354898714829335651534629852368261114031712505819469686092043550720,10
meld,2011,12,3241,2494,162,2.,24327,747,1.0318143100518633434042958297748689575676110070101036842231902002441755098349270539623654910378014024221333402121097733655266791014400000,9
eraser,2008,12,2096,403,45,1.,42188,1693,1.041807630572046549388126437153661556227963162833206612897764151787168985814371987383971177407748228400000000,1
WebGUI,2012,12,50243,117641,97,1.,809824,-20117,0.9751587999355721097327832096329743442256181178812867376623357686661418225600000000000,11
strace,2010,12,2879,1520,72,2.,67358,1359,1.02059122107438240099684259569941633161942061941524000998292170811764291205622354006743223703570110007327625065359818620599872000,11
spock,2013,12,45707,23274,145,2,77394,22367,1.4064731859391206424849158018691248,4
infrarecorder,2013,12,0,0,0,0,153554,0,1.000,7
gzip,1995,12,0,0,0,0.,5981,0,1.000000000000,2
xfree86,1994,12,127325,21935,368,1.,996903,105390,1.1182147652423026911585932441065410028315562946869970650026324849682918427464458692891220800,0
freecol,2009,12,46195,32052,1033,5.,112128,14143,1.14433841913671049600282007494719099481441572490379423707719595196707434739648860284542471592271586385978913878858474542532930621336313856,5
kdesvn,2011,12,0,0,0,0.,45118,0,1.000000000000,6
mariadb,2001,12,689478,132121,3174,12.,567947,303438,2.1471745763863592623466837791104652197793145507054601795804023903964558318370206341819103653128915401476404188573945388594337976496562380800000,1
telepathy,2012,12,155222,112153,2953,11.5,794260,30758,1.040524641130372526146974592870921529985453849502405091563008325351567308115817133731084129520875546170949321824228877523942009314085895102656000,7
smolt,2008,12,15684,135956,528,1.,14606,-58882,0.1987535380550487955142740837629574853901123943590687072196700160000000,1
tekir,2009,12,65662,22372,337,1.,120532,43290,1.5604463892592215910162458949881094243465871859940684783348474545774723614400000000,0
aionlightning,2010,12,29333,3100,73,5.5,1162573,26233,1.02308552017982648531878104,0
paludis,2012,12,0,0,0,0,190760,0,1.0,6
rxvt,1999,12,9600,7347,363,1.,21888,2253,1.11474407946252988824912115408879425010997153881707042718941531141685364828584596006594385819937777358361828015958878828703110348800,1
nginx,2013,12,2697,588,83,6,125332,2109,1.0171153112649488439343816282099350300,11
StatSVN,2006,12,98597,63605,216,1,45830,34992,4.74085952527547814966147916736140952719201669569122144924861624198400000,0
latex-beamer,2012,12,564,322,61,1.,11332,242,1.021821460775080487448219290317365941549329198455337847318964325427664961452600371204625920811263833897359441387343590536523837737331460290000,9
acpi,2002,12,51,45,15,0.5,7464,6,1.00080450522930,0
go,1975,12,0,0,0,0.,3,0,1.000000000000,3
gnutls,2001,12,34154,20339,485,1.,19326,13815,3.50680457228955096188482857036834114381743577724422640930295283348648238249012459380145972013897318184108083062039756800,1
freeorion,2013,12,10263,6993,206,5,267048,3270,1.012396788207896678598307445487518384,10
mailman,2011,12,16209,9843,221,1.,123894,2650,1.02203595602391829762004080772463842552592090519439318391400209032372341455133520429473978816636543750000000000,14
conky,2007,12,26888,23532,220,2.,21339,3356,1.18662069731494218674755820204690447672402079067156774426310483833756351832445687676934168927239910778163590040235809605156890566608528000000,2
osCommerce,2009,12,96420,83718,396,1.,211938,6225,1.03026060579672619898377228193113572215632998776655312736937284120435600620241728144384000000,4
maven-android-plugin,2012,12,36332,20318,365,5.5,14510,7419,2.046255817318554158028544724926592044776090225342806775809479047860565600957607479050392900862903644128826482716400000000,4
topcased,2007,12,1130052,322834,1612,8.,2336599,807218,1.527807001629262242796455203170928371170630992120087703504722630465973399359223169704435694880036907941639803503994748444883790460839526400,3
Python-Ogre,2008,12,236210,186074,408,2.,411370,50136,1.169417871078545614663131288743093729968442486060776627194796891240057853654656333726848949137387859450461074686782308590972404962583117824,2
buildroot,2013,12,2892,1548,478,26,57821,1349,1.023887944465946181944880,11
db4o,2005,12,376417,223130,1437,5,256914,153287,2.479218736313344351654228937221322954457487703514844209833524051152777384630315987483467396798591073583996394198695680,0
sawfish,2006,12,1252,583,8,0.,70788,669,1.0095409232875211749690295647994468855520000000000,9
commons-logging,2010,12,5064,5598,30,0.,20084,-534,0.9734116709805006782093682038154016000000000,8
prebuild,2006,12,2417,959,92,1.5,9704,1458,1.17681300024466875628283296553347277016829356098787545795444968510278863822576633828498129640156105731334600000,0
virtaal,2009,12,13831,5979,1194,3.,14046,7852,2.26767839841685415291070222477621941731997046736620298575481627418723323732560981084574292958249901020198380250196046534371877821355520,1
closure-library,2009,12,48026,38880,3,1,1417106,9146,1.006495923180,0
DAV,2010,12,547259,483791,289,1.,482545,63468,1.15144710876591363569513176547927624673509870644357369070438372638314697135797437695924714870026900235145066387666567405013143588122030080,4
warzone2100,2013,12,42150,161991,558,9,806046,-48009,0.9435010097313915405309517178997564,8
j-wings,2005,12,161144,24282,726,4.,216971,136862,2.708447240978348411016164044479200211361710046546454567659542812514532615926640729956935019541189405726829317069889455867555847279308800,5
dtach,2010,12,0,0,0,0.,6007,0,1.000000000000,9
pygments,2012,12,60914,13183,555,9.,70211,13204,1.231620678161885301446797704758927873132646560783459802665443769486769359524770359701799971649251396983240566180733534709988966400,6
awn,2013,12,0,0,0,0,79721,0,1.000,6
node_js,2011,12,124836,90309,2497,21.5,109921,15369,1.202693078587993692077854901582335594275974178996494560223159557458649386622052285380708530262781723668526657873857463883759072000,2
openldap,2009,12,55258,38459,937,5.5,566957,16799,1.0305348645243003067211441968789562442483265386554296447715425377177901412214466479110612705685825894996559796900196483282368794999291576091257440000,11
nmap,2010,12,10985636,9922595,3618,10.,8171768,1063041,1.1639604721387649390406509785524065827229166447726842238416690374043869653978442014247819884567235104430650367782254599177420800,5
autohotkey,2006,12,27806,10578,120,1.,56454,17228,1.439198490792262646603560583753338687521079522169544221148749460175172569729574716180940828097728017542569595603428032822304355355187050819403424,3
udev,2004,12,31352,27063,755,6.5,34851,4289,1.16033644861085697372524053724334030193591642972113497351045257231600520834213790319912388941839785750452948002948301771420026713267712000,1
mantis,2003,12,23659,16468,993,3.,44041,7191,1.2011806177184474035753346807707637117518264066000743284664352033875225739594309766927123658883661814726622431197483925710225030400,2
kss,2008,12,8639,3446,75,2.,35319,5193,1.1726798124495845419346507068241910184293673013337945227519591943094169649241218683311602724991280000,3
bash-completion,2013,12,1,0,1,1,9737,1,1.0001027115859,7
cherrypy,2009,12,8236,5123,276,3.,16297,2621,1.1916496051489745032998613909486786685174054288974306796693230339394084549991185225035548148737146002502711852012390400,5
xvidcap,2005,12,62109,16595,27,0.,206182,45514,1.28394075887835125722040000000000,2
krusader,2002,12,16124,28557,67,1.,60994,-12433,0.79615359389861438592179370121358356970845601591273061316443745546215000,0
expat,2004,12,1362,484,73,1.,21963,878,1.041640976997474933338871175735488611657909458075060176425635999565589541188740202944114912102864817332606755242499618200096000,7
synfig,2005,12,3585779,2407609,317,1,4670953,1178170,1.33731554466070871874511373121051666866135757280974252871956810000000,0
curl,2007,12,25424,12282,1328,6.,105054,13142,1.14298459397392111677667775598751827733347955859815672464214813692702538894744831659253055676814034104609131500555635990367940272793600000,7
subversion,2005,12,155566,171226,3164,24.5,287688,-15660,0.94490571341258247053168312485085042716500849183104122297337216550388508247044985714747972612257597911671935567384710427864407509504000,5
aforge,2010,12,11566,3176,196,1.,126262,8390,1.071178905935231353354179534121634821628784216849558587713337225878503115187416362195114532766562637607831436341662426498597949020681774007761305600,4
SubtextProject,2009,12,525891,636005,675,1.,398825,-110114,0.7224893647187199858256137916559014409399262391148126202459662656692904666896269375447554655661485928454636448294575901626182944028547200000,4
django-simple-captcha,2010,12,157,34,11,1.,508,123,1.3194805194309112627054557148752254424953800988232990600000000,2
scikit-learn,2012,12,832391,570774,3922,23.5,270432,120899,1.808510496071366466987615152855854776805946388448886792304333627905702818751366452506100675149660694700436705165511501028026742338560,2
sox,2009,12,17657,7153,378,2.,51515,10504,1.256126405149978214102251334069425358120483083747402247536668074075309418502776404734022159696537885822833896139776000,10
css,2010,12,0,0,0,0.,13,0,1.000000000000,1
tweetsharp,2011,12,92674,60538,30,0,156798,32056,1.28237449680983177849336104372598880000,0
k3b,2006,12,24795,26722,706,2.5,126064,-1927,0.9842980998013781682973876429897874014421474475983290110162103229244314382907310680427845265811903039079702192061517597708519169466083008000,5
kdiff3,2005,12,885,788,6,0.,47007,97,1.00206778938400000000000,3
swi-prolog,2003,12,146160,84003,1637,1.,700732,62157,1.09733703949756373833749993595382864556872860089124627095696941134205856585144461301087023906397881235355310670533295505541197322658693579635568000,11
patchutils,2008,12,327,277,17,0.,13979,172,1.012524575842585163645916137371315584000000000,4
glib,2003,12,28122,18444,277,8.,101066,9678,1.1059001181819612749925599876335339593316511081124053310383817976746871682789741708773003258137030204514123344962757523713141025442499720714240000,5
xinetd,2009,12,0,0,0,0.,31536,0,1.000000000000,6
winscp,2010,12,38421,33007,24,0.5,384677,5414,1.01427505451576725119712927438796341630881481677320671085698138907647058352000000000,7
xetex,2007,12,611027,525593,203,2.,1356306,85434,1.095028769755173849987447891711002759811534135804832905770426582664988100155731765703583170048044233874015201124527947520916693996113600,2
kmess,2009,12,308599,283140,2314,5.5,144809,25459,1.23134870873090329548296182429595488487953080427140956003422171335862018420063294954809769568330720047466454629274284497247163475507200,6
soapui,2013,12,0,0,0,0,281775,0,1.000,5
cygwin,2003,12,63661,30269,1216,6.,1443309,33392,1.023683663648389105286630265061740261128631234995698016281894437858009988695024342248077534608482928040414812525441851851779993921841950570551046942720,3
textpattern,2013,12,5814,11071,546,4,71931,-5257,0.9318935585847558067199080852537600,9
stumpwm,2008,12,16699,10521,398,5.,13526,5282,1.640708393927619370601234348716924788644700200907408899277668539689402241410683028882504634547622640605079389600000,5
rack,2009,12,28268,16308,988,6.5,32372,5520,1.2056938440854504983935935815994355194103275223662315865600000000,2
rakudo,2012,12,45482,33093,1759,8.5,22827,6675,1.4132615155811272523076240914865708527347079478038492899687180957313041785484533127134591046528804883568065068764807819475833600000000,6
firebird,2009,12,414680,420400,18789,13.,3727853,-5720,0.9984388859307968730395036512981722273388352360278010958445377617440821333893606815054553389893873357253479650046693281992959849104249997754368000,9
perian,2013,12,35,29,4,1,33693,6,1.0001781102502166349077779520,7
jinja,2010,12,4354,2885,153,1.,10956,1453,1.1528990844990082005086757396674337637452795333758414485850359209527986671641631324516462283773290922371082194238733516800,3
owa,2013,12,130,83,8,0,66665,47,1.000705515026000,7
nfs,2002,12,640,277,35,1.,4876628,363,1.000074442221660039174690013065028717606889462893097076652197919875942449200132228332322976255132401852103637093446640000000,4
yui,2011,12,1789048,2551886,5509,13.,974729,-313522,0.5415875893155171344331141970566300999872063441841157829674528748428658045160987927726781460330168698782116798564404205789388644736000,4
kde-playground,2010,12,1570076,1902132,11470,59.5,3185018,-332056,0.8921810689003144124435135405565839552429917189159095310482715243775161281390186931591101297368574693695264564838701290434929867448000000,5
plan9port,2012,12,4125,3240,57,2.5,813760,885,1.00108872827924751972860291304845225403243357855882357032939652454899581512009397548104161241960007552358400,9
acceleo-eclipse,2010,12,344251,54182,1054,2.,387292,290069,3.9835429893112448467193976199704187195700116263088321373062900623677182363396854581000460640780844253792359080295526079852239802970400,1
sqlalchemy-migrate,2008,12,2296,1196,104,1.,8044,1100,1.158410138272319839449760743098376300587809342465354853743567290269189554845792000000,0
feedparser,2004,12,3358,1866,80,1.,126041,1492,1.01197922103111146617889160000,0
quattor,2008,12,195214,88342,1193,4,71057,67771,21.6241631120249559307313425413064375535494139244099163459167315513425031860761501994956800,0
geoserver,2007,12,0,0,0,0.,114668,0,1.000000000000,5
cygwin,2000,12,39843,13639,725,3.,133339,26204,1.24458860318841687821975941658181385395916616227207991517351181213934076640904284365124498229192106264578867655172500,0
south,2010,12,3362,2450,243,2.,5870,390,1.071167883183107456401727603600068025250767189170820087110911965799473493176244291702449387886778319343582595711205919568040411880213319680,2
openportal,2008,12,398802,302288,1422,8.,1325416,96514,1.0785367751011715032616898968388356883262071223975855272041140564172582504577102525250976193199562237502821337611518537296124215517685040845477990400,2
guile,1996,12,26013,17070,537,4,47692,8943,1.23079305272552237603591501362577544958896964699707897960,0
cappuccino,2010,12,646662,395785,5204,14.5,233462,89204,1.618364319544093877728204637794017735449928791900594853163657687272955828889715345169209204725254026286276736825991904618569024539664000,2
gd-star-rating,2009,12,62451,46361,1247,1.,32297,16090,2.1488754018049525188621594543788391682994011093240583218668999500393310797996824626019497109987214189748148057311629941866121789440,1
mylyn-mantis,2013,12,45,17,1,0,89206,28,1.000313978784000,6
freepascal,2006,12,58323,47467,1240,8.,178175,10856,1.06531417707991072834028813956746348463807132953559037338934750117678879054643130682621919674294189002997956194927744124279751925087120000000,1
heidisql,2007,12,16109,9384,339,3.,22612,6725,1.423302070922725143063907444604826474345673110597373792706381496666,0
cel,2002,12,14976,10645,124,2.,21487,4331,1.25370511394052271118056177611252931755775005237670636026770103929895337565520412172748340486126759906879268202865247345235456000000,1
smultron,2012,12,0,0,0,0.,124715,0,1.000000000000,3
pmd,2009,12,22490,14345,230,2.5,179759,8145,1.04746116284618094928845705977890980143095219892239219252833144896302249151560348422281977268966826323889453290951134725066583818483417600,7
tiopf,2013,12,679879,36790,108,2,1099881,643089,2.4088493284953086135523966053423400,7
madwifi,2012,12,10,6,2,0.,114383,4,1.0000349714545500000000000,9
rubygems,2003,12,22,10,3,1,1162,12,1.01043478261,0
request-tracker,1999,12,23688,15675,651,1.,24498,8013,1.49971936392742768480787865629964267086323051500068421247723452546162312606920392544355149894359902677748472994528624732160000,1
unrealircd,2008,12,832,277,86,1.,37438,0,1.000000000000,8
weberp,2005,12,163278,116716,733,1.,163834,46562,1.3970427723612538711373370525826057599954098975832979620473574692986480983594426702206774201220578279033231541958733625327034123833168000,1
hurd,2005,12,69469,10596,420,2.5,723053,56589,1.0849093124269831994035429396354165600132469908882191915517801355062488535714413917114115199286499448744790880000000,14
aur,2007,12,16328,3151,170,1.,11991,6833,2.3247382702583291593537620942878913749681432706979529406438705490580277991494018268762640000000,3
libgcrypt,2004,12,15882,8458,154,3.,108360,7424,1.073551557423196257370473357749280160231870491467854939649760678525088406523864053146347743403855582000000,7
Syllable,2006,12,336011,99261,466,3.,2584084,236750,1.1008591022891531938123046559490232948995643181812818767303796070606332567484068912123814087443228522688539673662043800760918712846804182603136000,4
blender,2013,12,61313,43212,1660,33,1148115,18101,1.016018385612664461642101648544879708,11
pysqlite,2013,12,0,0,0,0,7600,0,1.000,9
neverball,2008,12,11363,8975,260,2.,38108,2388,1.06685330347357131228225009096352222820729873770893228983380088004587629192966754420789922875952882211485459120067410075900171227067332702874720000,5
eclipse-jdt,2008,12,359344,270232,3278,13.,1850983,89112,1.0505780502659906915653353772722771928443185680079713179898242648823241326650337607302964657511416447756977221258892993312653446904030617045379072,7
libtool,2013,12,201,118,23,0,28211,83,1.00295079635900,16
expat,2012,12,438,3135,17,0.,25407,-2697,0.893848152126805336542560000000000,15
DAV,2012,12,19626,16280,14,1.,524473,3346,1.006420699752067825052187846584477030240778115726088913200621410794972073031372124135467165798400000,6
gdb,2005,12,610415,247632,2523,30.,1799088,362783,1.2525807540614743393259371534094364316000375042585689057528817273742607191176633586017914875681392244555457482108098565922521868352295362560000,6
castleproject,2005,12,2059588,1392053,5658,5.,924179,667535,3.60101541464665077188375772776523755465968593583232152253241189391621394210712689779488439468315961002299478057143187359744000,1
k3b,2007,12,25324,25335,609,2.,124565,-11,0.999908938138758374555982214959811243946461662809420826482809219770581251718697193977914779009980658226184861032394240000,6
struts2,2007,12,404415,371295,1025,6.,201317,33120,1.198556389526997842097268477667592984701138181757114900496290459729970943583347860424880252889539453638266787400866995581355144599765399680,1
egit,2009,12,1299,242,50,6,18376,644,1.036318520184493170491400800760071130,0
commons-codec,2007,12,387,101,30,0.,8299,286,1.03569200049588817811801663702263954789217895781200000000,4
dotproject,2012,12,0,0,0,0.,443356,0,1.000000000000,11
buildroot,2003,12,7655,3839,371,1.,5297,3816,3.5766374074942445548749981050703184662985654213185166613042395420856633372376020888649850781601713281015354115666505897600000,1
gzip,2008,12,0,0,0,0.,7977,0,1.000000000000,15
coin3d,2000,12,1019846,455489,5934,3.,859365,564357,3.0285142264973268150182406626179268283919167582003479277737234305904496331437544610881509574720083048924489722424097034147218464000,1
reviewboard,2008,12,24135,18117,527,2.,25585,6018,1.3106705900107205758238996180496357939601702942579096531801228082764066324649710722893487969375828063314737933267898529367334576210400000,2
bluecove,2006,12,885,39,6,0.5,3681,846,1.298412698444876318158700,0
fvwm,2012,12,0,0,0,0.,251692,0,1.000000000000,14
kalzium,2013,12,100,161,15,0,49222,-27,0.999451765518100,11
YoctoProject,2011,12,81021,89173,2273,19.,161390,-8182,0.94687185478094803771294068961351189708926909781525491246396534328996603424946770355165155614910612647001911120314717504927607622400000,6
opencms,2008,12,232406,92854,1382,5.5,955438,139552,1.171043503637422724950890255610984239890021664409821858910477246566849746582043453465688634927855278160029226437251346481571266674994911872000000,8
scrapy,2013,12,1912,2230,83,6,18431,-532,0.9702261025211038121845620977222476,5
stumpwm,2007,12,12262,7456,438,1.,8244,2740,1.497819767428626400097642685119474563454986393967158557093349800954761552356799740851047949934628446309763038000000000,4
dragonflybsd,2006,12,2640935,877326,1587,9.,5975973,536198,1.09924024112590485098273616760892552740836654569315229232889545470462971214515605486531170381379349038479040134908440828500106865659924021248,3
mc,2011,12,224350,194884,1640,5.,212670,12640,1.06319052142449097421238506821932893697584961728163132499235097939210521577326996949594013265365290123412660552259480151871619259538627018082918400,14
newsbeuter,2013,12,262,97,35,3,20321,81,1.00400197628426655265386363302410392352,7
go,2005,12,0,0,0,0.,7,0,1.000000000000,33
mapbender,2012,12,195549,194993,1350,6.5,1198436,-25507,0.9784940887577681815517822782221904611695810030355262873182779328770225169023876937914097692211981994399751153889177605971572434532719215940200499200,7
octave,2003,12,64762,49130,1090,6.,298158,15632,1.0553294210096691499480998042803693960655637571231219390130131759350682517891323729636916075873830239369226957405632965989784270367396081152000,10
libcurl,2000,12,16704,11410,445,1.,23336,5294,1.293426449398882682865897924814421392047653483421754809381783459200411582494481873539572944129829432568840743711830762083957800960000,0
windowmaker,2005,12,1246,1040,35,1.,111009,206,1.001859155437523350594225983861023582587867452931626700340592335160884537412399332623715675976000000,7
request-tracker,2008,12,819728,565806,4862,7.,369235,185635,2.05206633113009811133429845724147021618050478479338804312533790608167494892918581193506303317131963972380895265915902209667564126417715200,10
rsnapshot,2004,12,3890,2708,274,1.,5783,1182,1.2569006737129471344025768119116477146102061130116055898144131442862010063962857305227838290087690863649613875395104000000,1
buildbot,2013,12,46599,14275,209,13,84998,1377,1.016467155379930330197167778666311226,8
cglib,2010,12,0,0,0,0.,13957,0,1.000000000000,8
zope,2011,12,24487,19547,779,8.,371536,4418,1.012122342919875293054856871024632850657207055283720171179695980225521616552824586573640131465212150446015745267436672808411949943622663736401920000,15
desmume,2013,12,63461,57767,160,4,588734,5694,1.00978814695623965236630805386489304,7
dotnetopenid,2007,12,7536,3056,55,0.,10328,4480,1.7660738713708718613682279137329001187785112442000000,0
axdt,2010,12,76509,75700,52,1,225103,809,1.003606873120394134528182485784102307097760248100,0
bluefish,2004,12,128507,47851,1151,4.,230608,80656,1.5378787878465934937890534187424848678623428343714387756356845667641632732503429381493839060525762426112354425786677415617850000,2
jgroups,2004,12,50380,51500,1060,2.,130941,-560,0.995645175082439714827168788186647134375051280076373982524301603925880867458337783092135654587245492617462167778863531088757905102963704505638400,1
propel,2007,12,125877,111421,2974,4.,238901,14456,1.0644077613702720979607268665481570461973502439298707659356692278476578677762727231229069930295427071620227565986428804538390990760160944629760000,2
gnupg,2000,12,16892,32244,73,1.,67883,-15352,0.744312314681452717340282519033119191035770246312928544440521215403058721112712554186144948077908311876979367713280000,3
emacs,1989,12,13282,4,21,1.,18717,13278,3.44125758379949233018449424246971855605364637785651390877244500487660054459223824144260722174709032947255040000,4
pcre,2010,12,14325,11511,150,1.,43218,2814,1.06964656964239716942135410215907654310484713541957892545808991164160000000,3
metro,2006,12,182365,81750,1308,18.,100820,100615,491.8048781013966895191181633840690799866385039968189762483660886607809219460283189680,0
wxglade,2013,12,2819,1486,49,1,43905,1333,1.03131166024845641852466869978712156,11
apache-ode,2007,12,13088,9476,152,3,73531,3612,1.05165977774401988395856673310572503531421003806436561464400,0
sakai,2010,12,419648,454264,4446,23.,1369090,-34616,0.974221453033352183172703731105410261383456549600101586325080303359785137098008754533356255971340764574799592132663377596809331151323015364935680,4
R-project_,2002,12,253613,145357,2223,10.,460028,108256,1.307744789183209727320694291680497494003983678888880839246945168513274296345277029216988214145346671359931591531275298381785887815764480000,5
xdebug,2013,12,127,88,10,1,20902,13,1.000622337115200,11
quantaplus,2007,12,2702,2440,131,4.,138712,262,1.00189250294391345996943955027217296063742442548002247293629270837507353486210431321006011294505380736401297738676031211983424427565993444780343296000,7
cherrypy,2010,12,1820,1365,94,1.5,16622,325,1.019942320673780999748919635826256667966856500400382368394957690045451826884122083222759318797302897493157587147337396410605076480000000,6
fcitx,2011,12,98810,79264,963,2.,53109,19432,1.577011016434212423491074041526850850581021866490603569666318002418178592219570130776451675978053419372974080000,7
docbkx-tools,2010,12,6695,2793,36,0.5,8652,3902,1.82147368418076099315393588402998040789272141211201996999087084000000000,3
sqlobject,2010,12,701,437,65,1.,15811,264,1.016980767994424926963767842054632858629538608909807869950500841749663168374088719813613327020490853639192593890061566381568000,5
cppunit,2001,12,46410,31114,480,2.,24230,15296,3.001570268828610436184017166388450348646815870331742107596857562057433758000000,1
textmate_bundles,2005,12,201853,96336,2448,14.5,105728,105517,501.0805686388936193808259226215884146816282807263685267264022372318933578759639569271634633855685158299860288820237316600000,1
suricata-engine,2009,12,103058,35741,728,2.,96953,66727,3.20760272599009863727571972582351855685763309816235096750704598380470001516065288218743679324274749917440000,1
filebot,2011,12,23280,16329,510,1.,28244,6951,1.3264453106702130809864788109435169518721361047612483722311772752273996895821593600000,3
inspircd,2010,12,6406,7957,425,1.5,59132,-1551,0.973727004774962165883294812361202017965998881741775393216343292077350218710292427040393758207688074539215041020638307422643426774194481600000,7
gnucash,2011,12,184745,182871,1431,5.5,1102966,1874,1.00171281549619724144049315852505906575617537682865046643778023679619077564005752829459827512824829110370901194209424508783045652081358427904000000000,14
mpd,2008,12,44801,44242,1611,2.5,29418,-488,0.98256520182261045888831980666707543162770085340632536999383830140339540936170517908469832747359108003351552000000000,4
atomikframework,2012,12,0,0,0,0.,22744,0,1.000000000000,5
nix,2006,12,14263,8885,576,1.,25493,5378,1.2673626646935404670269320346605891748193173305891154434937324486432018087761021072347750019536793016601310059842516259258975721257483360,3
sawfish,2013,12,1,1,1,0,73727,0,1.000,16
seashore,2009,12,5969,5816,20,0.,31015,153,1.00526098617599642373231567317180628357987904000000000,3
dblinq,2012,12,0,0,0,0.,151762,0,1.000000000000,5
Slick,2006,12,6295,594,85,1,18734,5701,1.4374280672,0
kdiff3,2006,12,74443,27165,30,0.,94285,47278,2.005765098900194462002226918429778000000000,4
rsyslog,2013,12,3925,1738,214,4,85480,1555,1.018528448018866048663342420529166240,9
nedit,2005,12,1152,605,84,2.,111935,547,1.0049108064672056721263234071908361000896480703714982240433892604162112545951436873331186675654687941980314470994784113254659186918400000,5
glibc,2000,12,294969,143785,3761,4.5,637002,143313,1.2902900409165804869846230088286061054522709832099064601950938501878654116065836485091463262899938003607939434761699529724519563329152000,11
boto,2013,12,19561,7194,163,1,45735,6348,1.1611699291633218833520,7
rspec,2012,12,8,20,9,1,66,-12,0.81818181820000000000,3
clisp,2007,12,533506,575938,1609,2.,1645045,-42432,0.9740776716834043046037611544594218551580272676518414703509197951130221590998947621873353085242151850549465675732110428382787457905838607661792911320678400,9
geexbox,2003,12,1722,638,232,2.,4138,1084,1.3549443352607320666565637885944531098110192,0
gnutls,2006,12,21481,7694,304,2.,79868,13787,1.2086378838314386958523607606187335791407610319983413930556976285116649522261958315831897923792134682623032716773109405155407605376994540070579200,6
pywikipediabot,2011,12,16665,17225,680,5.,93895,-560,0.993927301120040579114549107186831963177963372872387376978421899443806941572312770628048771988570022345872894988008335524681846756631976075590750,8
compiz,2012,12,800994,351761,7031,11.,292050,137624,1.891197078226063855081580317109758263293857475700781948251980027378942561193660196087050725769592737712166022651335299645735564317075000,6
xine,2005,12,348878,213791,2155,9.,1599420,133883,1.09135422716060960069500930186919302955089088736952689629408554996115826804489003057301606839050844682522818788847358251276073366432891545600,4
nuxeo,2009,12,3189591,2473736,9282,26.,910191,425832,1.8791660731701961394357466641266907504823829511617919693080842197028247150705567876142535732997816478027643990303798600415186806374400,4
kino,2012,12,0,0,0,0.,97307,0,1.000000000000,11
bugzilla,2011,12,5213,3521,359,9.,67729,1692,1.025621999788301461908402361485691339840837396173373838939808934142394420117273692708954787874343000974420970617031284449888149857405226382415872000,13
lyx,2010,12,97395,84210,2737,11.5,458474,13185,1.029609983627674314614355442504448519029801416858675762389397937505349571376484613793801060924910922296021669676820317340185343289672092624486400,11
scribus,2012,12,652505,409782,688,3.,2706706,242723,1.0985083906894509404228944762110431157068098543366586152968207815773852383123135533120286727143358422809919291474455542961455206663622837311129600,9
octave,1993,12,26699,9807,193,1.,58229,16892,1.40864116892183702604431287577397418991970420,0
rake,2012,12,3764,1902,180,1.,9097,962,1.11825445605447043075830669173231516000000000,9
request-tracker,2006,12,85410,33191,2019,4.,136332,27606,1.253904309919707014022979939157435539755649206595413397829766760888504338605677884269783645883057042160988255760942232682004480000,8
calibre,2009,12,392196,237182,3705,3.,187722,52375,1.3869683110851225616467724975520550512874908620993038738354795163113917322650248309416986715297448539705786219174169141650574803360000,3
kate,2011,12,59066,27453,841,10.,300176,24209,1.0884757494809306450106517157842010476171444923561765275431362246258612776487460046696213497998096601421449748047120889578495678882231824199680,6
j-wings,2013,12,205,31,4,0,691073,174,1.000251845783500,13
p4155,2008,12,94451,32527,67,0.,293768,61924,1.26709339040326087986075538308921015000000000,2
ispcp,2006,12,41360,10030,82,2.5,312926,31330,1.11125868266478598775068,0
red5,2013,12,43,44,4,1,590608,-1,0.999998306832439,7
flashrom,2005,12,922,461,8,0.,2343,461,1.24495217855827415048685644466801426739711679600000000,2
psi,2013,12,2728,1678,28,3,565352,1046,1.001853623958791058570150880,6
Gentoo-Sunrise,2011,12,81672,83225,1063,19.5,30769,-1553,0.9481295925283170114216318203918997480108421274024922735230079123647103121523220929941225692537138022144197093424034451887498993748720000000,5
jaxen,2004,12,951,336,36,1.,27214,615,1.0231211699723904601356191094980057560875586927985996793128597323996806680148491639092654297748432640000000,3
scilab,2006,12,2487888,2542348,4120,9.5,1538143,-54460,0.9636753889347724874071483179469826125913466165169843668198589280973945991712436513703230974576350082404039960332329663792164408551457996800,5
firebug,2009,12,53807,31690,2228,5.5,51274,14478,1.39346668118066884277645279382553078324239828706655008882055146100323528653967862183040000000,2
fengoffice,2008,12,343041,198199,2282,3.5,229032,144842,2.720418101858320373442907569855916938684016692495532484912445356038560628767426040958272468400772329049186269759583019974792314880,1
sauerbraten,2011,12,15603,9344,454,1.,245319,6259,1.026181711701436620780644269999776052350180270473796526739983722134058357170780144076195014460580247163458206063589334880047455430120170282545227009984000,7
brlcad,2010,12,239487,225260,3706,8.,1109074,14227,1.013185588991760080152000059080734004010218621182438628956247162644924369315867735061045383012484256713015019981821766462080812568050168315628328960,26
mysql,2013,12,59,60,9,1,1423109,0,1.000,13
findutils,2003,12,338,39305,17,0.,54978,-38967,0.291225581187636137581000000000000,7
dbunit,2009,12,57070,52326,252,2.,48635,4744,1.108085940175018834450810211518020088781859877911876157728719185338542856830860185110367894961571475509987523950848596997324541793773120956608000,7
cyrus-imap,2006,12,83556,33149,258,1.,838021,50407,1.0640439402410324808272195187730169155271140760842906973514550342463085261938064804533696202669489824866539960000000000,13
vlc,2010,12,130842,160940,5450,27.5,565382,-30125,0.947980521846586045263645026044595664739030171123872606754522557744463290329820365953018194702650719413021040196273236750019363492941344000000,11
htmlpurifier,2013,12,28,18,5,0,35137,10,1.000284681299300,7
tesseract-ocr,2012,12,54206,50500,218,2.,140645,3706,1.028425259054853008117253635398836169120428920690587376276362997890907480370503970939853605811625594990591266192720213241195577600,5
jmol,2008,12,100394,37063,954,3.5,330326,63331,1.237199198492375178197178882610765794795891499316166679517260380199864187221363061111771050882866837524523966970066256511740876333811321120768,9
bitcoin,2009,12,29240,21716,224,1.,58028,3762,1.070483756132010986616539248459304439740832216,0
template-toolkit,2012,12,596,171,37,1.,32930,326,1.009998773156219310382230990704539746168801034645800000000,12
MaarchEntreprise,2013,12,22711,10646,449,3,181873,12065,1.0710508338862281934579538272234235,4
epiphany,2009,12,17102,23595,618,6.,72556,-6493,0.910572129020103105066352655536723526173210036257774560750847368960150907636460604639947910679901577367603748211616158678199196396758498393600,6
shindig,2009,12,121902,64663,1461,9.,153732,57239,1.593193288623005830940923107438705171062165791974122252876625875374912173747118969124719365627448276300589419660384665698574015203508019200,1
ffdshow,2003,12,195199,63591,415,1.,211687,131608,2.6434770664229555842866497870965144373255006699222935771230056148747251725339097749194296433174588466694160000000,1
dblinq,2008,12,204926,148093,1095,4.,75767,56833,4.001637266170056013886080210986634940218323223645602667799102488826100710316515515286193049419430151034661298634238161531350400000,1
gnokii,1999,12,33997,10540,215,2,27779,23457,6.427348449553692914917493809090130048035045479758708274927573816956849784512491200,0
xvid,2003,12,22137,9567,108,2.,46372,12570,1.373129897908719060235085274274893980382417553360035361236095517594379224986007733470000000,1
filehelpers,2012,12,70710,53480,110,0.,125285,15985,1.14624885635535097333882771879341673316751501964800000000,6
paste,2012,12,33,17,4,0.,48176,15,1.0003114553269651653458761732245208129920000000000,7
yasm,2010,12,4273,6749,114,1.,153937,-2476,0.98417011373825057837595806915731063976086123617661155878590207251023880680185844917847154730194896848512000000000,9
openscada,2011,12,27660,19023,389,2.,121807,8637,1.0763188124057975515520299569291506941749451937041379441331324208060156869071771554868777950522867886280478495641035596191324375074075096236032,8
nasm,2003,12,1539,596,50,1.,30764,943,1.031622011337518554602132731515479100910806040597882524907273491970538299462008901836800000000,1
xerces-c,2009,12,9360,5067,182,1.5,287568,4293,1.0152116448999626201630781536221805892788193615098192955202766376860657695919854854077224189458474180455856366744630826990991832576000,10
fusion,2006,12,19202,9033,502,1.5,10530,10169,29.168975071584990125131475323205632635814775973272260760505754651483896703292467200,0
tortoisesvn,2009,12,54104,33972,1561,4.,240499,20132,1.09135669133918485208647873611835533768209685283787971714483193096461311027077771228943488931690010271614568794778760433961334267829178880000,6
melody,2008,12,319679,284061,1752,7.,245995,35618,1.169305579994975088453055198288216312831951369819646454094345793208476886508224097407600463596791694933465606818907081599375497627838800666176,0
tabmixplus,2013,12,21847,18380,340,1,21425,1411,1.07050064954278731710680,2
kerberos,2007,12,127198,78094,674,5.,400318,49104,1.1398121942816565203658374034667997307794457257825087684267316390616948791732764606356950503245377659651604421354518936880889590494932324664000,20
zimbra,2010,12,0,0,0,0.,1741452,0,1.000000000000,4
aria2,2013,12,4392,1524,111,2,117816,2846,1.02475428372866196580584711455427570,7
quantaplus,2012,12,1,40783,15,0.,172508,-40782,0.7635935724376882497500000000000,12
fluidsynth,2003,12,3264,1460,82,1,52252,1804,1.03584913159403219007514093072910567160346045428189082770892733218728580608000,0
elinks,2007,12,15606,11819,765,3.5,115301,2215,1.0195868630960740881828932642763734110246957139748393351849432461675909968013328384000000000,2
perian,2007,12,27123,13698,493,3.5,30092,13425,2.01735374340399012886782777296339589310512373337111113742934208570278113238448239198346661508020822458419597566212856064000,1
lemonldap-ng,2010,12,89423,61138,1393,2.5,58993,28285,1.921095479972541264635461380529384834783042556806867595443258474968699784505822431029212285798572927068160402170303412459213440000,3
zeromq,2009,12,23920,16113,416,3,12235,4519,1.585666148293097353407839854402646818278682048504678800,0
mplayerosx,2004,12,346,56,6,0.,4042,290,1.077498663812221931345670000000000,1
libgdiplus,2010,12,438,99,18,1.,173286,339,1.001960138077012376498622868441907856701370414380839957776276590442258324503890962393926230749282734327545675680000,6
etoile,2005,12,74681,12742,613,2.,65850,61939,16.8371260610970060566992143032276752223648812830046261428462146899332180794507437123054075467898463539743936304753202896751500800,1
bioperl,2011,12,109519,76662,477,7.,425132,1241,1.00295051176332484932280308104026864411362098580569153871380433262160838542788866645764176051919726297384971918787921112754003418425073488281600000000,12
exaile,2011,12,6594,2097,207,3.,51328,3000,1.0620925178522451793871262243509246859164891350213821465202155325365681901505385492700664075483342498020363242839228621163472139241980976084370463744000,5
apache,2000,12,256398,129255,6404,14.,400926,127143,1.4643933334011384942444552081409623944179723712925190577782153595879916312655156462140997961498956948751782969610006441691074531797536000,4
citadel,2013,12,4136,3412,105,2,208519,694,1.0033393480095409446361990080764098816,15
looks,2008,12,177,88,21,1.,18490,89,1.00483748233520893137697544643986208822142220639054653940478888960000000,5
tellico,2004,12,54706,41062,90,1.,118257,13644,1.1365164492151165547650209023499325433862235075236290849011700292009317793644571222818863680000,3
dolibarr,2006,12,256341,134128,6093,3.,291447,122213,1.7221539406716068237219643435016045563821487693378590864508188016172229062000865207580774647221089449862889033186207113192617035776000,4
kalzium,2003,12,3563,2313,135,4.,4805,1260,1.3619649525440547633011972839355814477707787829495920874986925251900431340575681911864802611667554910693960197405630548418560000,1
phpundercontrol,2011,12,1196,1294,16,0.,137982,-98,0.999289762432800000000000,4
netcat,2013,12,0,0,0,0,14433,0,1.000,11
tracks,2008,12,1188861,869311,668,3.,260517,110265,1.73386710332247284792395199586797458678384833117064689703853630822484582163791144641728104684952481032019696524965927304705875763200,3
texy,2008,12,6256,9735,57,1.,8082,-3479,0.56879028264813664520983375828335368709745834952988272318499002746155741331784724805706296509050599374791368280709120000,2
gnuplot,2012,12,163665,163722,439,2.5,312267,-57,0.9996346152173072072250027999659613646029477986394651204741731860395827908156217685707156222945144016651490654085251144583755631093343710085120,14
rake,2008,12,16971,15550,181,2.,20732,968,1.1515341262722112492326894201559169983985241409148489179102758947602026451200000000,5
xemacs,2004,12,33500,25115,597,5.,52671,8385,1.1893374881471092213459142180392968126055774597528251960517064973094115966114306662385493957898031813057211819718495994241986435695971297600,3
supybot,2004,12,60386,36267,2932,4.,51885,24119,1.868652308513369969075647302177573004955525943894525844178048773863422820183170804361793412448351060712222335530679387849537755733408000,1
gwt,2013,12,3720,23457,127,12,725581,-19737,0.97338470209902501368948414776400568,6
formencode,2013,12,4088,4421,29,1,20999,-611,0.971726052757399212115500,8
prado,2009,12,29369,15879,212,2.,275680,13490,1.0514512376468380698815167853117201047222708277516621395611994310700243928699261978992758142759797859717398137030634749440000,4
glazedlists,2011,12,1212,539,23,0.5,64640,673,1.010521049916501770580006265097014087438751191500000000000,8
udig,2011,12,253029,125877,1219,6.,318058,28476,1.09833484124838977286522954515583445613781995963704756103886878003713609585531932290407105772352820126687576406985798489704057226077309011110000,1
sourcemage,2008,12,62967,39681,844,14.5,78712,21041,1.369406064015960156806589931544832038597928664865801486478174742384575339516563302998066773846235801914835476677310477556120624142838358220800000,6
lame,2005,12,28578,14284,206,3.,119035,14294,1.13646995922245427084433106578564399499262993776150409797111848716405387147774207534994758424721237300576951741848088272672873265358824346189915096000,6
acceleo-eclipse,2012,12,44298,14004,374,1.5,447820,30290,1.072545685338847280031292939404949848841978970963702028887469180608822427652558196063233530991227847622337891269583567360000,3
Openfire,2011,12,30477,844,86,2.,223135,29633,1.15314053605594186948586362676038929403210197732627205899620476634789335418502351604340885364337883270373665841070978526470025706000,4
chromiumos,2008,12,46948555,31999772,61692,640.,7603117,1085921,1.16662395913732467725854031427292321530528386222480426044834415560784022770349919056154210980487509245263534822404914709722291686139406000,8
dvdrtools,2003,12,5453,3785,99,1.,95822,1668,1.017715657331617862557223213257038780311290155029091827474258286917663498532715863609493914024768000000,1
ctags,2007,12,4584,605,137,2.,31427,3979,1.144965024780738997647106518479816576814600048041419312301344844764189746694764289818927474519786862820935782752359754719830959603105280,6
OpenNMS,2002,12,98900,23651,147,2,268632,75249,1.389119002158668483853145484995567441340413608867529775282148905478407670984885600,0
nagiosplug,2004,12,10989,4390,228,2.,38811,6599,1.204861542324583955818648738117776739335660867642278559877883007911729506111368000000,2
dragonflybsd,2009,12,12901433,8145496,4038,13.,6786449,924441,1.1592640754936111240041137959295394724565313202522537943197431451647357459732888317769205670521845156766002421169193854140822630656738944000000,6
windirstat,2003,12,7975,2494,83,1.,37695,5481,1.170143415945697899680,0
racket,2007,12,662406,411093,7521,24.,3570224,251313,1.07572152432233561233409042835142169440796170827547024405738175457419369773489211150933420797156627823233561086421295647615579464911012009472000,3
wings3d,2007,12,28052,19138,118,2.5,209910,8914,1.044349141271299895361525139643772957411915876867832406355196511497388166995711829806667776818738448801114025164859959672862310400,6
geoserver,2008,12,0,0,0,0.,114668,0,1.000000000000,6
shell-fm,2011,12,153,88,30,1.,5078,33,1.006541129831795788989902711597279935592849301080407880202362186791548792960000000,5
aros,2009,12,1576895,857165,1593,11.,4699382,719730,1.182314992321678120193693588705977853649940163401732568218038777823400288041080808795068039282517739662628330761751319244134294475451453952000,13
shoulda,2009,12,7651,5466,158,1.5,5989,2168,1.5673907354499272366736164163996913355984260821638406402661066349828917965456230400000,2
eathena,2008,12,74585,73055,850,7.,152052,1530,1.010690553882052730882199515213808473485255296603003155040032277513243063403353464214337256424148721863789228795837450219261202620963467264000,4
aspirerfid,2009,12,274505,264299,325,1.5,150861,10206,1.09236449855864649030279893023732190497706493571286510845909963671501231087178283515728488378247724753920000,1
shutter,2011,12,6350,6787,189,1.,25674,-437,0.982311988975002602037912987452878547563532354903580397599451282337797713041045244326082984915577730290514598384532433385597120000,3
rubinius,2007,12,1171031,811579,3933,13.,610674,411666,3.06859020811136439289829674078496808597220958665155538043669727310958078999868675748165078790455418678895702398265933800448000000,1
x,2008,12,804098,875964,8377,65.,2035867,-112690,0.944736154238475910511546284649856918669475023542471215296003274572760750051387443343108228123695292845568036294394268618092575996390800000000,9
cyanogenmod,2012,12,2742858,678436,7554,156.5,58203428,1137474,1.0199336599643047659276677128376663866029568310834300019135186015013701949977337336891259498942284800,4
rabbitvcs,2013,12,0,0,0,0,40096,0,1.000,5
plasma-addons,2010,12,67206,55331,1444,17.5,91795,11869,1.14849986235626693503725429727091935466889326106454174991908032927199376777243562071183278281693698753161525184998691776053060073704652800,3
blueprintcss,2010,12,356,270,31,0.,2264,86,1.0394857667551178083556606354380520000000000,3
arduino,2013,12,2,0,1,0,376987,2,1.00000530525087200,8
powermock,2012,12,2797,1356,43,1.,42283,1441,1.0352823074260530336281053700345257256862276383473925046113380144556457522638499899749789116429509978647682664733440786524160000,4
itk,2004,12,259335,93069,2948,13.,647254,166038,1.3450384026915560996282565038048235162064909242937017338515895731608993353816475472751817801117897114174837659173262386611310448924098560,4
m2eclipse,2011,12,74298,72379,1026,3.,98507,1684,1.01823872805448962976400505832181417902891887656852375691251662501880133994248297740078307552697726644574117843359589061235048855899764162560000,0
gendarme,2003,12,145,10,9,0.,139,135,34.7500000000000000,0
phd,2008,12,25432,7507,442,2.5,42140,17925,1.7402436506289064411504239887751024004602707853872546231028521825530310282147377543860615961939294200064051200000,1
geomajas,2007,12,170915,154141,1107,3.,48859,16774,1.73946393935700187555147730205903983052825672280420090192506231350432287387223013489600,0
koha,1999,12,7629,2573,283,3.,5488,5056,12.7037037039488054622,0
svnkit,2009,12,21899,12684,414,3.,138921,9215,1.071189635595195151515896559085938915522769025885507833957184345535619096011740119454433146507361407462650461400040332414646761467237170675712,4
nagiosql,2010,12,22658,22657,21,0.,31122,1,1.00003213367609643428953373480000000000,2
dssi,2004,12,20104,6279,220,2,15809,13825,7.96824596774144623056242050061716433617224526586608111547113234747602204600624203437800,0
osg,2009,12,99397,53980,1263,2.,478355,45417,1.10497181384261328330067890300815444110026396865038300054725147831330369670778785694149327788642121084646038137021393957515746591717457601844480,8
iptables,2009,12,7584,7569,198,2.5,30805,11,1.000361331011044577213337331697724159642375771355024113065391688094156860226698099936566577616019362929031695341868290230726329896217804800,9
flyspray,2010,12,1721,93,16,0.,169012,1628,1.00972613869876398976170480000000000,7
tcltk,2010,12,369527,317506,2023,8.,1233219,41755,1.0350451209522110576194235221353709765583392123819977996518592665500868020400567593793260477966309765550047924779341964744623883055997955915190718400,12
nemiver,2008,12,17124,12405,254,2.5,52038,4725,1.0998668442179518945596225536358843622289570969019158015329366387067469857319702691471557707929922708039498927490962521324070258466797184000000,2
memcached,2003,12,3537,1431,318,2,6219,2106,1.512035010918749145823478344120996333647677841293592394967002913280,0
phpldapadmin,2006,12,2383,1714,118,0.5,23116,669,1.029803537217037676957719585297050594796498694877741940296119779580373450000000,3
e2fsprogs,1998,12,3282,2258,104,1.,37457,1024,1.028106387066984423317197602350689120989969609873268839341383714384001973054354888828990693680608027441952638075878945170051463105085440000,1
wsdl4j,2007,12,30,2,2,0.,14532,28,1.00193050192999600589570850000000000,6
go,1990,12,0,0,0,0.,7,0,1.000000000000,18
mojomojo,2005,12,19426,9795,498,2.,13160,9631,3.7291017283943845969435182680091296934940561571562976715321525025062436883708190734168324852320000,0
aria2,2007,12,40064,19246,401,1.,75068,20818,1.3837419354814067016822672251575935925770308365911639268229860766407709131575719615738946174362869139656090433524548456930434490419420160,1
systemd,2013,12,25700,16098,837,31,156428,8536,1.057717794066064139467035437414400,4
wodim,2010,12,5,5,4,0.,118162,0,1.000000000000,4
mylyn-mantis,2011,12,10383,14833,355,1.,95707,-4797,0.948785018792891043437890823271447296403069413799863578537150097748678792488861838294725891226518637094700205317067172020000,4
ledger,2005,12,10554,5506,586,1.,34612,4720,1.157901779739184329192109716414224340202674649918522183295833642956413935373682872435392347339789239994159139260784750540538221440000,2
groff,2002,12,34674,12130,225,1.,101358,22544,1.2860405511482617708195272983594339801040611114661500128544120684839893406926061352092013575052367149645923185380324200705767718834719139200,2
xith3d,2003,12,12349,1693,95,3,18087,10656,2.4339927332262700280880405146931717628931572198786320,0
pdfcreator,2009,12,24240,22817,108,1.,61283,1423,1.023772134989723042755385118408406477048444973709486978956166639023922713291727890173931304438220800000,5
squirrelmail,2007,12,7636,3947,1117,4.,213062,3689,1.01761927278071320068218754986784218950248024316248188250455785678371460961933855092195045393691156012430431058579805234519284255520328329464985819545600,8
dolphin,2010,12,20761,31924,483,8.,32302,-11163,0.653204510851197178391142030646473918474940543836708452859140977846290526632861933242290466882513381104119949215365421104185662439582848000,9
psi-plus,2012,12,1688652,1120271,381,5.,646787,563893,7.802579197990253201093773571248616534031864029598381193055721715419770566270626963979971032661510734170726574966725966589878559200270134533733000000,4
rockbox,2005,12,290011,64237,2628,12.5,314134,225774,3.555160706273532400854256855312756484424343148315251023331886833462527151413639922331895678674406025569545648925266174452204769280,3
cvblob,2013,12,0,0,0,0,2632,0,1.000,5
hugs,2005,12,18765,13368,303,1.,81866,5397,1.07057761968415064322296900954489684983458123164427157481229542730607081256250661333686737535368180251881686552916350440019529755048624001433297920,6
glade,2002,12,1850,455,25,0.,12018,1395,1.13131883648004248739087330202322635771828299600000000,1
sdl_mixer,2013,12,0,0,0,0,37104,0,1.000,14
bochs,2010,12,53558,51851,520,2.,288343,1707,1.0059552882404044474154069833438383024813222903417211017138928180693415269933153256110413821346766830301929441425636519068575053143535944322737265600593920,9
AndroMDA,2011,12,110694,94104,407,1.5,545603,16590,1.0327956351563054159354037551390225382006467323807895795994851752901796300738440556293815069241716091997462566895792656248508213719310913705088831488,8
beanshell,2010,12,0,0,0,0.,41731,0,1.000000000000,5
zeromq,2013,12,3084,3013,104,8,16928,318,1.01920753805430811708454622969832992,4
Axiom3D,2004,12,57786,36785,336,1.,56116,21001,1.61431580173858724500172599903862580679749486579403236014269632776765273277146014403530802052659776892869305552945408000000,1
flac,2005,12,9004,8331,158,1.,84483,673,1.0080512986193176088591851231832522286652348414553671258485953684211341568000000,4
aur,2009,12,6984,7196,295,4.,11992,-212,0.981897361452035552145370687382533063115385281947760256802257753470576820092633172049532410115560137590341063172825225103048704000,5
capistrano,2013,12,20,20,14,1,9288,2,1.000215447592360960746645600,8
cs,2010,12,452574,293974,1716,8.,2047520,158600,1.083963322949753417881188686331472004202281681431721950754299236185116792735236345445825244513679500423490768488581249748112793471211213529600,11
mysql,2000,12,53163,24848,1109,11,265035,14241,1.056783655110427236596385719806930010794205307088517007360,0
squirrelmail,2002,12,41171,27023,2950,10.,44344,14148,1.46853887929899985777146451932586386349103899102333247315704652665315003676136822501831024633191712359322787205040133417682939904000,3
tiopf,2006,12,98131,93864,137,2.,121631,4267,1.036356974873892264510476230599809023332978190389433388930125010546400000,0
otrs,2006,12,55174,21328,832,4.5,126889,33846,1.36376729034518475388956908997184091397134859721782116673073961744773863586897402093172887479749402608278366578191019875220722437129216000,4
beanshell,2007,12,12,2,1,0.,41731,10,1.000239687447600000000000,2
xwiki,2010,12,312490,239913,5124,11.,265747,46278,1.2108634932506666247825340537353282980452261015610377587606489689044634569777274058575057362696918346814136013574577805513463594129822720,4
iptables,2010,12,8677,4807,102,3.,32248,1794,1.0589085177622020517843431156234416629207948543160756191110540018972583228248773157802701788113679978436626089179108133831380876299562212530273680000,10
macfuse,2009,12,207,173,21,0.,87745,34,1.0003876366704638962787229386794117573755000000000,2
krdc,2010,12,2199,1518,88,2.,8283,681,1.08966425279623614414837412521821905921733936826508185947254042447656107502875130891537750627989392241611754140208020392000,5
arora,2010,12,560,562,28,1.,92944,-2,0.999978441306953477554744594125922340407835569872854668730074003191898309846556971974217193143709878702876800000,2
pyunit,2006,12,0,0,0,0.,1589,0,1.000000000000,6
xerces2-j,2003,12,26424,18281,666,5.,135097,8143,1.0641413425300605666640524792855246765086577371186271546144216393606083945554181743596982934077394144511505197664854540527235834787049276520000,4
p4155,2013,12,16,0,2,0,2152079,16,1.00000743472658600,7
hibernate-tools,2005,12,25967,19892,476,2.,15801,6075,1.6246144356482643632996665772313140164026363443150223262971647707627243449451059462750802583900098926028344014991859259775000000,2
cups,2005,12,377927,173554,531,1.,475263,204373,2.2829924544379922809439802364517460360056137089864160874264430102583791497471004618495895920868642982174114005198588532822813212560261250000000,5
geany,2013,12,3805,5278,78,7,142567,-612,0.99572563015473181903852622867487392,8
ecls,2006,12,16686,11139,450,1.5,386636,5547,1.01455565497869120526061798113767686189733072640107360131829350619314271207442884593787089233921905339016284535225411335824499013246572000000000,5
pandoc,2007,12,43604,34882,696,1.,20433,8722,1.744769874414612216047030837459656532001934808478534701702528033280373598270224059775781105094153399066441592941757994302944631603200000,1
gedit,2004,12,18740,11939,231,5.,57862,6801,1.13607170726531626078451756231719352884712427289857797360628173355273530035443456933601915812649207299365621519242597438206757995341460642078720000,6
venkman,2000,12,1,1,1,0.,20438,0,1.000000000000,2
django-diario,2010,12,0,0,1,0.,1144,0,1.000000000000,3
flightgear,2001,12,54942,31074,878,1.,77843,23868,1.4422047243977172373653326728207690227413023505113861726783192265176319565843673992721298244377715896321283829745286352081112150016000,4
teeworlds,2008,12,124684,122202,684,2.5,101178,2482,1.03496119327449119552812901045647471760246200070786858001327878676542886069878978400946228136842362291224252099328035857737372794880000,1
automake,1998,12,5320,3045,342,1.,21827,2275,1.1163563829783926774176856314850116204413808618952712153577298366405513015641891387949668608610410004427644891773242585254970819759483659540089600,6
rhino,2004,12,40820,41614,430,1.,57583,-794,0.98612567279876056817647657112310088119999829312101723549288945906684931501341335844429189028202731575655137630967322357747682667841716224000,5
quattor,2010,12,1647052,143737,1619,8.,1579635,1490059,17.6345784610873521644844784224858648702732349249804563817380706651354207202913014847200729967252392355865821399895834871920774010926082413522944000,2
aptitude,2010,12,34867,12173,901,1.,140853,20990,1.1751165914504494282185555102281333726196811004753648028602911536809424082555725537090000000000,11
openkomodo,2010,12,485947,154823,2416,4.,1635955,331124,1.2537677293109661845711946644130226464949276745180913898171551432269600548078074165050137357239867325174312940304429169046360817180217223516160,3
knockoutjs,2011,12,12779,6498,290,2.,11483,5270,1.8482214711101076954354166754761333376109173659687952074406505068179809313031410891862382965483410694497832333881356322141140240076800,1
netbsd,1992,12,0,0,0,0.,336,0,1.000000000000,6
meego,2006,12,60507,15256,632,3.,201249,45251,1.290074231715049063264151086295256371046853526629466855077216863375707372013991152502493183639567620535210723547029491049009713862689161216,3
transifex,2010,12,94117,51152,1695,5.,34556,13527,1.72969036575273486519029946426178846155419538002874933459070952628762866338229133567988004579843839937942732831015463168705588474760080,2
sharpsvn,2013,12,70,20,9,1,74151,50,1.000674754726661512224877430,6
mpg123,2010,12,5761,1027,174,2.,54688,4734,1.094972515345480580383505515099979257744119393953616750328016413922219480683039121431851173189998039391931000000,7
structuremap,2010,12,62152,1959,76,0.,263975,60141,1.29504891236940690443129652205785531128945792287500000000,4
ant,2010,12,62946,66802,623,4.,255158,-3856,0.98511277382314416828927765674964642425305654597547913548642456284215687871993185516416684842188863747934070506109544191863983335819380612757094400,10
hibernate-search,2012,12,18629,7192,493,4.,142130,11437,1.0875104251941271754610392320549045231385006609489059221296770585499198791774856957188517392665903752634504500893276242543122140550745662208000,5
jasperserver,2006,12,1232907,1009293,2777,9,227446,223614,59.3543841265802239885920246889445201735050795079053893584194309664066418502455457590860475585698264000354791321920000,0
emforge,2008,12,142745,126940,1289,2.,47260,15805,1.5024638372072662238102556531443485310833954875062891398109531549886196147092394211288287556289263025526450360137644160000,2
chandler,2002,12,3129,1068,37,2.5,2094,2061,63.4545454423084208033192565600,0
fltk,1998,12,49489,6153,464,1.,182908,43336,1.3104920757506142960262,0
gdal,2010,12,209237,127233,1973,8.,788049,82004,1.11614557146002313132919743200781117087784288281198062049486489563146457236427833189542743561387699955372553866016262809495164907710000000,3
syslog-ng,2009,12,10660,6631,317,2.,29773,3336,1.12618678367623704779926747617303476328984438355648556584472739205007324644257080104224680194351301287977734193372626055422043679024847700000,2
tango,2009,12,17,9,5,0.,3447,8,1.00232625763300000000000,4
josm,2012,12,268954,167499,2555,11.5,1000500,101455,1.1210131443914313470950878889053466712146027869689134798116380210442301802498463457894817614345517921316004528274081561201059260993526040133882240,7
smslib,2012,12,439,324,45,0.5,21023,115,1.0055002869713364201425009018753078215776329188582537095347506922369457159272000000,4
svk,2009,12,145,55,8,0.,38745,90,1.002328288707786415425737945645213007098000000000,6
pysqlite,2009,12,2548,2220,38,1.,7325,326,1.0465780825820220441956519985906985508273404571964584334438000000000,5
objectify-appengine,2010,12,54769,24849,300,1.,41212,29920,3.6496634776839637985778745797368071516188739889920565495863699023507547796358014551980009391021200434603296844422200199531451260293120000,1
mapguide,2010,12,123463,59157,682,6.5,541964,64306,1.134627704343899632961404009802934477605637372039400224970413637427098166502101951726292651486163213482149606821198443363882814449529416794112000,4
duplicity,2012,12,5050,3779,111,2.,16247,559,1.0356323304445100800495388940323837393121596466880278052653016655996990672862699768000000,10
umbrello,2013,12,0,0,0,0.,204462,0,1.00,10
poky,2013,12,20256,32061,375,31,137125,-11805,0.910041378664412015855372900919680,8
workrave,2005,12,2235,438,62,1.,49060,1797,1.03802128514279730875751168534412855847580509549357005401500530705488850690734446418562800669511680000,3
apc,2010,12,3073,2297,152,3.,11286,776,1.07383444338920728827331337739881176996646925373535754288010879938599749656770813050466937653090606314710634144813918500000000,9
etoile,2013,12,7592,4665,234,2,482020,2927,1.0061094610017594610924106252849113200,9
icu4c,2005,12,67179,38109,1119,6.,387076,29070,1.081199756426802622912868404063257571778087564138915105112501250050081151212482260763724204017880577962413601001471162197790582564354079596800,6
gedit,2009,12,13835,21272,443,4.,90725,-7437,0.9176621679917445137859226505905728930620839086560405289899610022445160225297725763299459858392129105529945491224669274375458686983993175040000,11
PackageKit,2008,12,408677,300177,6410,13.5,66100,37865,2.3410660527493347603852474760934739401453620286950203913663634738116369281589270738941472675566237189525333549013171766856474624000,1
x,2010,12,477490,245605,6209,53.,2067186,230565,1.125537604111885598166195154497819570972704718794899673873934388635828536074083592222101637774671483286770080897323812181387156846114607232000,11
libvorbis,2011,12,4380,3644,36,0.,186918,736,1.003969067160947769131181503658792367432547701789902000000000,12
revelation,2010,12,2613,692,35,0.5,44873,1902,1.0442624095390097767789628583120968991574244709475981084361794219486653200000000,6
strigi,2012,12,0,0,1,0.,71,0,1.000000000000,6
flex,1987,12,0,0,0,0,2488,0,1.0,0
filebot,2008,12,17714,13106,122,1.,11509,4608,1.679646017791733415890524883880393242878260663714580760807638687467347080065894584464732989854037771950756966400,0
stendhal,2012,12,93973,63278,1501,6.,350758,30695,1.09614330506541072295414886534376315703612412957920864919369121785581567131286079252786636502402385259231887846849393543037370633773671975680,8
sqlyog,2009,12,41664,18176,133,1.,133188,23488,1.2152216541182204974919877639176123993896577927378069760228129202164759445491478551366520966090433208485788694604303798346668576870082760908800,3
phppgadmin,2010,12,20222,9186,248,3.,311751,11079,1.03684746168794363437510150289799600086261198661488579771151668559952703178124208141030578287277783587715095672461293579352674048949783538390861517056000,9
l2jfree,2011,12,83310,23798,538,1.5,1017589,59512,1.062116092966805951846585530732106868587035123779438456170755262319168258587835805970812693270258436388864000000000,5
resourcespace,2011,12,88156,70578,2082,4.,111601,17578,1.18695425592078828566546721018084389370744671812923807562482009118224111418097215236808557434170946963342781512623756498332488580313552896000,3
tao,1999,12,1266392,947788,4674,17.5,749349,318604,1.7396580341994006900279431449344197138816054494529532467764759145071866682920668108939434113134033012257054562454325742856120000,2
qtwitter,2010,12,1461,305,10,0.,34140,1151,1.0348904180200000000000,2
xcb,2002,12,28077,11183,95,1.,20212,16894,7.23394834005549750685170343313844987427349265818557275671842525457032740864000000,1
tcllib,2003,12,74825,18229,566,7.,158097,56596,1.557590565606023666716797000589746180524366615111103713411941966084701142163414367887620415479649996694761355617767639411863378124800000,5
drizzle,2013,12,0,0,0,0,474661,0,1.000,5
mesa,1999,12,48080,19932,338,7.5,149957,28148,1.231083089142875658142182058822525390160651898,0
xlib,2005,12,6206,2055,110,3.,108822,4151,1.039657593794033998304108394643540244453432227584840729140020246661039075171831398108350806842801762955446494576000000,2
qgit,2007,12,11706,9227,523,2.,22601,2124,1.10372613177181562575555176751270538587226401592430931613384852073491617437198884728670133089290484652122219295303815175085136603637671264256,2
gitextensions,2013,12,321710,300258,541,11,180290,7329,1.0437669821811555589858778065458896,5
wampserver,2008,12,0,0,0,0,2467,0,1.00000000000,0
cvsweb,2013,12,0,0,0,0,3923,0,1.000,13
cmus,2006,12,16185,13660,470,2.,24025,2525,1.1174418604481259895697818509641556490900564411373746072327656854757618977822413967026405529249530289662022209496015526336416055921721344000,1
prado,2013,12,2289,1847,34,1,306886,442,1.001442351620549487086193308260455998250,8
gobo-eiffel,2007,12,3878941,3599826,520,2.5,1652541,279115,1.20322536489861109861598109715699705222006548812799654973737564035080132495550022553142021180256905804107668276161736809500729603461179730000,10
fbreader,2008,12,120304,63799,735,1.5,137317,56505,1.749323679165167958566357333350697106400884957796884035192369975426720019522993813968389830559144659776910886651941309897768960,3
lastfm-sharp,2012,12,0,0,0,0.,4482,0,1.000000000000,4
dbix-class,2006,12,81609,22680,1197,12.,12765,7561,2.45292082992360051313588496005120173877368489694984328010791019157480203767817213712365672380790387989832065755074048000,1
eclipselink,2010,12,206419,93190,1775,18.,1380896,113229,1.0893207758865887319474673894279859312078231398954950352726356935026128326606043419280435878015773923586828256096002288697868592702098237358080,3
intellij-idea-plugins,2011,12,0,0,0,0,11205,0,1.000,7
openal,2011,12,23036,19200,634,1.,23222,3836,1.197874754970064721158645620519684361845896463311247782120527048220046856427568165826728645611967637924018787716380870649079077305157184328000,4
rhodecode,2011,12,125404,865558,2730,2.,319237,-241799,0.212611937904809612683849962271449335794815288187290278062905603801375799006708205326301839833609863431226922556619205539542408626969600,1
eclipse-gmp,2006,12,624334,356617,3080,7.5,349319,267717,4.280765177270626594479179849292895816203489236689457199327943003220114805712444254757278225158326261387655440410059156567262720,1
xfs,1998,12,5358,2046,137,4.,70904,3312,1.04899988164205621135789992436744921510508611421773265595668151597301797928212178082353263240460899277017683722294535917688721892966400,5
log4perl,2005,12,696,135,43,1.,9804,561,1.0606945796805082193073725852740360084817645289982116940840828820949849801540950470538094066621426641879040000,3
gnome-tracker,2009,12,212378,244473,2610,8.5,122260,-9190,0.909143936253183781611412940180926971944474018641215791577755765874951932141112562603369331648573372165248402636070947499729407180800,3
openmeetings,2012,12,684181,1013450,2171,4.,2483177,-329269,0.867965376624957315242169297689581001155522991723418689978252809435235540597023438534082509504235860384500881131961909929493175666503004979200,5
maven1,2010,12,0,0,0,0.,31552,0,1.000000000000,8
strigi,2013,12,0,0,0,0,71,0,1.000,7
synaptic,2006,12,89800,86742,470,1.,113150,4084,1.0380714445479475281168690005096606615913186505867565844205866748568318874542483800986843716704345315429062326907717340314067788457930752000,3
avidemux,2008,12,5691939,2174177,1940,2.,8920699,3343631,1.59953204805071377406194642166109470956946418788227047529265039651837686742398661310761256529329724434493232594425013835936714000000,4
fractal,2012,12,150563,63311,200,1.5,2641495,87252,1.0341596316383447934180246127574842478718438348887953449386751316436645436203331947972121216378662847828602639290576974389578870205038387200000,10
ubiquity-xforms,2009,12,142290,69960,934,5.5,228247,72330,1.47150931225272115437292845149477413994451361430737036472824296675201125783041157640673157690946384646037836723020864600841366241280000,1
pulse,2010,12,115902,88908,1340,3.5,265118,26994,1.117439766108348413127264704642681478767569248093602024701339078514872431532227964619058147231022904705404383657850053644951415288690720000,2
ddd,2008,12,622,1450,25,0.,119936,-828,0.993095742374690346194218231578673908095000000000,13
arora,2012,12,4,3,4,0.,92786,1,1.0000107776041400000000000,4
CuteFlow,2009,12,412219,87455,1148,1.,763538,324764,1.74016236149466471616347703402944042282215432581925956460296098217231814955698750794373667000000,3
EasyCreator,2008,12,1498,3447,51,1,26452,-1949,0.93137565579,0
macvim,2013,12,2809,723,63,1,519255,1067,1.00205909824200,9
exist,2006,12,423615,337285,2257,7.5,318287,86330,1.372181050828244221299784684196434876194110518143232311824169085267363474664571496053144008497220477762129826726140580600468717219225600,3
phonegap,2012,12,2002998,1415702,2256,24.5,476036,115834,1.3215806686335863074550564964960476290523619663921384599412199508734385507032213888730416527796879741665801198560125639154040000,4
madwifi,2004,12,27086,13037,245,1.5,23827,14049,2.43679689096721677189808307945248383531157134158476434996142121615279768031359470566107471388087201317415321724307938382152550400,1
dcplusplus,2002,12,48058,25944,216,1.,30889,22114,3.52011396021845043907918685484304599600364007053075206985063041322745856000000,1
ncmpcpp,2010,12,4585,3060,200,2.,16704,1363,1.08884688090038269103803088746153864183785217826863516626032452036084892164643744617507752112599385536911608208973697534024777766400,2
htDig,2006,12,0,0,0,0.,254563,0,1.000000000000,9
vi,2012,12,0,0,0,0.,18135,0,1.000000000000,7
aquamacs,1994,12,399852,148796,18736,10.5,567826,125528,1.283808653892988794281710196508186918813799768692031162110683290753882667337406126472368004975871662468340258111064370285937698580480000,9
rpm,2004,12,377950,259277,582,2.5,961106,118673,1.14312419423661372654615047315152652048254753074635282400998466255842737078930715038354866438393667547737905340184176395660094318998201778097356800,9
openproj,2010,12,0,0,0,0.,91826,0,1.000000000000,3
fest,2009,12,139568,12350,367,0.5,208834,127218,2.55873848288031268348914805235253330169092184157894876450740933037784000000,2
yaf,2011,12,1014563,637515,1713,3.,542373,267079,1.970159175276273906476583373641869623926390301830215501355682726362743234757270051710945168127858092832935779465839555867643478016000,8
galeon,1997,12,0,0,0,0,1105,0,1.00000000000,0
milkthecow,2011,12,2,1,1,0.,5018,1,1.000199322304200000000000,3
thunderbird,2004,12,47781,24423,1933,13.5,334440,23358,1.075086311645760950146104524913313136651793198020180687905948701091162877813216573185627191832637690475574140767727881610358830164355812028115200,6
freeorion,2003,12,24445,9608,483,4.,17781,14837,6.04145429818205068393739416920948479640397685562901586384052659796220978905099302338560,0
beagle,2007,12,169337,107060,1070,5.,197246,62277,1.468202356166766774370186819981928141825345471864457916599326430181015970193584142015551277221225162271231337581238947783548508555258854400,3
poi,2013,12,962,27009,26,2,355901,-26047,0.9318048530192286294996417593198258340,11
SPIP,2010,12,48508,46150,1813,6.5,168215,2358,1.0142769782196712591300912701894648707593897983258318350028738532125265310716378985219448288550751303936525453518929476534849678674129488506880000,8
rockbox,2009,12,362882,202364,4370,28.5,798741,160518,1.251507701797964254040502919374538759279496558126460862543176315094960125133416933815220081687167967011252796629878365495342875433216000000,7
scribite,2012,12,1566457,1643750,502,2.,210581,-28560,0.8634551209238508311212023758270478032230478388406951535645799239925121066974967362777329767079214055905792000,4
spirit,2009,12,579664,3262,167,0.5,942430,576402,2.5747483800079658379583342773512011671982778154225538511662844131704480000000,8
dolphin,2008,12,45227,20668,885,13.5,28473,11142,1.642894235755376959683694182496054127011789951273180465255631225514208978201399821902867843190789713829719118600890724121084738984704000,7
phpldapadmin,2003,12,16955,8272,1009,2.5,13705,8683,2.7289924333192445794565337189422997246432,0
eiffelstudio,2010,12,3767993,2596933,2596,8.,5588102,1171060,1.2651231299216190021610222901612236253118908425569471065453828603415925750398267233080215061666820937855760539073220888232013322765971825800000,17
hibernate-entitymanager,2006,12,7368,2905,174,1.,14684,4463,1.43665003423607722837176661203043529461766199976510477715025097093464805829480794654044312069184602022824123482588751986427325013164032000,1
auctex,2001,12,7791,5440,214,1.,15821,2351,1.1745360059412848842508486541283618022144476572790361221016160972028725662434123920000000,10
gtk-gnutella,2008,12,34537,18827,669,2.,273855,15710,1.060857270137585905986800736827685725892226485784758166711701608694574611859596621966737030062078230394019424090188513280000000,8
xchat-gnome,2012,12,468,2140,12,0.,56095,-1672,0.9701838543437985934792400000000000,8
argouml,2010,12,136872,57346,1458,6.,898932,79526,1.097332612046155008521592438868772479526557511444505419110777267353654501857150373625670793073713089488828476593057462513493074020667119630446090000,12
piwigo,2007,12,36046,18714,812,4.,50264,17332,1.52629661119271598278583617351114255215256689633597843714507377600590979018308034381789301456897843806793141525081142840774973509793462730752,4
CEGUI,2006,12,69945,91112,556,3.,174951,-29337,0.8223033871237223833394497005627313191224326641055388420557843379877700731449542326364432358740958157695620673676060050798571585973876128000,2
oauth,2007,12,275716,58106,428,6.5,224634,217610,31.98092255262646281604795201187909408736,0
sdl,2000,12,61317,45006,237,1.,111156,16311,1.17246629667089115055935851212600962240602791426945780310454622377967632079605768588837268980226025185994172459883182069422013600000,1
josm,2007,12,305080,158992,977,6.5,200974,146088,3.661662355070879571047470036567563818584851798334140432774434628117360561038775566864301039828346580036045749324633280332800,2
chicken,2013,12,237,184,34,3,221441,53,1.00023939870274076465403202616960122137570,11
dcplusplus,2004,12,30512,18903,400,1.,52197,11609,1.2860204986785357450657974493494149255768903295284350324412623301061864535463982574696407875778276580785558375157854114112004359433200000,3
xchat,2010,12,1294,499,118,1.,63501,795,1.012678212611487370236987679791465922276427952902018349678832892390840664431992932525425227236187846155538429469318131665452045952000,8
ntpd,2009,12,125,50,3,3,19755,75,1.003810975610,14
pharo,2004,12,51626,6521,6566,23.,341558,45105,1.15214890726062118937728028686563418780079437682784000827354661765555286974968845764734981425068130250572957456544280360628409550040320000,9
nltk,2006,12,87385,77485,539,4.,59638,9900,1.199923261829682075419276218124655318691352285199162004364122128735350077846533208493257182622276533770233949894441002510681183488000,5
zenoss,2005,12,71607,34446,389,1.,57038,37161,2.86954771900512438650573032854629468540881916727708643725120184719809238322798018953616771000320000,1
opproject,2013,12,0,0,0,0,129989,0,1.000,6
gant,2009,12,5121,4205,238,1.,10801,1055,1.11119308599888652466565197574100735347445709799514396221421833402690465574196885658948408115806197046512377098151955254720425298164772800000,2
bzflag,2011,12,314137,378506,972,4.5,453593,-64369,0.85808020562791204669482291311364834757427478288038135783975523934318910796470428584352276992660516150575369464875905797715358985722000000000,11
Spark,2012,12,592,308,34,1.,136541,284,1.00208429658659014338847351128807893347557693551197326783440818310620466689224944035508934710400000,6
gnuplot,2005,12,12405,9063,434,3.,129680,3342,1.02645284870720982685687499426952866860469466352252576820740156192035132802675857691962876905518026027637703305013940971833346910680520911381299200,7
synfig,2010,12,1720388,541371,457,2.,1610447,683404,1.737642881094749362301521595831932797576047206286708039169617305843909565116322955036351129131064717394849075607844856039249748698330528262946097920,5
tor,2002,12,6778,6054,140,2.,9185,724,1.085569081660446655368719610765993718824530619998926785329822211300,0
qt5,2009,12,88907,73480,618,3,205602,9928,1.05073745106794639345114132644680031730891311478143684152600726334354767345766119248251167044415249051585600,0
sword,2009,12,926167,850578,543,3.,812006,75589,1.135263928301826827553332328833518900823403467544616636867160115742270521718320763205522514672245618895487721877489357849001370051666105584704000,10
gnuplot,2013,12,1647,2102,54,1,155926,-455,0.99708226723888180078336490747748503858,15
sqlite-ruby,2012,12,0,0,0,0.,6473,0,1.000000000000,8
htmlpurifier,2006,12,23665,14083,733,1.,10916,9582,8.182908544586131189293837320194068976109446903025371653838362996716559348859987117056,0
dcplusplus,2008,12,766606,325539,325,0.,4907627,441067,1.098758783947090825022203220557570498187383092174336000000000,7
picocontainer,2005,12,353008,150258,1222,5.,253439,202750,4.9998816309199942378029637018849039530706739701663363665739699611177313964457408936946813837663047275787962475568044471836832000,2
tortoisegit,2008,12,122821,101090,124,1,207349,21731,1.1170737752,0
cyberduck,2003,12,31098,40969,282,1.,31616,-9871,0.6632437227447877657720335140008949128498760150783173434798075842740575478115258385799423885177651200,0
mootools-more,2008,12,254,253,9,0.5,1133,-5,0.99560632688900000,0
hydrogen,2008,12,109811,100753,522,2.,68543,6015,1.1425862273281621782891038074086323017295626474537754889118824997170754235746631545236026209908662232254489343750000000000,1
editra,2007,12,6094,3585,180,2.,25312,2509,1.1100293820990606244656,0
pkgsrc,2008,12,182358,78051,9712,50.,705829,104307,1.1734051289864318950877628269781127847139314324934910478284988031580251394568973794813114390220031194976291850558604866224564711344065587200,11
cakephp,2011,12,912981,864400,6196,16.5,451716,17076,1.03928768635992796750258875610508910278392944206375061097745696515542954796113730035492347431001508006809180502028183648261676759812770358980771840,6
inspircd,2011,12,2460,6379,51,2.,57580,-3937,0.9315101856153203991122252495907399989243573714205295992792841610476940205549117593477434956723906421992000000,8
qtparted,2003,12,992,486,47,2.,55956,506,1.0091253381422950959044529871154582859574155169664,0
dcmtk,2009,12,49855,33818,566,3.,313273,16037,1.0546057537446271775410660273664574811975168342833597511738348469041591032725547661703082472048690369554029535602126088759014358470428576849022592,14
puredata,2008,12,346613,76792,678,7.,1044578,269821,1.348265327097388673351602174552944656322909100296025566246385492579325144236616630090818121764130604895477512734773849471710166948179840000,7
chisimba,2008,12,104,153,22,1.,674,-49,0.932226832598519905700254433481167583167095848000000,0
squirrel-sql,2008,12,238621,111237,1835,4.,1070769,127384,1.13502864684646778205414741680561855396044596299348636479209022796686287059217326229148115288702609323350151631718878704819292729247739350000,7
pear,2004,12,3107003,412704,26990,76.,4838985,2693782,2.2557235842309193989746203331392292006710381048492176635126024619810993919789453977607764314455834888476049271584311193850658456000,5
latex,2011,12,22295,12851,254,3.,39686,9444,1.312280933800702506111965904737270660199808606381156662759789322257078915192335199330040276082526130201682634396721678412733706164055918510080,14
tcpdump,2013,12,7731,14330,35,2,85285,191,1.00224457658600,14
netbsd,2001,12,3143838,657702,14997,91.,7071195,2486136,1.5422255198575152170272155089019799916319372641924389164706676412502923124069987723676145484264782980665222123324337381924647990019788800000,15
elml,2008,12,80984,36229,171,2.,118673,44755,1.605468221567716538995711670059744889338802949138211752109670378685560194555922631518573677347123813717091718092393063464960000,2
winmerge,2005,12,60674,18804,855,5.,150819,41870,1.38430825434357271185980335766345402890281041683873105613320223814105874761659140024299323241939423144252149871679445588728481841146880,5
eog,2007,12,38539,31512,351,4.,34383,7027,1.25980700261397241312498835141509393498748272774555085209760154202958327947918499414143193056860076356221044004942979644239913658053400000,8
nagios,2008,12,6646,3830,188,1.,162690,2816,1.017613870926884096271712029947553010023823044017208270133784153018344353556423467643428398209735361710622582818932000,7
cargo,2007,12,12869,9367,110,1.5,36131,3502,1.1073278371979785870169142968637015088554854938259080595136989193333258930089064384132212360225256312960000,0
phpids,2011,12,26568,25568,174,1.,100368,1000,1.0100636019644410683167692399901591312893737049091114282931026639250000000,4
xoopscube,2009,12,34285,28233,232,1.,485295,6052,1.012628249134258404228996280671877355138333882264493902074534286366129534040185948210384379029127973440000000,5
openfrag,2010,12,0,0,0,0.,952262,0,1.000000000000,3
swfobject,2008,12,2473,679,61,1.,2379,1794,4.0666666669140336066784557987406668013401538152164545767931416840062055364350000000,1
kerberos,1999,12,16249,15372,514,4.,244181,877,1.0036358209185606072550951788895998547420958090597100426746500004157527859615988320026992341150692617931769710221410788618059366254185764018176000,12
evince,2002,12,163129,176399,35,0.,57368,-13270,0.7686863756614483163108104008306935664710574650820000000000,3
cubicweb,2007,12,2914,1881,129,1.5,7876,997,1.14493385667994795111353263302700033328124107284344109500507694531631125590564332425492136358283151511415277620307720356159403349055856480000,1
ampache,2010,12,43111,233889,436,2.,275771,-192420,0.27984101256830625046964468871569703909329666643631118183242683414327246585527353410397122118814286438291474720892571884678101114497270370804044820480,5
audacious,2009,12,160850,331050,2228,8.,366005,-76229,0.785937934419139273375688790497295721746169496211571683981978893349619094922432600000000,4
protobuf,2013,12,190,68,23,1,106952,122,1.0011420013105028206150727659169112708960,5
gnome-terminator,2011,12,1179,443,50,1.,12228,656,1.05668855859043171136978325930263566574226599214000000000,5
flask,2010,12,4060,2271,207,3.,3468,1584,1.840764331189468379195656154263664818985984839094323011399636849578956729583713823050458000,0
xbmc,2005,12,356863,131780,2186,11.5,895670,225083,1.3356507060227740628896672760137123730853154595834492054341210430368039902680438512030290998133690722385425175990477255226629704515584000,2
nedit,2001,12,27915,10378,339,4.,63232,17537,1.38378378372457151365865737018271597941567351528979789126256336386374305155815198515430793399885979880138038573042756576962699076377395200,1
springrts,2011,12,254214,214672,4184,7.,327996,23864,1.07846592926877781352743029774446255769486141854068485120298868191191097622703471974674989792459724351423722263855215037766968252610293760,6
lirc,2006,12,1635,501,109,1.,48011,1134,1.0241909678509298543206992819613893019726579891015931250867270440519109543277669405004690585802854633428064650658696052589893582284410018355356012939200,7
awesome,2010,12,5830,6934,388,4.,20272,-1104,0.9443884747102210290594838472347674626936469420985203052467834346185147429707367927209171112932768301130310420565053199101440541206773077676994560,3
geotools,2005,12,0,0,0,0.,226318,0,1.000000000000,3
php_beautifier,2012,12,146,8,12,0.,6410,69,1.0108815644200000000000,7
jain-sip,2005,12,2321,2834,113,1.,60189,-513,0.991456692256096793278122797302289925547315155440306783508328468891946762807325337021192871214521419146431902489383577121718155512129191936000,2
rmagick,2007,12,8571,8559,627,1.,51321,12,1.000233877094991547617553965596047047913927340749053909638509612362682364092304902565470988352235913779593978026739875513274240000,4
pgadmin,2013,12,2329,2264,25,3,225006,65,1.00028896466189782342631680327406980599063,11
matplotlib,2010,12,161335,120860,1271,13.,356312,39362,1.12418993532794402728998516289644391357117209509197879513082007945996222366926945612616822283598051017128921152982921773497524402442784587776000,7
phpmyadmin,2011,12,1107671,1276231,10698,12.5,327137,51487,1.208417328491026038749704928580970664203930433911073109426145751792350242487956593014137706357347751532481429370123567312365004790784000,10
django,2008,12,39038,17714,1255,7.5,60484,21324,1.544535240004638012166724046485851786755778212536894702902200090720857912057033512688041459013253828812418308038328299377169148731453624800,3
kolibrios,2010,12,227981,160382,351,6.,364853,67599,1.227411573943174746165600390446647631267963640690882348276687463572598220285892600823036683268934556963086734745732846780471627580859639680,5
magit,2011,12,7934,3232,626,6.5,12062,2822,1.30541125543803860680906202012393173142439332450349625748379343378005854819196330336422589169469173670172971050630632305304000000,3
observium,2011,12,78935,67635,2091,2.,46482,11300,1.32118697059318779653004776966962008784411333175038552242866529363208154920627996947421806488665503532986932316971334027793942115906861760000,4
sparse,2007,12,4465,1939,283,3.,24436,2250,1.10141530695711229017718689178930424329774781811235571585237502097066092376947639013651661719404916599638246951770788100989729215385600,4
brlcad,2011,12,315908,303860,4828,10.,1110158,12048,1.011020775556482749231621986592715306381664768566428555938624092167977335826600804605242410695168267083064555324509848459247776835830890108981120,27
glazedlists,2009,12,4933,3817,44,0.5,62926,1116,1.0180553308517389507536688100562395676075380845266510232546911568715520000000,6
bitten,2008,12,529,109,28,1.,9185,420,1.0479178551041826367652745104032427258120435008174165732095000000000,3
mypaint,2009,12,8411,5260,402,2.5,8463,3065,1.5678028899629001969639596211232774861941906874569136411475278845469031419578741324309025251515091286662661429387799400649644933216261120,5
sage,2011,12,414633,327137,2595,37.5,178074,54062,1.435941683044944416724017055858454605474136569427899283692377570833940705158215557572055628306113178064879830413080239494708247049936609166400,2
wesnoth,2006,12,46532,60363,1398,12.5,99168,-13831,0.856901938836645889592155565086571905335651357809561366307588149190002663528060134742536556612637886165359934837087011850222511154240000,3
pharo,2003,12,50396,9423,7176,27.,296453,40973,1.160376546113255302253963369174180993876807041562782765166610350938871777397831225933592529050136248196392173371121416572769804274892800,8
subversion,2007,12,156123,105922,4733,25.,352886,50201,1.16585228867847271033098380004124523030438646015812619028851021454052202706174400466498058754738195643708885672974687783406269387292441600,7
opensync,2005,12,136946,113855,786,3.,45263,23091,2.04144867395416790666634684827636152178016786535703444264245802203988105644158380081407263855970345342428053086106594294400,1
ecore,2006,12,21371,19567,553,6.,51734,1804,1.0433507953855597620645916498362480416785868506331881682072754580363600118589203441853804615053730683849433880102307808602715687870000000,3
junit,2006,12,33525,32645,64,1.5,12081,880,1.0785644138926364096111466614385482047919875353429533200960924178198853104487175111037581415366367007283562791679921120000,5
pyunit,2009,12,0,0,0,0.,1589,0,1.000000000000,9
gtksourceview,2003,12,31384,20840,142,3.,22187,10544,1.9056085203356380003514920313582668650220227086847334681648926707214391824134851982277888000000,1
MozillaCalendar,2011,12,195910,86285,2844,39.,904978,109216,1.1372470663268018792370114130287284406553181771306129964448625108927687854267958788222889986333557823357656948923828430391355610088129441260000,13
qvm86,2006,12,0,0,0,0.,2416,0,1.000000000000,1
opensimulator,2013,12,47787,56897,579,10,391312,-841,0.9978355368265345103241881785139400,6
ispconfig,2011,12,230986,237362,854,3.,283014,-6376,0.9762117068594843226341425836522735970434006700791011278202371988592972369944724128784238698459413475350090616674664632278088997283200,6
hurd,2003,12,69685,13803,566,3.,605155,48645,1.08741082818960411505618472912465943024586300502339143327790317558681698348818420257977254824435570624561723218539950080000,12
eclipse,2007,12,451138,201722,8670,36.,2166655,249416,1.1300912405864813771370674101946747454276101622356457765759858475426862990458300793776547433545887260334835608356564559371486277129943912448000,6
VMPK,2013,12,1062,755,16,0,43750,307,1.00706673111900,5
mongrel,2008,12,2709,2528,34,1.,14806,181,1.012381994807384067027928308809936983800497169419256843378571078855720956241310190324557782021920000000,2
pencil-firefox,2008,12,1082,243,50,1,14496,839,1.061433697002836277775035550340620800,0
flyspray,2011,12,10248,36,19,0.,179224,10212,1.060421745204985178319300000000000,8
synergy-plus,2012,12,171178,57984,379,1.,113485,113194,389.9828179909484659465053413817293913562589050064267454269617280099640214877535784016103763968000,3
cdrdao,2007,12,2843,2281,15,0.,90623,562,1.006240284255364947173506080000000000,7
django-diario,2013,12,0,0,0,0,731,0,1.000,6
openarena,2010,12,57,0,1,0.,181628,57,1.000313926783500000000000,4
colloquy,2004,12,41096,26158,1444,2.,39842,14938,1.59982332156229674158530213281047979266587670032312288992868323036813104175193967055368161569697065031877983956786423525593842483200,1
xwiki,2008,12,365253,249585,5099,8.,156294,50954,1.48370989179105240095990396037463433336535312418158067337910760379745571314126549304727997590240746715016784217651887995742619590656000,2
geotools,2004,12,46859,24005,503,0.,226318,22854,1.11232453897804606838777280505644261379282933634905527429600000000,2
openchange,2009,12,25212,8690,497,2.,70883,16522,1.3039311271024363050046060751128634219025836786028884854682467327478492125198001774675756497549320136481477263817532901622354626302104577590400,3
libpng,2008,12,156229,200151,1736,1.,439553,-43922,0.900000227679389997597407389543723451047360390887666496916611713587497841300332940104905022716026403919322765675048568594127556445614439168000,13
Vienna,2011,12,328841,744998,137,0.,699447,-422735,0.3947171356745310807873202146030907620112579276800000000,6
openssh,2006,12,4629,3201,225,4.,39849,1428,1.03716717420508296230368199987734056334651862478586629004339591264534247946429961052274678239175524690499623271907390043444189180149773673895554252800,7
pkg-config,2007,12,85,65,21,0.,4588,20,1.00439657067524833040260506439753542712122030681600000000,2
freeimage,2007,12,122957,17130,133,1.,295101,105827,1.55912063992595407913169199747120101591614310465901340804106743535467219573615217367021381114545620908772608107022348873406016000000,3
php,2008,12,2038271,2007465,12730,65.5,2890938,549822,1.249345369922318212720056461057210547611574275627444541878900392018364706970578841207886380631238614387401429696729712049531447067269120000,11
lambdabot,2009,12,0,0,0,0.,21167,0,1.000000000000,5
SharpDevelop,2009,12,668297,396160,2318,5.5,665743,186523,1.389222069195523438124921118669715547495263080610801833704784364265553638562100785206894657217303621435591389648193692733774972609794400000,4
liftweb,2008,12,129262,86457,1255,5.5,42855,21690,2.02480510268686692777953901588527454020562650671136191085229346589041966052334950932330421025265269174716853537582742433554238400000,1
mrxvt,2007,12,2194,2366,67,1.,32606,-172,0.9946885711634623138120586847415284716604793705579391759624189640879916003172637833139925063312500000000,1
xchataqua,2002,12,123569,27048,368,2,156367,96521,2.6128229117294286242525891476256,0
konsole,2000,12,7943,5633,341,8.,15891,2310,1.1700905677095802069951379227371973424819529607368865807507918526539822301637152701059623665309682600547298849280501357122992621346910208000,2
tidy,2005,12,7045,5542,250,2.,51119,1503,1.0309545875750592227996181719670099148712624230701594215595577458417149162632965198920639699745978001969766081256432471446736485379673220084292354000,4
jamin,2008,12,1339,109,24,0.,47566,1230,1.0265452348066600329101960717801015720523684829842100000000,5
ganttproject,2011,12,53754,49219,609,2.,113970,2194,1.01963065029990177685889390563419211845250544377026743505973245405896462421183363894424912856967756570526870314275351718493928616489278714542291200,8
glibc,1995,12,153844,18500,726,4.,137799,129851,17.3375692036865918477587065575849152461577559307144711438711743500483030087189062573411134934853628126844196718485763868174660574272000,6
m4,2012,12,181,163,25,0.,72625,18,1.0002479099810977554034113815739934376186596267894287307200274657850400000000,12
kicad,2009,12,382889,154738,938,5.,428932,228151,2.13631767948361192299860705417329881476129074717299753828562533254014659637503772615078118444028731139049517936610759056662919769427200000,2
etherboot,2001,12,71759,1676,105,1.,118476,70083,2.44820531855858460579306500086807727110795746039787569279471810287143012054919814971318489860476044416830357794219948917401600000,3
scummvm,2011,12,1730245,1053490,10418,27.,1274145,205221,1.1919883920720742692354113197687160225196928371221661524035201912274597529677019748047998981792716458180453050262960818288743794278400000,10
neooffice,2003,12,28344,5319,337,1.,40393,23025,2.3257139566852390781885033004335930831821783559142867393028300800,0
nemiver,2007,12,31557,10329,394,2.,47313,21162,1.8092233566112968424938156563030805054092702249122696167065558154947788590091589541716919213597981862029584468679076953527709081600000,1
acceleo,2006,12,65616,62165,46,3,205370,3451,1.01709101174,0
hal,2011,12,42,26,14,0.5,83548,16,1.00019154565371431670324508172732458373040855925467260796218056335049680000000,8
TimesheetNextGen,2011,12,68,6,6,0.,14902,62,1.00417789757400000000000,3
eventlet,2012,12,1150,497,56,1.,17196,624,1.0376538740006646329482468825728807567280496952245032888481674738910683372395326399179276014824320565339539200000,4
gammu,2007,12,56507,44820,1536,1.,107879,11620,1.120715985007660129934955463870970431959675986073380197504430718392565476062432036273635736089802914006726414337454261030114872717512960000,3
mpc,2007,12,2583,590,67,1.,16791,1993,1.1346803622163719383870679619796107071871213077171906593633776471520248867566457568289475418224942944973991593447592781995842560000,5
parrot,2002,12,183521,97727,2167,10.5,110145,85794,4.5232228659427795904143515972586144915930361595988407361728507822635300359471176478939867184896864755685274831796209400000000,1
limesurvey,2010,12,584182,494324,2442,9.5,391530,15079,1.04510754141059632876493768404084198669538987310208188304356523283592936794434699693636729371758696489669684549742618602285026081279736101982208000,7
jquerymobile,2013,12,122197,48790,612,12,103035,72390,3.362212432954796483324689111488,3
struts,2003,12,314364,68558,1383,4.5,280697,245806,8.04496861491788303868157915910667030628925232641320467093916572014643892715094987214776635509164697661415737005424994736555008000,1
log4j,2003,12,101055,56772,1272,4.,108522,44246,1.688375132310245887059754480677211363340438997663499888654242272493929903472287177036673792385572144110561393423518377138607719467520,2
wine-doors,2010,12,0,0,0,0.,221426,0,1.000000000000,4
bos,2007,12,898187,43087,585,2.,941851,855100,10.856946893935278395151434996335340289037196144739483994874473398367199723484902471660416147429205845722777600000,3
eclipse-jdt,2002,12,933020,578783,10868,19.,624532,354237,2.3105569839073252466691540745679863479586824902834374460043269474440860430776641641693534495391841684646351231957610051865869880000,1
Bombus,2012,12,0,0,0,0.,19073,0,1.000000000000,7
coherence,2012,12,24,14,2,0.,77928,5,1.0000641659073700000000000,6
kismet,2004,12,119923,94656,544,1.,70299,11918,1.2041417584746100028603852244236341657959541518969417775489788220396901224357274398466561832022828008094354183454124546540229867764480000,2
koha,2007,12,798490,643672,1924,7.5,284565,78267,1.436743189361442236822262312857125705074886563392234861196536360663018114264732219797632301142311963103333009265426432000000,8
eclipse-jdt,2013,12,7142,1459,92,10.,2093052,5683,1.0027225660624620760522320,12
gdc,2010,12,692477,675798,1371,2.,1029199,17162,1.016957878023173013822536361780120830329141150701830304576008245777676690285633008807806622368176154024063027519330000000,4
gammu,2012,12,1997,1208,175,1.,137867,707,1.0051546767578233994125169745891621240616989896684613234316646387191665977345450556230422664358110585884617261167957792417932989065131118120790220800000,8
perl,1995,12,241884,139878,702,1.,626964,102006,1.194312687851141500882761301437497287651195030038411303126441476441354927126834554319887438343512024704000,7
Osmand,2010,12,258853,172174,913,2.5,103498,86679,29.9605746692089367390094294102679524899486719182288666204050594614109222904290880,0
leiningen,2010,12,5316,3049,600,5.5,2896,1962,3.10064239793231951113343575966220349555338185430741391605952453256265696667677780997347758968487565978105384855404737089518041600,1
wxglade,2008,12,152,73,20,1.,28486,76,1.002675114396231335858917178724271747151177504914289967080178860173074143875550703399438576000000,6
tikiwiki,2013,12,39199,37351,618,12,994153,1848,1.00186507476467220939777122916495275,11
rhodecode,2013,12,42686,23458,1258,5,155154,10733,1.07431744690784363543914438392941448,3
lastfm,2006,12,744750,240624,140,1.,533677,504126,18.05952421705532949160062124592169062903259162425579755088717203200,0
tortoisesvn,2012,12,37147,45963,932,2.5,260851,-8816,0.96616310489487188870739249007050725638477957362773731889183740182875350258071610254745750201778871414211855606505355602577303911940764520000000,9
scorched3d,2004,12,109807,59226,891,1.,205822,50581,1.32582243093132183820268735191212482484996268617369339253113829425185684608060088152183290212123690395570076811499362724694030556403200000,1
plasma-addons,2009,12,104968,57730,1912,24.,79926,47238,2.4451174742300077176586454370917061143051726870632589266987404706337394048657181977527353469678904544522120909838393913456000000,2
grisbi,2005,12,157562,142100,1256,4.5,164392,15462,1.1038205868388907410170845181804590137286891655323600256215215810865329919136831293851791710509227778764339791129380166651580305934535008000,3
tellico,2003,12,33380,15285,65,0.5,99944,18095,1.22107783842112103051489730904352587403150877445775499341968725658947840000000,2
derby,2008,12,78023,27872,1032,9.5,611394,50151,1.089357016478729356754347598726529564019706231691119208976856112719844989265004950966052041598087659404340519726990296097434585611710502085836800,3
gallery,2005,12,145840,74996,4728,9.,211949,70844,1.50206583749909323614057412969465567776815669737581508817605587613061596719950821433681221068160402363942826739962587218756124262400000,3
Guake,2011,12,76,64,5,0.,4871,-8,0.99836031973800000000000,4
PyICQt,2013,12,0,0,0,0,24655,0,1.000,9
SPIP,2006,12,255840,240303,5632,6.,128795,15537,1.137182362398990869337491430623729691357547707872912525662879884868293813994952672801523809140394434324016835948431273459300788497648182400,4
xalan-j,2000,12,85013,59417,1058,5.5,58615,25596,1.77519004225296464078520465613441112134418628414399102658161840,0
ctags,2010,12,1602,46,30,1.,50365,1556,1.0318793665115962911616054656545733345757503383970800927081574481371731064000000000,9
exherbo,2011,12,221928,202596,7481,35.5,104523,14731,1.16405693156103173403835769154258618129190177439206957142888706683886076674527323955889831911565115400408054778460137177729954770681856,4
konqueror,2002,12,26116,23741,1298,26.,56915,2375,1.044802867377490166354575529644976184685869833720058406473906718004902392115921617869847591480786113945487848363769014831365992264552960000,5
gnome,2013,12,285599,233677,7927,205,7920158,49093,1.0062371483402107659717372451054625394,16
adodb,2002,12,0,0,0,0.,7930,0,1.000000000000,0
chatzilla,2007,12,3058,2004,132,2.,28284,1054,1.03870730811519581735367619991273931393009382787425172809211729133237649684573071518058290727491718851513421970486347524276391994504979957881500000000,8
glade,2005,12,20025,12987,150,1.,25162,7038,1.4307221542273101334289711131465877218952754520652689426718950183784518235277862981130200891149231246410960598750000,4
openacs,2009,12,293475,87223,802,7.,2536648,206252,1.08850512959468018530814795657075683607948269201583434148858282740571107514406061614061032395261018254557781553632475768238442996053522411082500000,8
kerberos,2003,12,18123,16888,524,5.,254949,1235,1.0049649239106383998412695488509673149579900141170153340830289600679008718708114921727099757535124374317559695663298064559139125964774400,16
keychain,2004,12,1427,999,30,0.5,829,428,2.067331670803930176814193430637992505916784434251477755485449680000000,3
ingres,2008,12,300596,231762,693,5,3339418,68834,1.021046394164001380851793081233375858857328838922054665619639260140402797300453923413990178062391577984788828160,0
getk2,2013,12,4748,3634,256,2,45575,1114,1.02505566676689402005433911912504424,4
gnumeric,2005,12,125172,161554,1043,9.,458517,-36382,0.9200927734362183702695504204288145472948996600389199650414997990685649470110975408704376510751556799056139964025770512698727535087226476160000,7
cinelerra,2005,12,206670,66533,229,2.,563897,140137,1.330698980603477417756806698721109396526381299438179840726635873090040969351656865818975518209619663017297250405656063655357569785475634094792871902658560,2
django-rosetta,2013,12,0,0,0,0,1887,0,1.000,5
redcloth,2012,12,0,0,0,0.,2007,0,1.000000000000,9
dejavu,2007,12,2693,1989,50,2.,1967,704,1.55784469095586953536628167878153246175359996646102164601301344294466206179787462555357796472183359451200000,3
monoxna,2007,12,344137,335599,199,0.5,220506,8538,1.0513110211947158320414718803158234616337409439154908200000000,1
swfdec,2009,12,42,26,16,0.,131966,16,1.0001212580522864136589683790173628095957455000000000,7
spacewalk,2007,12,0,0,0,0.,35,0,1.000000000000,4
texy,2006,12,1284,1259,10,0.,3501,25,1.00719217491400000,0
webpy,2009,12,642,345,82,1.,6414,297,1.04856115107859177422910349490119400499409462366698364332440568597668538793181620260451068287539760236066237453204885524412068968365920952095211520,3
bazaar,2011,12,923112,515912,5382,12.5,243892,20508,1.0918060380428401652222753917753843616447107157904606801978885671109083521297450334148197278518230773676791853257077011811009504983549369164800,6
smolt,2010,12,38118,6156,296,1.,34214,19296,2.2934709750974944977377820986213956938186378649675595580000000,3
parrot,2006,12,345813,278345,4093,15.5,299839,67468,1.2939372287954255246375363253310165537498876201965599199733111809786120839338339086697410306165570501661505856042683545107734385131520,5
factor,2011,12,1367130,419043,1584,6.5,722860,335601,1.8666060698234962106460969676231886136456629286158843751174849199898685553998006771485865259400265752165064032973000380010941015823910634246400000,4
novacc,2012,12,392403,281887,6048,71.5,138189,46786,1.511865037265685600504176607162500699837330315938307979780239310827363975231243083369690242813122836002343985935416357899204553600000,2
fluent-nhibernate,2012,12,2208,535,59,1.,74226,1005,1.0137255705325589649366935738231046652800777238713143795978691781555018867992000000,4
piwi,2005,12,47060,25807,211,2,36150,21253,2.4266630870000090802866396795752585797433525673177587933815149516424459768472790630400,0
thin,2013,12,34,40,9,2,12875,-4,0.999689320388300,6
estudy,2010,12,1583773,1362464,4299,12.5,1172152,221309,1.232750306861867388293729521011584466436648794061029243879537505525502707433343912257390410436599344566859994472500483311883045761192825600,2
windirstat,2007,12,28,22,4,0.,52316,6,1.000114700822000000000000,4
openbios,2006,12,36146,11260,171,1.,83365,24886,1.4255544725481373938858015470416955294409939876018672128265615000000,0
latex-beamer,2005,12,95,30,9,0.,16028,65,1.004071916306814423341567999198467263127111278821966400000000,2
vdr,2005,12,77578,53877,68,1.,155058,23701,1.18043195259017282075693934928474212415667905921426374262463065035450923481582653205046497323532752176951296000,5
e-texteditor,2012,12,0,0,0,0.,120007,0,1.000000000000,3
mongo-java-driver,2009,12,7516,3355,295,2,11732,3493,1.4239592183385235565879745771953585702250836231162517569203496924426404267667271744509873854651818025396192795243948302417600,0
thrift,2010,12,48131,18457,646,3.,101819,29674,1.412769508944495270917641945235543092264734822690934896560332921361692916632983836237942490140172695129311609795364913711681392315094374400,4
OpenNMS,2010,12,2214360,845531,3028,12.,2223906,785330,1.5459078978293336301551498509698839304906804694957620838708835488631598164429312998185358852745544423167311940835390927937721565963993600000,8
tine20,2011,12,189475,76433,8578,5.5,226935,61357,1.37056251438933131019241165638385137097090359477356830701717100367911318171733662679144546448394546863468910770884246678062202186047488,4
nfs,2003,12,1387,371,55,1.,4877644,1016,1.000208340681294969011813093882411663215355860418594524778466099173428173853351020595285045721876085403120757567424000000,5
seamonkey,2011,12,195910,86285,2844,39.,878792,109216,1.1419171075883837395621312137033974699713020592073960676550585738220900910653497298302804653098318978358096571464539393439507858300886596864000,12
ncmpcpp,2013,12,0,0,0,0,20623,0,1.000,5
winscp,2009,12,163793,6801,25,0.5,379263,156992,1.706308965198645607332668274752915693100447327201330630654975290914122960000000,6
i3geo,2008,12,125258,46450,1924,1.,165334,78808,1.91080137764483220582643532480010146412071006366129035398130159623579364714048072848846924298482119688270625325519207654400,1
svnkit,2005,12,14972,8512,287,2.,52091,6460,1.14157042361631733371017685365383093901210384,0
boo,2008,12,26220,16767,424,3.,214182,9453,1.04617323388444717031964948305508564513764584821929085916624800092224248627792916865362515686605087647780906120048197107114187080801752703671367680,4
PyDev,2003,12,423,307,17,0.,16831,116,1.006939874364000,0
xml-copy-editor,2012,12,0,0,0,0.,237867,0,1.000000000000,5
awn,2007,12,89215,107873,885,2,44723,-15464,0.72928592699091660653625923569596272628037224506776021605967844804735447465273335344450271525748985453772800000,0
windowmaker,2011,12,4431,551,46,1.,95621,3880,1.042294360024593401447909927943069166600472285104600564649834559999569316265180050220047975616228198883328000000,13
asm,2010,12,1487,442,39,1.,69118,1045,1.0153513926464250425484127776786996122874743978672677233915945114332363677196581807341222088974336000000000,8
yamj,2009,12,19207,9528,495,3.,21121,9679,1.8459185457400926178591455813448510001628637345818517896419401671869579469488289631076229211282134710723318410574989833002983173622800,1
lftp,2011,12,264,138,33,1.,62481,126,1.0020206879961149690222409413596231492411375174029800,0
merb,2011,12,1990,135137,45,0.,174979,-133147,0.2390686882137575211258333278750360000000000,3
shutter,2009,12,36999,27322,451,1.,20127,9677,1.9260287081470986826508942533624960926038983551072043217364519529395674275587407096867699396738879686738586292547386148633950720000,1
springrts,2009,12,355068,457311,3933,8.5,319229,-46148,0.8576671827461576043364538821389038990936310827233357979918287915528997116923446658620553245626027997082254335933105161580268017878333830400,4
hibernate-tools,2009,12,0,0,0,0.,24209,0,1.000000000000,6
pcre,2008,12,5659,2525,107,1.,37319,3134,1.0916776363947813949432022143558769573079618859857256820674071229018076160000000,1
musescore,2010,12,2034340,1309064,1443,5.,1660126,725276,1.7758207198008034720256236198116275001037496137160837324511039062815198094737200104610658172919379745519474969981325821542950193102848,4
hedgewars,2011,12,181172,126534,1944,8.,88877,24851,1.38813919351456239254410850293925321773330451288602573384626802009614178300966012067567790224174221926189584899255139163566832494990400,6
libreoffice,2007,12,1639021,408312,24256,20.,1806071,322154,1.218397794264495149144806714987382514977528689075852930582647271266228101481222836235547889182672590215884844574112426280063061968398181683200,7
brlcad,1996,12,100509,53873,1223,5.5,392577,46636,1.13480911485465856162792207403400599378832789939426916718749398510880272131245560509429715035264811305674626359348549328689063358375168000000,12
ajdt,2008,12,36270,30427,185,1.,302629,5843,1.01968758633582900554490999265459793907782963668073389577534279639816574354580905082656302870668716762384385368951096696003559584000000,4
ocaml,2005,12,5820,3895,210,3.5,210662,1925,1.0092221311980886287279978466709803860766097887191162895798619362525269275535939522581912355583012693439277868658997922566317878848726185260873563769344000,10
pandoc,2010,12,13062,8004,482,1.5,21332,2820,1.152333621417445493450934273928725332556295609347247140973001833249485391185571767331769092789578222059221114401632236029119717657833736171520,4
tsung,2012,12,12277,5695,190,2.,38979,3176,1.088707650197634785489602102339209723146015405802393452454198758663235197907536329545353129127640912272984156577770700800000,11
nutch,2011,12,19118,19163,181,2.,98011,-45,0.999539717284800893047816202259038935766495292495835867579557521699593956738151864888638556164924642795532139908042103969280000,9
sv1,2008,12,50035,19036,474,1.,93333,27006,1.40716450316765138628009273785014057502953568050425839784226979242752617873377000813137601990729206385674518396802447980964502884249600000,2
x,2000,12,46209,11625,143,4.,63294,34584,2.2045977011872460661797545896742695243528256892966352393192299667949664530776090216472211381687287665617836637064156994862400,1
xmlunit,2008,12,1727,309,64,1.,16851,1418,1.091881034147154374969400861882670644403686417990134082704994143343644042440503929856000000,7
yasm,2006,12,85421,40095,409,1.,144670,17270,1.1452774319671741858513644886842321768321489590306914631003281496575137936071052537718311773876557650315265644788728738530770363654579712000,5
apache-click,2013,12,0,0,0,0,47397,0,1.000,8
apache-james,2010,12,697718,457275,2604,2.,3181404,240443,1.0817566094949212443393779824980016268387575199205216219622419078253491061067720781058919817694433428690621268988452511582571861463843619553210400000,11
htmlpurifier,2009,12,1813,1478,96,1.,33335,335,1.010151515146807005890120875264399318384041530857167755780883535019757053987603527944000000,3
jbosscache,2008,12,263642,230561,1481,5.,363864,33081,1.1254845880037109709667931057662329713174052620019951786962715147947211209935769935682854954174189536096565165146943169520144955337080832,3
x,2001,12,52773,27425,199,4.,88642,25348,1.4004802982325023117291517478726986798619006428671789551695529759397776424308847482459130810496649706161988676057831337271775294648545664000,2
jonas,2010,12,1666437,597253,1997,7.5,8136129,1069184,1.1512936636748030818813393667826900363125968124246431636540269026786531618436792672084513414841710498231648121897065450822951256361736548640768000,5
obm,2009,12,957918,676283,12011,16.,335033,67729,1.25684695138087898445870661939160552957155151954091977183705398142986462322667976556317978108255576762273727881107434255285076806860800,7
aws,2004,12,53535,35805,1318,2.,87823,17730,1.25294965259382653962377079761224797770242273242174107405905483956393641181978165886859275050371770257623355202547165130834720942321582080,5
viewvc,2010,12,3010,3062,80,1.,20188,-52,0.997414993040951106599748096393822663759119557497290480176967916272956644160069579979338698604685716728855435014527329522213465313850967031818708024000,10
yade,2008,12,64028,17151,398,3.5,90418,46877,2.0766174411681535980485540576008449687125732275426180067365689382665815935567146552754567021087077084356408206700891296372078018560000,3
glazedlists,2012,12,2107,1208,13,0.5,65633,899,1.01390779703245703305192972632761555168310556802108319813121920000000,9
ccl,2004,12,24589,12578,605,1.,167223,12011,1.077384480576580093702181013393644387749869495258873834077087717651720786940353813875134806425745498278129213426675497830400000000,1
quartznet,2010,12,159937,125134,134,1.,104444,35857,1.5531438973018604032021254038200408210568558331716098985140109142600956781040618830312386678176594229152980222787200000,3
xith3d,2006,12,67433,54720,313,2.,37301,12713,1.5170408328732384180027818135969165874899391255871549785280382341400515763114796659498181229218324702772545707502951883338547200,3
enigmail,2005,12,11412,3076,207,1.,30129,8336,1.382508144859094809967566916696916171474877354609686223920942872500155916476911584670043811108903329496485578211922297140930798139590979584000,4
kdelibs,2004,12,222387,95220,5144,64.5,760616,127167,1.2007533361047416603674645139583346729327238290427543982065966101083063770848869399084024307210641380429292917875182803018069546484865075200,7
remind,2006,12,0,0,0,0.,20009,0,1.000000000000,10
grep,2002,12,4756,1306,35,0.,23589,3450,1.17130939970293828105080000000000,4
MaarchEntreprise,2012,12,35806,20311,962,3.,169808,15495,1.100412797367824679612662336188138183148189908388718987768057948760310583171343894765630376559291605304976320164046933902775895589650472152128000,3
smuxi,2007,12,69718,61346,117,1.,22656,8372,1.5861103332120900722045055017239182228245234865812554795117677872608221545644513473739622122463962593167610404640000,2
swt,2008,12,145992,79998,1513,8.,555983,65994,1.13468465615153292102650990699059601111327156580539825604411868533725232896813305850409721505973309765639322759188006507345618055477198848000,7
cruisecontrol,2012,12,137420,14949,439,3.,525802,113925,1.2765995673879700166326855016272712437111697139839477972843687185082178947326663752385268043340434071134893798658733529738352548827520000,9
xdebug,2004,12,3372,2529,193,2.,15799,843,1.056365338320993714743694229290818462342138133521335501915024285663432177666494210701945894319725604484318372721202727851779577534318547500000,2
jersey,2008,12,309406,278000,1050,3.,75429,31406,1.713399813735458382387131592726609458793369779365836387585652101731126021753559813327384782616257522553718966743777237570970660080000,1
glade,2008,12,29983,16172,292,2.,58845,13811,1.30667939776820369646521976755143869097985602417835794839556276768455660771490707995462875704640454774686090289755934029065446400,7
gnokii,2007,12,58006,14929,484,2.,213000,43077,1.25588979574809233924568589818170694983572082689584330187049251471905926826423982334192287821697373349480144504038341430056735240602240,8
etoile,2010,12,89750,61809,1349,4.,483264,27941,1.0628746692170969525817757715399867212444753757538670511281882655348984199599767010731860176381101381866846649500275469519888492337216239144000,6
cups,2006,12,258108,75069,1197,1.,546706,183039,1.5033148457307729023557557852959083978703107160451823620911206844823499110855085120958785470953840816366508414953533493454459975706996001280000,6
virtuemart,2013,12,126,107,6,1,135980,19,1.0001397459566026083254662700,8
tramp,2004,12,2631,2267,135,2.,10489,364,1.037123916375047170018807925227331320869467140638766269108883715158912776516373652378579498291530775055621158147430985977912817009645977600,6
rsnapshot,2005,12,7846,2578,199,1.,11051,5268,1.910945875790230589760203261511069939090071798609715395089086990819640799382734040880052581797401312887488000,2
xchat-gnome,2008,12,343,423,44,0.5,54349,-80,0.9985280317945229458869613562873770662225000000000,4
xfree86,2003,12,343097,680873,1770,10.,2421036,-337776,0.874834917100889696331440475471825032255526935711766842181123047415236486323980285437393409703858563956605882813189190856721775095509616951296,9
ajdt,2010,12,24071,10106,212,1.,335322,13965,1.043456342944545234948414378717720545297010701136282044535031755385277934918567786929366884706699491214641510929775330560000,6
redis,2012,12,52051,38409,727,6.,96936,12415,1.1468865725749753132280599298885628989302844560219860335291107273294057634359863939235244378645817198382280319149277519161910657224859648000,3
wget,2009,12,27415,14889,239,3.,61654,12317,1.24965036381823290122130771700193576083690600441659476856989488258408484518110909545045325012411451760098547712000,9
scim,2008,12,268089,16687,81,2.,922683,251402,1.38335923095768556399063702505060735925781795467286794274126753710686556119488312617910628303980913619721193888640000,6
joe-editor,2004,12,14531,5569,176,1.,27932,8962,1.47243015290261446221597775454154507135421938298272198746040363261897226806577690256915027870223957127055256827874378240000000,3
itext,2007,12,157133,163957,566,3.,120777,-6824,0.9436102962452784675509698910035325658799483020416312026589108413067747590983832496835660323912457322885224900400537897323778649974240051200,6
gtksourceview,2004,12,4177,1964,75,3.,24400,2213,1.0997430927976114243802673870067330018535321062205577239689135993643638568373679390385908182781697914744704000000,2
Miro,2012,12,44697,26627,953,5.,198438,10549,1.05614485148045708905650446648603334395755365366201265356277355418242673849327248994341499292913625155161720754259181901308381575063847787523594240,7
Python-Ogre,2009,12,198881,115216,286,1.,429732,83665,1.24175954366921094948530836147901056989429912128069438974481305878158883681606457299182531188999128077019038495573564532107401846843717140480000,3
itk,2009,12,96193,41517,2631,14.5,1090173,54524,1.05277544399026877952475077511177744699877124880251838336991794041703258189478317343098576255704296787696723614155643557910449811155494156094656000,9
fetchmail,1998,12,9615,5617,700,1.,15445,3998,1.3492618153330715454432882548541119102993453380014924443716389245159780696596728574788551060969910590351822523878341079642501650841600000,2
pymongo,2013,12,4040,3015,88,4,19803,1010,1.0537434151095178795743964620364440,4
wine,2012,12,360945,169919,8138,42.,2446564,191026,1.084691989236445900561059651286691377911558467386463735269691862751756505553998599129129902375910764419960347062636534410626434933480849600000,19
gcc,2001,12,774119,372621,8026,57.,1704380,401498,1.30816144516151956513846914598153826287094289026249133179683782205344354684882216530510073602226999316161854856479185384203970717000802304,13
sudo,1994,12,3662,1678,364,1.,3560,1984,2.258883248694031133103231380675488056834110291563204116299578791397337234415508926483537619759554602452749325920441311256811648512000,1
urlrewrite,2008,12,7297,3254,186,1.,23040,4043,1.21282307729697141218654499639616504598573184560812946179631612240469851518509442916541689280000000,1
cpio,2007,12,277,261,33,0.,6429,16,1.00249493216866333812489600000000000,13
bluez,2007,12,63469,36990,1747,5.,10417,802,1.083411336458027621816709315886829841215163743195317293789502985661732999168000000,6
moonlight,2013,12,0,0,0,0,928251,0,1.000,6
wings3d,2009,12,28502,24588,517,3.5,230111,2839,1.01249163997469872175888881596932074687045430038154389639536278188836596701284493198860953106864175618043939406326732384766494784847872000,8
otrs,2010,12,360581,253866,3108,11.5,338044,106715,1.502770265710629417829277338862429029329965944997531611975313844062793029017754793946892647961131230662752109148746571308905900892160000,8
aspell,2009,12,0,0,0,0.,28030,0,1.000000000000,8
liferea,2012,12,9492,8547,206,1.,73798,138,1.0018734727162710579243653931795058927942616379362414451362146439280447176581701935139536198809557520121856000000,9
marble,2013,12,17123,8927,427,5,279111,8196,1.03025303139667005889854123898439618400,7
catalyst,2005,12,22688,16708,963,5.5,7347,5980,5.374542794929147342245382167265285939044314948604580049107206469011312810713100236922253272701045833331266560,0
coin3d,2006,12,615481,389177,1766,7.5,2838778,226304,1.08662440277221901897130545648825356443935603731796028362873813657644602080889862775311312662835368374899256747746036142127907840665844773000000,7
scutil,2008,12,975,313,85,1,865,662,4.26108374379358502709556422364485868014537831760068096,0
dcmtk,1995,12,0,0,0,0,23985,0,1.0,0
tcpdf,2009,12,40264,32787,158,1,159583,7477,1.04915650927816967034293887488878828011573141979340181264585402625990496230966441968048349170840683930737352432,0
chromiumos,2000,12,5512,0,12,1,5797,5512,20.34035087736601729402935678070643973737340,0
infrarecorder,2012,12,366,487,25,0.,153723,-121,0.99921262404422233105486822780864454749789367601054000000000,6
telepathy,2007,12,272034,198923,7637,13.,169993,72953,1.751782770048184743976764994968100245309311127379419400227779437721617648157878570911594671190879449639635067627722385596490295360,2
args4j,2010,12,0,0,0,0.,30212,0,1.000000000000,7
ISTool,2009,12,318,112,10,0.,30780,206,1.006737751030548386052632160000000000,2
aionxemu,2013,12,0,0,0,0,1396926,0,1.000,2
imager-perl,2011,12,11188,4845,169,1.,62183,6087,1.1085104107269416596191212693833119150229509577214061736769988672607029047694875991616238983764641175895433526871486455423962972160000,10
adminer,2009,12,59133,52119,4587,1.,27210,7014,1.34729649440278904304018647294641986846110647793674445511603962681770873040422242056709148762279188165887348693203145722658555709131535360,2
rails,2004,12,5688,2709,269,1,21958,2979,1.1569629591,0
itext,2009,12,131979,161291,688,3.5,179629,-29312,0.82932836470686928735591396245633622542195268963307701994822337076100780206070489813821679101907109905662184057383126790294779262318610285982200,8
ZenTest,2010,12,0,0,0,0.,4007,0,1.000000000000,2
libtheora,2003,12,19691,6646,117,1.5,24867,13045,2.103451192627020786515534563740592913987140504104433582386783760100569261067244585910380480000000,1
getk2,2012,12,28351,20562,807,2.,45384,7789,1.212396378633176232087840562376017521225268400949834436842208463576713815532913197810139812264639854544170119481331072765812959806610828160,3
cogito,2009,12,0,0,0,0.,6648,0,1.000000000000,4
devkitpro,2012,12,15105,13496,257,2.,205096,1662,1.008181871886216086265543753347168406948866759304753973374839582179024340864691197420901290366272976042458233600000,8
tiddlywiki,2007,12,961156,549096,2250,7.5,481664,412060,6.92006206581650712723110640652199103864878417417436433771012154307846159917486784006068231590817109475599573658050826409643571200,1
struts1,2004,12,68436,130315,772,6.,515708,-61879,0.87582128250284149109669443247673460500440378808695098491444327133523753380009065637923142618629078024058990552361975997698389692268913510400000,4
vncviewer,2007,12,1206,221,9,0.,4977,985,1.246743487000000000000,1
kmeleon,2013,12,0,0,0,0,71574,0,1.000,12
nhibernate,2013,12,12583,9730,114,2,522878,1292,1.00247731207793560366691520,10
fcrepo,2010,12,259277,250962,290,3.,239367,7799,1.03367909209680439841694327554760967529071984055295084969593971159263655110997106157410488845751885824080174078264566306454917396450850065767936000000,0
qtparted,2010,12,14,4,3,0.,24628,10,1.000406206840500000000000,7
lokalize,2013,12,23,19,4,2.,26807,4,1.00014923702570,5
opencms,2005,12,817840,634424,5048,7.5,633318,183416,1.40767989473687009335496972245234378058871648875633385741472376774170441862671463000226481940609032190913753696401462566047644319408046080,5
eggdrop,2009,12,1277,766,47,0.5,210241,511,1.00243647754971794855628279788393956261223024636891304187463718297760000000,10
origo,2010,12,179192,42578,762,2.,247426,136614,2.24267976564779608596838420791345058546903266561403698771901247715510368246811486292692201838288855809943086120220974131580677400000,3
ddd,1996,12,27576,14932,586,1.,66023,12644,1.2368721782075493690304588071926455417613080808965046837657751828217354627052688807631876032193975969028721460265131058943325974011050466534400,1
qsampler,2007,12,6780,5311,81,1.,8158,1469,1.219614292107307885934890108820613119990094727270043905440414990720000000000,3
gentoo,2003,12,1528125,791782,38071,132.,1155210,736343,2.75793987077561070659138168700322555512003034307148168864815350713758937151721335117592219646455833307835134527298473903606579200,3
pingus,2008,12,30466,16256,394,0.5,101879,14210,1.16208694068658996090049667800903504800547213957309306968872458849280000000,1
firebird,2011,12,108061,64233,1324,8.5,3703149,43828,1.01197708536614014523033746012511934144746816740958218625795134505305918363614134867424096119370032513978468995737569900186815793319479314357546522926796800,11
scorched3d,2006,12,182013,165268,623,2.,254410,16745,1.072278599579930412166000577345360743400501791985530958176030371752091626105670230469965679499988111306131212600317526194694411351195648000,3
puppet,2006,12,165456,105658,1930,2.,103178,59798,2.378469340868476011877014145429573966589779602631187444337410087385416354855747942232824281376853376601872492013042555972181196800,1
wine,2001,12,253543,152063,2110,27.5,619017,101480,1.196082598928309946939734545160082289567558256207462012720755168501471944794375667835973678804115724670033469943026157794541172807282688,8
latex,2004,12,1878,1096,34,0.,4970,782,1.18672397330366181023980195709514486192532608000000000,7
ant,2000,12,57441,15145,1003,4,47027,42296,9.9401817798058702195147689267465070186247163800515235007865457208589811168486357018770117654051519440619732992000,0
stackless,1998,12,107066,87333,2539,5.,332145,19733,1.0631633868036358872948833394917538350332953366394915895868131228749775991524031052340452222351755075807138854005161270436428579334866493440,8
plan9port,2008,12,37878,12502,427,2.5,799663,25309,1.032684017908696881647349411487638359351170210668102963591176921037900053829784956278622588250543462335233432343501611739885278126411520000,5
openlayers,2010,12,13663,3612,602,5.5,95140,10041,1.1179919858072642146680447856817271415310202484069080508792159026876250655645302450351389998257299547915712583897791708592922784476473233280000,4
iftop,2004,12,103,17,12,0.,5238,86,1.016692546586336743986501431024384391541251296497905146499954000000000,2
open-power-template,2011,12,4558,233,125,0.,32825,4008,1.13908456813367708264960000000000,2
rosegarden,2013,12,2757,1543,41,3,745754,1214,1.0016305501156047067632081399233936918328,12
cel,2005,12,265898,267120,748,5.,204621,-1222,0.9939300615230408374736585810625304222568342840876784288931974026176896956687201753246717727644616773441163011473090018365623983150464,4
clamav,2006,12,169743,31425,807,3.,234161,138318,2.44317268859103783979874853562815078049663886540374753772456879794807221525908841605706930504641494688539834617812019018539515292614656,3
blazeblogger,2013,12,0,0,0,0,3423,0,1.000,4
poedit,2006,12,19567,32755,106,1.,18627,-13188,0.58547854787239478238642978866397859120324099282666960398068681648361758661534501045801646642902428463988635117625032192000000,6
camino,2009,12,96585,11782,341,2.,179858,84803,1.892146651981966008237697051661878220227258435769455851550654061971106585174124077808018452992030992704272391351276548070479291996570999848960000,7
jasperreports,2011,12,78689,57513,820,4.,282815,21176,1.080935946099985821755517086806233876869013517257626796280718065576044441722744051885102025150763968594650754302367168056825697080593040640,7
libvorbis,2012,12,324,232,34,0.,186262,92,1.0004941719933531771894482080000000000,13
xinc-continuous-integration-for-php,2012,12,2231,3534,119,1.,24960,-1303,0.947225597404918208007430413170098938816133254012353790360980330965744686816349504339200000,5
izpack,2010,12,358886,272182,1246,4.,3239320,45457,1.01423572802238497158664396873303427479512418840534653883471244312968852266268089885288556774559572151995353242419042662380745257333907687069254409774694400,8
icinga,2011,12,8678982,5401359,4120,9.,3811950,476355,1.28300625698556421093888045630808836321237962185382201049277005535900587334079349812204780542015958981129487357380965434372163026944000,11
scriptaculous,2007,12,6901,4624,137,1.,13393,2277,1.20483987045786576900663185307173445569912639782277961451183295695529057956259031781331538214621018257454716159414750695409600000,2
nsis,2010,12,126373,39945,162,2.,5349861,86428,1.01642046169914834759946785927672436233565092649114942579473028361165053921645477922646980279445037112753011607146473499637871404599767936000,8
pango,1997,12,0,0,0,0,86,0,1.00000000000,0
mwenhanced,2010,12,535311,458645,367,1,179944,76666,1.74232643269034434120595166622469658435491032198910305497600000,0
pygame,2010,12,74686,49886,625,3.,430250,14691,1.0353523807663870659937407676699084194236384757503734086451578159076466042331669701014197758721570780405598278686273535183360000,10
padre,2008,12,53246,37864,1748,7.,18722,15382,5.605389221064172887283193296499852644560,0
pulse,2011,12,58806,29079,495,3.,286575,29727,1.1157377125688732434389697745977860981783674743825335524942255736921078807018106833800834401541786991440235932474587812433816687433673080832,3
testng-eclipse,2007,12,406,176,17,0.,21986,230,1.01057179628623254617970550365191811184271656070959200000000,3
glob2,2007,12,84781,117203,668,3.5,80996,-7572,0.90415189875086550037472038212782368442532467009114725264583907278032476888748864273407742771558552706607594469591555760263424832000,6
gnote,2010,12,1210,359,72,1.,26042,851,1.033781906234496780328669624003184746937780094136644122416629940282868165307706004767468800000,1
dcm4che,2009,12,9848,3749,168,2.,65526,6099,1.1026301176218440546294090102907409592795948048270902670408176094437116962419615883566066573645553810484317562427239784733670354740392133301849600,4
rhino,2011,12,3541,3198,29,0.,88935,343,1.00387168141629066579312896791397371745000000000,12
magit,2008,12,4022,2486,278,2.,4024,1522,1.6083133492909168667132195890724533381252416,0
mockito,2010,12,386986,3208,245,2.,47268,4171,1.09678167853287886311387906150775724525311716091792510788667586003731830996689651581981403744592093699477778598400000000,3
aolserver,2010,12,17,5,5,0.,227703,12,1.00005270300538793342333728180000000000,10
commons-configuration,2009,12,87711,7959,274,2.,204786,79752,1.6378425067921567494902559823306538818341057950201617158051337310605034786329627981134967356825496974508412672265656926235091399543274905600,5
plone,2003,12,74377,49069,1751,15.5,25659,21047,5.56352992158625103950269650780398842472108482480465765314630624611309573104995390162012304976643019726795766182048000,1
R-project_,2000,12,145280,92808,2570,9.,235456,52472,1.28753671474375889761594085432281216752007064709660049758164091715428521014507376581092059263738926335981620048585419088840830686010777600,3
xvidcap,2010,12,0,0,0,0.,277145,0,1.000000000000,7
alfresco,2008,12,1600856,1145596,3310,12.,1449549,455260,1.45787492374787873317217504379757121920845812075257211221912399818246905637315689077834547282262191076533543779690259085770390922117120,2
vegas,2007,12,714590,366949,518,2.,407898,347641,6.7693048115335045899943561947693865731031588812117814564089552086317799534015758588606472140490996463911359446411154300474589184000,1
joram,2006,12,21350,15664,247,1.,90334,5686,1.0679728873479160632994455587285129392932113874464461440431838630007616859096904836628773958094282088823154862757232142180979186443850156013216256,6
tmux,2010,12,13758,10167,482,3.,28590,2257,1.085709945682362499823469153187431225690403291197438634048030280572663773245643056527309934950130667907763759244454170384930958426730748912000,3
neurodebian,2009,12,3081,1307,69,1,1936,1774,11.95061728566122324469530007474504255834585145320000000,0
enna,2011,12,4667,5137,173,0.,29780,47,1.00158084154649530858525098697864246680573326364107780696602288800000000,3
cmsmadesimple,2010,12,77806,85521,4412,6.,539317,-7715,0.9855129885476569754265057363383258880606958533127552419823049605986166100669974455182916599916968394043981428314037986311998780295983121477916743680,6
squirrel-sql,2001,12,30492,15650,292,3,93027,14842,1.1898318092,0
CanooWebTest,2006,12,166594,221393,1190,3.,161528,-54799,0.7417723786428187381813460315436174313288233633012161607835234868367496333015245640965315630998872035532904553147873791839285719859200000,5
blackbox,2007,12,14,9,3,0.,31521,5,1.000158649574800000000000,6
nmap,2007,12,2577465,1515200,1488,5.,1540596,1062265,4.050907576662616413280466559587798225462887526269235015415783589467296776364322027207860149126171534023744406446044317892250987271680,2
grep,2006,12,128,182,9,0.,23917,-54,0.99774219174649104887392080000000000,8
mootools-more,2013,12,159,159,9,2,16765,0,1.000,5
ode,2010,12,7066,699,45,1.,96153,6367,1.070913059946455945043981558185500151657729064720428336070784692581916600467113597844788624980124230875639699265839707914240000000,4
htmlpurifier,2011,12,953,206,74,1.,34989,747,1.0218153145285569683909913293785558716157978638751500241770621397454335908000000,5
eventmachine,2008,12,1196,704,66,1,11483,608,1.055908045984892075456311110210400520619102116757056186139935886518079569540006954353482736579852773519360000000,0
closure-compiler,2012,12,203653,124011,676,16.,465723,79642,1.2062831374745598650532696363450171525349845465110331199758303844068375870742491053400764751074839438323287366274434644612691000781082130822400,3
cpants,2011,12,179,81,17,0.,14195,82,1.0058102458731035833042280000000000,4
xml-commons,2006,12,8663,1285,99,1.,285135,7378,1.026562786895856930290758985364786424181744498230750587919565488851191076000000000,5
flex,2006,12,1582,782,156,0.,50434,800,1.01612123166673365478224150881321109379427931216000000000,19
poe,2001,12,8425,4485,283,1.,18670,3940,1.267481330609199381805626763374755347993727018511382905781215767906005753096513966726295430834897291950109760478973453456675465757317120,3
curl,2003,12,25056,18737,1257,1.,53612,6319,1.1336138540505605558313996446633385680309346603949748889470125391021995566836128755916923037171448533405030771986896919615780062138880,3
fluidsynth,2004,12,7568,2184,70,1.,57510,5384,1.1032881863074293439574761485002374203641554818505718624509190837590809167784333551737682916864000000,1
phpmailer,2011,12,512,3,6,0,7488,509,1.072933084970000000000,0
courier,2002,12,35613,16872,244,1.,94699,18741,1.246728455201641341503329261544643963947596447746102993046498977601857621033542356887477574746156570784880078006698046905635400477440000000,4
openwengo,2006,12,1893485,1936283,3275,8,1292106,-42798,0.940507268875965480092661466016062829780063045238135988553412759010309941909258349145257994165646412484748025342454400000000,0
hg-git,2011,12,1676,372,136,2.,6518,1220,1.230275575663596743991411274381838892250645589341817463001265104723666734634664976248832000000000,2
bzflag,2006,12,329382,269964,862,7.,288116,59418,1.2598098803192751843517226159856235306793744682888187656152057523615401489942882206945596570066369287450737131147643089918950795305110700032000,6
qjackctl,2012,12,12545,7927,50,1.,55189,4618,1.091317158058781019601722471375968055294712186542176721200209966555694121747700175127000000000,9
kdelibs,2005,12,400328,346657,7834,63.5,812732,52116,1.06851814843464916090676321621949225670103365550498247669805002017655104707276671569245664063611485025730500050681087724877671591321570680000,8
hgsubversion,2011,12,911,388,71,2.,9725,521,1.056605823563703975131392015571560623001599862525011141136777866839763484889257292294070658145000106590927392137102063126601374676752421585978008000,3
poi,2010,12,49187,27451,594,3.,292797,21736,1.080188592231361275577465087048368824405105461402902106380684262175530524536577856957104978914770005230042027860697499576545867141114629666111488,8
jokosher,2009,12,11850,8168,303,2.,35511,574,1.01664105759563710439769448513504905202116293259210342742248868526991727078395638250000000,3
kamailio,2010,12,11,11,3,0.,285357,0,1.000000000000,5
projecthamster,2008,12,7862,4644,376,2.,5625,3218,2.336933942564072756080234065209631486282599851650687439514658688809192350034992941635533194554200115322584393067166822400,1
celestia,2008,12,65170,42353,520,4.,179721,22817,1.1454201295152299306404157491867788478562527077375311820015954759615491643520645191372958859060173273699944509794966271488442186248946307194880,7
moonlight,2009,12,631699,441779,6257,13.,588986,189920,1.47591125271827354754263906713553527079548957879922733491413889625110134894504330929925755148375784525380317888070682205388454648640000,2
keychain,2005,12,1034,186,26,1.,1677,848,2.022919179614333073748123428715655627584889321329395548379813652337497490208000000,4
processhacker,2012,12,29972,210171,436,2.,641693,-180199,0.71765688387763381868703419091747544030846435540459909561888416359260951992347760419591419788643195700228369838608806321658880000,4
conky,2006,12,13303,10132,416,2.,19535,3171,1.2140831758052655651871932212986430971162254797787077592653952576783266213611255161740529274551430226808787233794096865626283939867686476800,1
aptitude,2004,12,0,0,0,0,12436,0,1.0,5
pyopengl,2004,12,10087,0,21,0.,174320,10087,1.061418837869052104824686581288020935416805753466713484284150000000000,5
gunicorn,2010,12,19258,10918,753,3.5,8858,8172,12.912536442733352499559270516572119984970341903184188749534074475207852841652675251159922603354652858650674484123465537321336436920,1
quilt,2011,12,118,45,16,0.,10428,73,1.007052458699118723598600139552728927338000000000,8
simplejson,2013,12,672,392,27,1,5248,277,1.05572319452426599571170,7
mercurialeclipse,2009,12,63416,50296,733,4.,36246,8352,1.2994192299154758224945589561718979559343088668857374665594421019877606431978638897924691143664707024973061839222897350246400000,4
pygtk,2011,12,10476,2994,119,0.,274664,7482,1.0280033834625530005992814392826672350000000000,12
WebGUI,2003,12,125203,54082,841,3.,149117,71121,1.91185445409745935764844314934358566950594901468004699131820212402870189987607512172467935372606703449196698753537902991613292032000,2
nsis,2003,12,309860,40120,1845,4.5,370071,269740,3.68850106152194233617348738155592816926224850554259438968208144932370799348923196985479527262349583570837328876626574510198297666969600,1
centerim,2003,12,22350,11766,536,1.,36266,4956,1.159336419742838622700664691083574649238379632362053262481609062763289630596414808575751077524079208611467500000000,2
jfire,2008,12,401968,287496,4238,8.5,537926,114472,1.2703292447223766601054293522733418654001022579057815894216710444428787188327972685656906450675431335896368045334446621020805966182000,4
plone,2007,12,177973,121638,3968,27.,135338,34284,1.33926415579168668754232539481608418706333416938674209813811198615329164422453183033863764417077149351760315219102764876987539294617600000,5
pf,2001,12,13543,6234,393,7.,36152,7309,1.253406372384348785481405147153650453182898596596527556421178450366665775678832156525942928429883188033248018215457657223321757379235800000,6
red5,2010,12,31034,10327,211,2.,165190,20707,1.143317898985767358393986596713890119995598904853045573193167090794762269305897944472869754334672337978739030960917454932599761641570403150725120000,4
i3geo,2013,12,376303,350540,875,1,304292,25763,1.0924966520642686789359187561569664,6
amarok,2010,12,442782,337326,4315,24.,246791,51422,1.26346072067325387330542793403305924076175304385927274858365477981954654390947934610162932891398369189407794234965731313370741619687424000,7
puredata,2006,12,174927,89467,1107,9.5,647295,85460,1.15210871519340596028988423461035560032734335206688756200532599913385928719827014093865831227643366020114086685213354548242386937620776836608,5
spe,2011,12,0,0,0,0.,71234,0,1.000000000000,6
openwengo,2009,12,0,0,0,0,109658,0,1.000,3
codeblocks,2005,12,337069,140867,1587,3.5,239018,196202,5.582445814136253747994953940729970599520826189420408900939165480647053537198408161723998934571887725112392651974977424739834880,1
ror,2010,12,650471,1392151,663,2.,829457,-741680,0.1009002150740408212923843584264765184178844264485824672394414515478053884515775983024203196676075435978002124559229573317120000,2
squashfs,2009,12,6846,3998,276,1.,15454,2848,1.225924163074417862525448493467130756046745127360836872451767694890346324843331334612617516475520741984000000,4
Fink,2010,12,7007,39773,258,4.,323481,-32766,0.8983593437018847559757311024870164581499618634031229983441485687132196453730357280443187756634619855504601346579591902481793168460345583528017920000000,9
nginx,2006,12,19142,9890,354,1.,67455,9252,1.15896087830545859139195322531018165152901386789176615571865592955175954587512915739086386284446235464740796036348761577024658197760000,4
EveHQ,2008,12,38142,23807,337,1.,116481,14335,1.1403383392540180656177333122387751379199637893977957276743356482560,0
webadmin,2012,12,30739,10143,541,1.,410470,15953,1.040436787256161749761923118851219764154990483489948610342729364657559180683723466711046930795097066118316821402875530698571063506627032857682988800,5
actiongame,2006,12,105446,90976,503,1.,89677,14470,1.1924023029779032082205509594189663061402592967878448392136613291267717582101024080967836157793968011737363264043882398986884300800,1
mod_perl,2001,12,50107,16342,945,2.,37026,33765,11.354185833014412274498135405643887885365762560792779297970712877661059978212917300467225511419528043559333860323665458351308800000,1
vba,2009,12,0,0,0,0.,179726,0,1.000000000000,7
mozilla,2002,12,861845,636634,14700,102.5,2804559,225211,1.08731315044778181944845455383716229052349935334642611910948616266774030996085251314108519769781377556202095296576257716973909179792567500800,4
gnustep,2005,12,1497040,155576,2508,10.5,1364033,1341464,60.4383446383241030916977710663039595065755745499494913569682011687324880845335242712190602857292949678566698742515704666022422616064000,1
jogl,2006,12,77560,74098,1170,2.,115245,1991,1.01757995303197724996703121417362257674945985307943938772632318447267216259590033136375148597857836265403347910658812422964378027803203900000000,3
bzr-gtk,2005,12,529,234,24,2.5,821,190,1.30110935019542168100,0
terminal,2011,12,0,0,0,0.,6034,0,1.000000000000,9
cia,2013,12,0,0,0,0,61567,0,1.000,6
pmd,2006,12,87203,66876,965,4.5,124886,20327,1.1944069855661260227205395874225927671230737376473083265720629103148644667357462902288038358906314079492479231656092581344399919164044800,4
maven-android-plugin,2008,12,687,292,33,0,1355,395,1.411458333318041117989174782255091334708582400000,0
mod_perl,2008,12,233,83,28,1.,67570,150,1.0022249250942747422912486026357832391908604630946599943903412522367558078193622191511468512995961441403248320000,8
wget,2010,12,2138,29781,140,2.,61976,-27643,0.551643040217908423971326485173260220435842015948250720363805281290816030773453550874210185335206283689652427442852007167165337251840000,10
quickcheck,2006,12,0,0,0,0,2217,0,1.0,0
perian,2009,12,8239,6904,250,2.,32398,1335,1.0454746738004726649713360091240445378897191040452652317897269692139216761782243600995845452841408825139773306234754376271880620930498560000,3
dapper-dot-net,2011,12,131390,3775,290,3.5,67673,62711,13.6382507095385887964716795546372863208866891245784394121190435266884514811976916862850953392640,0
spamassassin,2011,12,3047,2080,187,2.,83202,967,1.011758983401253821969161761261422266663930284271811833205757413710434733144413293636552069609605045239676964695889263955836732297305050624000,7
dragonflybsd,2012,12,4462400,1266737,2980,11.,8940898,2005872,1.289237848519440487462923924047232346997091037893258635829538074902888447287728653993756993854561506037683876564887128926333396979105890761932800,9
pidgin,2005,12,128705,66469,2255,24.,222750,62236,1.41126831305393433951649251952803697023032209923340582202224340303245410074349471509180091869150048320967734277421946821106014211680000,5
zabbix,2003,12,12301,5384,665,2.,27118,6917,1.3424087916343066698242425197371266243168248243720699987669926900338331681936228703736501024522430211814118276153518816647614497336320000,2
stackless,2007,12,386609,684309,4217,21.,1724471,-223894,0.86976948173508889149772492580994382261268278973034461688562907957456460236306077704248172610679790235535236208463232910940496486252536975180000,17
wsdl4j,2012,12,0,0,0,0.,14628,0,1.000000000000,11
zk,2008,12,2313150,2089336,10182,6.,666437,139259,1.2641593541865689756278033622822922779686137917183376875958070862045644842807921874978685455226070926284737509784985315454877696000,2
etherboot,2004,12,64706,13481,513,3.,336373,51225,1.179643553529161008330342666035384558400051224796190630507730815763803690046842276074069028874533477102996570296732179799550458048202674982400,6
m0d,2010,12,111015,37451,123,2,68285,39526,3.08778787218507794671811262623990008996658068762277680478252277678079415293793280000,0
system-config-printer,2011,12,101656,86922,379,2.5,133606,14132,1.1183188211641241278161881871625332390577900009859631224793735925405422094945531232331293821607515478371587856285266588052185578609084637807347710080000,4
TrinityCore2,2011,12,898048,741158,7712,35.5,1892312,132416,1.07608007436364845908371887078248442702073992105738616689338363962663554995496469178409197614268617040896497178333099892383781315168077440000,3
aion-galaxy-emu,2013,12,0,0,0,0,1741215,0,1.000,2
flashrom,2011,12,11112,5806,257,3.,28619,5306,1.22759833569197657418766831331277657127516017097985325175251620194541557070593752117204339591247458541522587637798807370055255134766288000,8
aquamacs,2010,12,12065438,6385278,10035,39.,6120551,2239471,1.5770226328335165748161334231140101182899220897889198867446857489892317452905176048971579510534153589147773967918353376611992289485587072000000,25
sshfs,2007,12,215,91,14,0.,3363,124,1.038283420806575297532974794286936322232018259131284110095200000000,3
scite,2005,12,8118,4530,655,1.,83600,3588,1.04484327350603188936014498054743220875921926421514643251318427972572845127650257108966270577115924898122545719328217678105199104000000,5
sv1,2009,12,15397,8125,279,1.,100605,7272,1.07791456398619512134390040926023431361192587268096298305538460887874351142261389139903262963304583932563408321081572749312000,3
firebird,2002,12,305371,265834,6027,6.5,2433387,39537,1.016516072433023530678498331035599922442153448730878004675018007481189730453579785977230394867217421689783768079427395856280185389390690862046240000,2
gedit-plugins,2005,12,742,6794,21,0.,6790,-6052,0.108689248900000000000,2
wicketpixie,2009,12,128454,125327,2073,1,84325,10746,1.169319005443571960167371086842490511136257263188245489605466638042038128679843964002576395346949206417322108134066651527825408000,0
hurd,2002,12,59237,26417,1174,3.5,556510,16405,1.0303737236277707105066785418285232009737997009340947755534804412772952101818187016486383400244837520088166055865199009827421306559296265516608015396480,11
dpkg,2007,12,19244,10045,561,3.,31664,3499,1.12423220309251613208186522993847834181829695882473703753673397945091762914449001234446037478074851135439639356169079671712211878978591085682344000,11
psycopg,2007,12,3252,1458,134,1.,22668,1794,1.0859442368612678685881955055262582245711130798543907916527720332626121716805731210820499775550650227152880000,3
adonthell,2009,12,22060,7844,334,2.,106637,14311,1.155023560631729216753800410349726234073192166303525198863269713243760971378488462375900742423706897606801294995432142334115756703381085061120,9
sharp-architecture,2011,12,555387,935819,316,4.,832733,-264755,0.72695705437430784018898981344733631308429879612810313272682039155763073251446628249046778846173771215115074347544079756397702500000,3
postgres,1996,12,32429,24707,763,4,112007,7722,1.0742778541927910616316819613200513108970794189250893833792,0
jasperreports,2006,12,194677,163280,452,3.,150404,31397,1.2638248170486386595185023082092947219562992054495839753829225703931145331048260524223184690269452085398968688979308932574364232793762304,2
dvdrip,2002,12,23828,9957,661,1.,19291,13871,3.55922509225485428411300543432299614442452265729853504091100054625308738219288681404450188549943443200539635287004468882361000000,1
template-toolkit,2009,12,4335,938,72,0.,32600,3397,1.116323665375170848368642942239629130529751781825004898002560000000,9
pciutils,2008,12,7767,5141,180,1.,9684,2146,1.284690899469470415768621781713140786104382675528188739100000000,10
xwiki,2006,12,111716,15473,211,5.5,50642,3515,1.0745856939665888584185,0
richfaces,2012,12,718358,328700,3424,10.,3066416,317867,1.115649020625772206089429799463367336613752400898788507749233064047514027521675393422676263230847889556688287006423048006102518906633901207961600,5
harmony,2013,12,0,0,0,0,2871986,0,1.000,8
phpmd,2009,12,24601,22387,132,0,4651,2214,1.90849405010000000000,0
ikiwiki,2009,12,16364,8369,766,3.,22322,2859,1.146894106770163221976325252192713867171096756496089868741582776187126097049520477360915866801753473253178257822944000,3
bacula,2006,12,99807,54159,1054,4.,226781,45648,1.25201371368483906849228779343975441932858958148711848832808006710127416982544132183262789941146911418908995321829900495112742346850304000,4
erp5,2005,12,5993735,4139733,2372,8.,2679078,1854002,3.24706814895481900128127782573452381872333644024304187921142408172595020288263499869440921822742224214783928261977242559057408000,2
xfs,1993,12,12431,7740,178,3.,10040,4691,1.87698635255976169793,0
varnish,2012,12,13305,11574,681,4.5,61194,1685,1.028315044785879288539462276025676747377139495594162972399590411794670545476951783221047310993059670371243620378742745072084811999665264852364800,6
ktorrent,2011,12,17132,13591,270,2.,99567,3088,1.0320069652465105366084015193483561305387252702846845894185964391358412817299860553267651823540674670422609630169275550053148792153127281903946010000,4
processing,2006,12,151726,159683,1267,3.5,207158,-7957,0.9608394155112924778951206459171620721641138155091303196986205257539602811209744170265254182084013194133451836230694781121083601287905280000,5
kpdf,2006,12,476,176,75,2.,73477,300,1.004099648797109441697095013954197097901292702825346739245790922203790527709315415583596000151335063147811122976426164059141843298741740644838400,1
dibi,2011,12,1076,1003,56,1.5,7282,73,1.0101262310991557767223691545612471680,5
sox,2002,12,9763,8138,32,0.5,36235,1625,1.04725210817441259091813652362752840752083937777918323634791230966909600000000,3
py2exe,2007,12,1624,28,6,0.,7056,1596,1.29230769230266825656361934014504080000000000,6
go,2003,12,0,0,0,0.,7,0,1.000000000000,31
courier,2004,12,51421,12519,287,1.,180126,38902,1.275463094133232822609864020753841178852663257267698917686785203306932718235619937679984431239451073497658624927510229860192666683036101115904,6
prototype,2010,12,7979,5925,195,2.,12290,1250,1.113224637672892449709355525496664784353852390598279920989037633604358883347454683583816483135428533094400000,3
phpbb,2008,12,70319,124086,2749,5.,308741,-56210,0.842100975572320863637343249327303679884299692300801650121266171783978610508873573746245842921985248883473454840766898916759140019880483199501056,7
neo4j-graphdb,2013,12,153784,186669,665,21,625501,-16036,0.97500377998387832273251057498095000,6
lilith,2010,12,20455,10010,226,1.,79498,10436,1.1511105962745825296970957839664822812270449043257099276911050815617943260508548208162286260223851263495929572624934950053336414543246533376000,2
omniorb,2010,12,171,112,2,0.5,134,59,1.78666666670,1
sdcc,2013,12,17785,11883,77,2,2408501,5902,1.00245650647501509289976299082054059125,13
artifactory,2013,12,0,0,0,0,231937,0,1.000,1
bogofilter,2005,12,17717,12063,973,2.,45371,5654,1.1423571770387348041105136349961214601621649480262327616779841102245469055189838601513898420083849388775389248732818440832898932806739641584,3
gtksharp,2006,12,83285,80714,166,2.,499757,2571,1.0055084791139445890246349724260819069673889211379915129375297024835996876895329871120034501604697261257070768362535820467702595584000,5
virtualdubmod,2005,12,1013,339,10,0.,347759,674,1.00194188743382716114684620169712034608676000000000,3
freshmeat_asterisk-java,2009,12,2825,691,111,1.,32143,2134,1.0711119997406811758783880859603915412827730876337028529038857031458664339450513328681137713283558225705418638847289216000,5
cobertura,2009,12,116328,48296,107,0.5,92809,68032,3.74577228863509537353228225932144629242051489495018248033336456716000000,6
commons-jexl,2002,12,2785,865,54,1.5,9092,1920,1.268231349518303547095634152045637833631210104796208282593945604340461985651712000,0
freenet,2002,12,41194,23749,309,3.,54692,17445,1.5271985494465618408910986800577054665418235549901185407955425802552956808917307588630698308817803666461803558883522784644080865280000,2
dpkg,1997,12,0,0,0,0.,24318,0,1.000000000000,1
mevenide2,2007,12,99825,74716,270,2.,62022,25109,1.680221060329359451778532228167009009647365469844740615890800917246303294849079864300535655968062119907061273600,3
rmagick,2010,12,22,9,9,0.,56606,13,1.000229710388209201835036372772062337571920000000000,7
hibernate-search,2008,12,290976,27228,793,3.,302782,263748,7.8677221118857868202696912713340764040319919647464558219953789494104881406966502909916513915430661540652334276143728399348909241794560000,1
android-astrid,2010,12,190438,155343,1373,1.5,49119,26955,2.37581665990302093409083255240000848594691264178412953712727798926859698466736714221813634342135565591868113147040000000,1
moodle_contrib,2002,12,6157,101,32,2.,6169,6056,54.592920358255753695,0
amfphp,2011,12,0,0,0,0.,6251,0,1.000000000000,8
libvirt,2009,12,238061,188024,2027,12.,195021,50030,1.3450559000066617681482507922652546958132261143729960148843978765476104628363203367363305565390063200826412242163151195131696271933440,4
eclipselink,2011,12,578715,408672,1413,16.,1550939,170043,1.123139613699233501410787147638990153825434646165017362719920299837576935670936748437091266687499168487382452229674558784479436476465084152000,4
twiki,2002,12,25431,8856,861,2.,41307,16575,1.6701843765628793034596580403072165793433893369241651764636991871066635843877168611360235499059036257066500795275967147987601465166209024000,2
dia,2004,12,33156,10770,339,3.,161384,22386,1.161052677019350441712172759115019260982402699253711542581504787578011067016589967953276499543608552285913122528100061949034065758140078489600,7
ddd,2007,12,1,1,1,0.,119926,0,1.000000000000,12
wxwidgets,2002,12,551585,400020,4500,12.5,1936613,151565,1.08490808090869020863571967352605941457881730661185676767068451543752544917428007319683400925707349000541905870507475033262108722389803839360000,4
fbreader,2009,12,332634,62579,296,1.,401968,270055,3.04722051627238346227901728411148444629788669230219397425614416591000000000,4
maven1,2011,12,0,0,0,0.,31552,0,1.000000000000,9
xlib,2009,12,2093,1296,92,3.5,124503,797,1.006442694776157841184612492963552534254490979640129256916646739453081716663831872256601501054202532238024271298560000000,6
datanucleus,2008,12,932392,522737,3494,3,485561,409655,6.5005706617800633029865626432845047125237672126928687589921805766765398245832236870135422067192080,0
pygments,2006,12,10679,650,82,2.5,60331,10029,1.199375770386007645849,0
mpd,2009,12,52441,31368,2106,7.5,47637,20135,1.7321285725428085696400928510360956102165039844601225110516176479587755302496626028138565999190363207189061040865239332520148315668480,5
netbsd,2005,12,1297450,2605106,10773,71.5,7077135,-1307656,0.84404429401764823312557774612596877217988601429383223971702658867156425515690222294657086954553062519845316171770391666743554336492845643776000,19
Tulip,2006,12,132880,52618,847,3.,259770,80262,1.46396633356296797600543838517539444537578882142051724141667473393639655665585131792362814460945943805185060360196425299236924684249600000,1
shotwell,2012,12,11580,9911,317,5.,71611,1669,1.0238626290382345494536667396306766157728394634244322636466667251097158880204357717237128299622390416721999696402758400000,3
sbt,2010,12,48816,28438,493,1.,28008,19899,3.4539400665756987594995635480636557526500823211647734625776465895441955971448504830970703664301731632569365384077761226641721600000,1
nethack,2009,12,0,0,0,0.,207455,0,1.000000000000,24
roundup,2011,12,6047,610,80,2.,48604,5437,1.12595269534877477769979672579433028640398116988633125294470548017295922878520412687916423590163298008378287698502708629329142789917041740800,10
cel,2003,12,284125,150675,465,3.5,154852,133450,7.235398559760321646021195931964876989259451042456075736401964677370719743922946757365776723065483578485529308148930463584256000,2
tango,2005,12,1126,532,79,2.5,2079,594,1.399999999974406101272,0
cpants,2008,12,9598,4067,370,2.,13847,5531,1.66767262199818411222631432367395447420744756147992090483446183796476594841566375149024581200000,1
nedit,2010,12,49,4,6,0.,112989,45,1.000398427539300000000000,10
OcamlBatteries,2013,12,3185,1588,94,5,84920,808,1.0096604495475713384324443022575564740,5
aptana,2004,12,56160,17604,414,2.5,55387,38556,3.290772978280851226280427152408142138777322875056443837673376624512040189654240819437976134449696057863670350681648628169685504,1
zope,2012,12,107062,92268,1432,6.,391239,-8586,0.97672344381287049970470985340599777942726053917351558837159329235743417540737574094551998796143757483308177587509313444952285407843745792000,16
ace,1998,12,1129870,723870,8089,19.,770387,406000,2.114200012584577465959472379861846781917393405059694445571140593230749221536094974966248980387663270812720294828173539228267520000,2
obm,2006,12,509345,142865,2112,3.5,150502,91620,2.555993342687822140848741268833033596814456823624088865504607890346348507811577762950803695443354857169446920739914603737824817325619200000,4
Rhythmbox,2005,12,41087,23271,639,5.,70393,17816,1.3388553930768866889527275980965537861329140485268997009798876456966990311793532771521702137507840000000,3
tortoisegit,2013,12,21093,50828,458,3,588100,-32158,0.948153832755515854071338517598234185,5
ack,2007,12,5451,3781,303,1.5,3372,1670,1.9811985897577660818077634975584771602255158518676973246979896013708744899591955612142929340201690320346161888842945658880,1
request-tracker,2002,12,127134,98417,993,1.,71379,25947,1.65816908913259893449172087378647587097217003032628226072965464407929820908839198955990121343778906816231443752689120000,4
mesa,2006,12,282348,172411,2016,13.,803912,94895,1.13384023232532517727064274950295847377525437923585254998437152093830409202273977131305051762973532029977121664723794615659563253426954880,7
lunar-linux,2007,12,3358,2159,191,4.,18197,1074,1.0627226537462135280647034503827572944529462426594215474170382191239516873027286695946612969733990830711681568544296664361677335886345282960000000,5
Slick,2010,12,6625,1487,198,0.,72502,5138,1.0762721928614500750227911447353039757162863338225247762596000000000,4
editra,2013,12,48,41,7,1,91193,7,1.00007676701212352410056884700,6
python-babel,2007,12,6255,3482,225,2,4653,2773,2.47500000024254737265419894048578398743404718804355473600,0
gnome-terminator,2006,12,0,0,0,0,211,0,1.0,0
netbeans,2007,12,4042286,786678,30805,135.5,6189777,3235860,2.0954471639029058816662285034972180040560179022642911976839673772211745218585475454310730491720515230794739668906665180621780418560,8
PPI-perl,2012,12,1,1,1,0.,17926,0,1.000000000000,6
dist-zilla,2010,12,10065,4869,532,4.,7154,4921,3.20376175558627361506921025632778206943808640522810734862458172112610834593406009778292671160149402283700637853790053922041550965760,2
eclipsetrader,2009,12,160706,198527,195,1.,292242,-37821,0.86803651057714443851267629432534675491209797543605840650459250198670986862800000000,5
apache-axiom,2010,12,24258,19611,344,2.,70282,4647,1.070800639898217622947268089032326518429877076509135483778580692011048845354889871470728582931425225998522104360632738311112345600000,4
prado,2007,12,86110,64336,1269,3.5,256555,21774,1.092765848667654464491938129893669981233065310890538978180899676361369465005961563040434632257877464364870107633717283026482521876246656291635200,2
netsnmp,1997,12,46408,40579,450,1.,49124,5829,1.1346344843700230723550175674234037765255459568060299216001330972771361810913428258407380751625780730189274118489600000000,3
ettercap,2004,12,36195,11326,1057,2.5,92510,12305,1.153419362891391970837255486546234509203293372775484772169952578394596680588326326063124031928024651134610230417167518632959782418586828800000,3
clamav,2007,12,792975,386904,5392,14.,239979,5818,1.024846152859912035602616213378128474706109945502751324584632520470370449194035600120773905317147169802972979915297406747875005544954363572224,4
freshmeat_apachejakartaregexp,2008,12,0,0,0,0.,4202,0,1.000000000000,8
cdexos,2002,12,64085,92800,280,1.,199503,-28715,0.8547943404118308818932646551023390849256436165289720267514323102838497209004974262074587690115471114465053461892873783044652800000,2
mongrel,2009,12,0,0,0,0.,14799,0,1.000000000000,3
fail2ban,2006,12,6097,3628,186,1.,3515,2469,3.36042065011631759572200433840643501607832411032623627095629257014830564732315947520000000,2
gdc,2009,12,2729911,2324326,351,0.,1012037,713187,3.3864380124413470467149641634416115668754399136945386557440000000000,3
adminer,2011,12,11635,3043,1675,1.,37695,8592,1.2952272961462608190124770033455124156343943816427123994913548301306079368120103726200343534320682560499600644830834256376473600000,4
libxml2,2011,12,1497,735,53,2.,484425,762,1.001575477139723073409221705569827603484621798589520986718694022667065964643522814128604441276125116032404666913920743294593024000,13
icewm,2002,12,51583,12313,140,1.,113573,39270,1.52856142994168168652538926425375380275744850554555503045040000000000,2
web2project,2010,12,3193961,3814199,4507,2.,94468,23574,1.3325246141659470195969320254096768283654109645274054061701614912251285113340560794294244134648308387214812322799108693617710967921464227680,2
Gallio,2008,12,1197537,910962,1296,4.5,831565,286575,1.623888343389641228583625362880661616162126910800866330449824903259366838418739925638739908617356786334480237039050956522220314422019584,1
mercurial,2011,12,38661,20172,1938,27.,64422,14199,1.2827190729697034593336387743045914325325322303902283351119288814964350401603210513081098217294543187455270283544353692222938762325304279040,6
busybox,2013,12,1693,992,119,8,200130,701,1.00351503542678874786502557417231343200,14
apt,2013,12,300,38,24,1,63342,135,1.00213583938483704214869010,10
gitextensions,2011,12,370719,285176,1558,9.,116800,32385,1.3836403482817618143153607666926409854698927712037670105583183729790910498122939307718785875398447651467495189182779267650219284557281280,3
gnus,2007,12,6372,3208,281,4.5,123183,3164,1.0263624926040144812068163630653733998950331383365320367119017514135058498347565090161533435757551531185192231377791131315686539378036003240652800,10
ontowiki,2011,12,289701,595580,1524,6.,1159006,-344916,0.701036485861470193492922604003353142581595258893920139679765419223577945917884440507230308177626848138830901798002771286714903493913366052116518980000,7
bitlbee,2007,12,15984,17299,315,1.5,44015,-6550,0.85118709528264776652105845732424346704178780491412427925201456451425723919703750127779590656000000,2
xulrunner,2008,12,77,15,15,0.,2399,62,1.02652973898169746314184990692102689598473265653200000000,4
musicbrainz-server,2000,12,9736,2216,228,3,21652,7520,1.53212567226537343704746581049336,0
octave,2002,12,64664,31846,1196,6.,282526,32818,1.1314255049946885365713654469473862777719742633253455443487969785775751776850870866619889531368948064899033730471548324813782946587345429299200,9
objectify-appengine,2012,12,2981,994,38,0.,83769,1987,1.024296299915673193605062559386534734371609499641000000000,3
ffdshow,2006,12,627691,33798,202,0.,1155198,593893,2.0580575619499121712769994118202737597505636505135420810900000000,4
levent,2008,12,21570,11424,528,2.,46028,10146,1.282760158302258365427681729444747532537850138742652416322389322327656379263481970255668896947135831268526970242377978853345575672022568448000,6
maemo-mapper,2009,12,831,638,23,0,36811,193,1.00527192766840944566014750000000,3
cscope,2002,12,930,515,21,1.,16772,415,1.0253760547862092555482153198624295890034257658170708207217982934226942500000000,2
bitbake,2006,12,19576,16614,578,2.,19730,2962,1.2918226600744720730869489763242880703075317313228670164463989041793611596814820851814499388911148237964232126352590570905600,3
gnulib,2007,12,255794,71791,1745,7.5,290917,184003,2.7210374692661709582899668869400450336505816554555497498109981779597265867519623905704589607280061306436749298423321573261668474357760,15
webpy,2012,12,337,87,44,1.5,7550,185,1.0251188051633279169312390833964923769141531804679801684720039405945588008249205717739317220012539114890454809600000,6
swftools,2008,12,76917,25998,805,1.,201243,50919,1.338728346758680681627237040431209523562960868535223879053720292106090037664649893037304088255115809395742245782832303410924047601234844800000,7
docbook,2009,12,52962,14952,385,5.,1295380,38010,1.03022976530557448682219118107263860056289373449982938162281791601927402927131023155072626333173668498938903883482953964459426901162762240000,9
gitg,2009,12,20118,4892,318,1.5,18038,13007,3.58537070174372230536021945973471767552067230250134453115166322339099018792000000,1
google-guice,2008,12,1357806,1099474,770,1.5,349908,258332,3.8209574559913260160977780531300323539259897075201026867487624315658359012269220860474225799149814462287556339818953496927804800000,2
emf_compare,2010,12,60680,21523,358,1.5,140709,39157,1.38591252243204342067617324460588687578139792654216486156288572974712036820826981179207212453345097370171073039200751573390360576000000,3
log4perl,2010,12,0,0,0,0.,11473,0,1.000000000000,8
supertux,2009,12,47337,45491,318,3.,127965,1846,1.0146369698496284462387620895540308955018314978105892860792211683560531877162704508026484521105775639563773048993688000000000000,6
mplayerosx,2006,12,0,0,0,0.,6998,0,1.000000000000,3
xiphos,2013,12,1030,0,1,0,231201,1030,1.00447493385400,13
kbabel,2005,12,8350,4087,179,4,47028,4263,1.09968432128672465567809384194892173871077413866062332644953452916277440,0
nethack,2004,12,0,0,0,0.,207455,0,1.000000000000,19
dotnetopenauth,2011,12,140365,87009,390,1.,144850,34623,1.3141063441613405861470650000000000,3
squirrelmail,2004,12,76013,76997,2142,8.,175423,-984,0.9940647808028890123808818918747430420921502202200872154242691404562215622303858869241499769846444284207424408378003087116846776539610840821760,5
gconf,2011,12,4690,522,79,2.,44838,4168,1.1024834029842108179610844767324140413953758234375749914936160593158095283396800285178387019209127294602262187806720000,12
serendipity,2003,12,26398,8075,1470,6.,20120,18323,11.196438509263795490942633843407908620847129649757786154111369763280441533659054600356795095372946926453461811200,0
vnc-tight,2012,12,0,0,0,0.,79132,0,1.000000000000,8
libpng,1999,12,135364,76428,225,0.,172351,58936,1.51964907645421380435359312630164375336567200000000,4
processing,2010,12,180795,189563,1611,6.,537170,-8768,0.9827815427953083259465931622663943728701077358041525526874126443400493372666682097469995973859878527163497141252426824422156402445579946240000,9
sqlobject,2009,12,407,385,59,1.,15547,22,1.0014170692421228254292727071055585238198680418991505112183967519568771402301198225191894438979899600000,4
xmlunit,2005,12,0,0,0,0.,8939,0,1.000000000000,4
mailman,2010,12,4216,3105,102,1.,120258,845,1.0070762814771435620182875598491456361607816599183311916342214945067163678642494586417652854480092401177596451684386277464756886587885192271949501089083054080,13
xulrunner,2011,12,0,0,0,0.,2399,0,1.000000000000,7
infinispan,2010,12,80624,49893,1197,7.,113069,30044,1.36700789132580036400094685259640799536934756718812539419253416322355087821144316741446961203044320366608262084084376466894688399360000,1
svnedge,2010,12,29762,19274,886,5.5,20802,10488,2.0168702733550739102585234127984069144466199184604938142368436047978931750272622936216152549016470027235413216754043935069765632000,1
eclipse-wtp,2003,12,46,30,6,0.5,41641,16,1.00038438438440,0
cpan-mini,2009,12,5,3,3,0.,515,2,1.00389863547800000000000,4
colloquy,2009,12,45336,12750,801,4.,215299,32586,1.1783452737411818400169203616122021956176762935542747157062337069717960923587630227848017712238885512212062919977511173272122828800,6
WebKit,2010,12,3266565,1929170,25603,116.,3206077,1337395,1.71568891874990535799443461628721272748942934340211457594618603025628557640158026310798011983090257766561082501304252769527398400000,9
grml,2008,12,17284,8777,651,5.,64982,8268,1.1457841097753100039452999243127301906042672466629520748829340645768759504007371193101256185757397880787916287786144000,3
Dina-Project,2011,12,178,203,31,0.,57688,-25,0.999566634308700000000000,2
hal,2013,12,0,0,0,0,83547,0,1.000,10
nixpkgs,2003,12,6108,3142,216,1,3187,2966,14.42081447720601918079458045927441500130952053534975892463317491066915696059975226316161024000,0
GraphicsMagick,2008,12,323905,202298,1384,2.,514406,55283,1.120409999065228820112556043883701986785422167631696850737791835119190223201162709524942724193833948426305547081555956383714876841533544960000,10
asdf,2011,12,0,0,0,0.,2036,0,1.000000000000,10
l2jfree,2009,12,769746,721314,3235,7.5,871619,48432,1.0588347483514049894532584375843882510810980321318820588612129152924986822991744991943570310976661198423832472864448991044684372443121168000,3
freemarker,2005,12,4546,2521,135,1.5,37070,2025,1.05778285061740707107420612328404554994317568867114343718515787569942674806716439482935391512682247066406250000000,5
imager-perl,2012,12,22912,11097,328,1.,67851,5668,1.0911503143881648190487153605043222935179611994885332519721825489286943600874906988547631682266728998988084239354290093608576580315190627112832000,11
zodb,2013,12,12,23245,19,0,16628,-23233,0.417149594800,16
cpan,2009,12,3991,5481,229,2.5,19876,-2058,0.90617306460393675834206548818386091968501143705887307066847564028526036790790395346090139162111075023612077404429275784288396727269846118400000,6
sugar,2006,12,220832,172846,5439,3.5,56335,51448,11.52752199878255441349574147103189894885037402207821338531257003281834571018816000,0
komodoedit,2009,12,266902,90525,1339,3.,1304831,176377,1.156299680815302615302120454238971170014286925020798524621650638595883902967257473669034813713725662455041575074006249920806851161978233834700800,2
scribus,2005,12,166969,150894,2433,6.,236039,16075,1.081178258907790341907467552486521071253641719856487487332002680154069913218328602164875681735358298045715421018813357458009932800000,2
xetex,2013,12,767954,1809501,282,2,1056323,-1045052,0.0106700317973393017080,8
aspell,2008,12,0,0,0,0.,28030,0,1.000000000000,7
glew,2009,12,2219,450,24,1.,50540,1769,1.0362715548213302416284369028825474786361867539710557276065746861274540871500800000000,6
projecthamster,2007,12,1489,1343,60,1.,2407,146,1.064573197704582013759374028939298822003583450,0
gnus,2000,12,17657,7825,784,5.,75567,9832,1.149570244154252532556164388969168594672705648833029427580957910821536593206784819174011808925588839403308342973144039617717857893806957577600,3
maven-scm,2008,12,15073,6042,236,1.5,45299,9031,1.2490279884211612224416589808980647351222485503113547965775030214300820850477917145454272913774776002444673024000,4
kupu,2010,12,82,50,12,0.,30726,32,1.00104254903243616856713127428998064742126595774661120000000000,7
autoconf,1997,12,251,83,35,1.5,12911,168,1.0131837087028416832622640371486661353310370699378286654879181928347009665868000388750800000,5
zsnes,2002,12,2231,4570,174,2.,118633,-2339,0.980283233588783890909669747093689059606031816961960914432135777600186620416503835372284689360827755262389280086795961603230720000,1
citadel,2004,12,10470,5212,466,2.,93204,5258,1.0597866872822613175057292326366530014819808664644903655170741681411703898801181960694995129890761942244401966956780290540563852021049067036192000,6
kopete,2002,12,96376,57894,463,0.,80793,38482,1.90950343880493970410338487174736206874579200000000,1
apache-ode,2008,12,95942,49992,403,3.5,119481,45950,1.62490650206682068075744402231606196178296471470439326700348823992125470907855540886216460883262646811416355559966931445340932724666000,1
gource,2009,12,4762,3285,108,2,22345,1327,1.0631363593080712272303990855717352,0
oro,2006,12,140,88,4,0.,33756,52,1.00154284357916292252186570000000000,6
bluez,2001,12,1406,141,7,1.,2092,1265,2.5296251512342139884559233311348561397528608,0
avidemux,2004,12,545318,61192,1816,1,1209614,484126,1.66731083083863122509604496577093740882545573937822768448929405504748786123081805528446178607755240308109895413176979755801824,0
commons-digester,2013,12,20,18,16,1,53938,2,1.0000370809848700,12
pyyaml,2006,12,5238,2444,60,1,5802,2794,1.93319973275764770880038195738208178230744976657279983805209512361530734958720000,0
slime,2003,12,12108,7432,302,4,9079,4676,2.062003179848639868716505819840,0
tomboy,2011,12,1649,499,118,2.5,43445,1090,1.0257555350764718738180853008146207770408912079611966499885775028661496770667139198221846464012890424503934707506983446145680000,7
automake,1993,12,280,144,29,1.5,1298,136,1.11703958691714240086357645772596158765495875687377407342725768599193750000000,1
ultravnc,2010,12,532186,249502,263,1.,530066,282684,2.14270237931147470500490157027531831304697535060996994565699869439289414017509832331088045760607336830803072974980147200000,3
SubtextProject,2012,12,0,0,0,0.,452167,0,1.000000000000,7
do4,2009,12,1130464,824646,4235,8.,344394,305818,8.92767523671442588458255288514193372995174268746444999824188665334933756046982419521792645947228298385183004315695387451392,5
flexunit,2009,12,220898,194528,462,3,135456,19396,1.16712045493024639801709251606005684466695549080761737698077334480764200,0
yui-compressor,2010,12,1255,768,58,1.,10040,395,1.04294411828541532414438611368410362181561136815004502806160382917543541705562400000000,3
playframework,2011,12,37110,15571,783,15.,99760,16892,1.203842255157039125047784110265340738248038647739292654208533854348821606324569270708854695682141340628966394752022102966658583128425807798272,3
vnc-tight,2005,12,35305,3987,415,2.5,96117,31318,1.483309927616000393819075686049554568418695901217796494136698310701330231931005987551090696080740980217057472580154072857542400000,1
nette,2012,12,18207,13474,1911,10.5,39104,3599,1.101366004779801297817847013515189417719308325898270500307415193323729756345628422645401880287225981937959904276841183371232313599622280380160000,6
celestia,2003,12,44283,18957,496,3.,118395,25326,1.2721206846592241914702651512899284112221771511797880520568973900605896647110833185395900892917050117014043677656238050970536029192192000,2
zodb,2008,12,6314,6425,249,3.,38733,-111,0.997142415807583255245947942366647273579079877622103821169353683556585894397073062625294149986257353506710587162559283200,11
totem,2011,12,9614,11641,398,4.,56385,-2027,0.96355561948302939390642248373995935276690553634845087959140211490779522764311344969875079918459219409599057388817733224944617390080000,9
poe,2004,12,12322,10415,225,1.5,25265,1907,1.0836036825993097449458018700690073299314250352256360345846956211122191627886279481371575555046297974563756812311288969923593952494267494912000000,6
kopete,2003,12,0,0,0,0.,80793,0,1.000000000000,2
virt-manager,2008,12,30858,31073,327,2.,33730,-2006,0.932094377270865867332724691519022279107174801964312313817694936224083627175844983331511411715095092301294473507689085251200000,2
Snowball_Stemming_Algorithms,2008,12,2198,76,31,0.,21199,2122,1.11123342244591216943140827172862918170921136589734549680122600000000,7
springmodules,2009,12,0,0,0,0.,2525158,0,1.000000000000,4
libssh2,2012,12,2493,1202,97,2.5,26242,1291,1.05174141316567303434944473538249664181659312571971357806517126121499266755343035890801649152151615671148196271794667539200000,7
nginx,2007,12,23414,11847,688,1.,79022,11567,1.17147728114025100805666944767288763988760796777962686444224238350245291435597165372201709385595437725282646786744544968655015568733568000,5
sogo,2004,12,67929,26976,1073,2,42565,40953,26.405086847105110283873232562215820553312073363919328115389489866576800000,0
mediawiki,2007,12,380299,256658,8780,21.5,324593,123641,1.615276284893310959044268532561385379928100748217151676239561354884706360498665229141653652063156483221288622770474073636066997425459200,4
file,1995,12,258,122,14,0.,1890,136,1.0775370581579378697482105140593721823080773208268508656000000000,8
etoile,2007,12,397849,175712,1559,4.5,601735,222137,1.58519012220388592539115849223025433183475150076045770354292220006210762686799259554639313001334533427010507162103779194512542209163264000,3
boinc,2012,12,225372,304411,1614,5.,465736,-5123,0.98686174441948398548329321108268148007033635640022245620732154248327558546503521047045289971022246954011083254419985040264637289053360000000,7
sdl_image,2000,12,740,424,12,1.,11015,316,1.029676934633456868829296793361084160,0
filesync4eclipse,2009,12,40,18,3,0.5,9238,22,1.0023871527780,0
openproj,2008,12,11497,6230,304,2.,86315,5267,1.0652615666825856149235112873365604857178019010911302759151961178710536246267271492719924033558801628646275915254797016685189366586363422720000,1
pisg,2006,12,347,174,45,1.,11822,173,1.014851060177482428509806367703675936183311768570489952789774594401853548306166885419397893487754870884754902220800000,5
fontconfig,2002,12,25964,13351,141,1.5,21263,12613,2.458150288945599881832263922768785377689076859594932511237843571431996088810199496536802491479887083215567859153440,0
bugzilla,2000,12,15163,5253,360,3.,19448,9910,2.03900188721603812663974206709173099361426983265177230174442239250259911200825098864444258596093370401721598347332080225856605568000,2
html-template,2009,12,0,0,0,0.,18633,0,1.000000000000,10
zk,2009,12,619434,594067,7961,5.,786750,-46047,0.93090569693860776303102075339387925349027026311510846289629322957791135254739927915467655711911765509047612265687647863002950328320000,3
poco,2010,12,80664,206,14,0.,520819,80458,1.182758158558473350895673389919440092000000000,4
kget,2011,12,6214,4492,235,3.,42823,1722,1.04189679083379909429526093670521117543954379404194383246910614026674910387379569660527226436564060311145382033541150470106134002448553223193600000,4
sawfish,2011,12,14379,4224,238,1.,75184,10015,1.15768177099468215581195715573851859883286906707378098745586243873792928605092418844688094505696000000,14
node_js,2012,12,81578,62533,2096,21.5,107723,10029,1.1099755463531735713981845070562890249519882926931710635802007108753926564004398756784648442786733580192417078131754703365472256000000,3
skin4eclipse,2009,12,0,0,0,0,11120,0,1.0,0
kino,2001,12,27217,13351,105,1,34198,13866,1.68197914621633854736664444077359388501591426353674714260241161394211074597876444375040000000,0
telepathy-kde,2012,12,69940,44021,2396,11.5,126533,19268,1.17962988860154945646722566344902386015532379708485245285338846221183948417639538335696861235930363669073519311451527452765113097675264000,3
upp,2013,12,9656,2692,154,3,1675705,6964,1.0041732060274787988452190947432135136,5
syslog-ng,2008,12,18469,6553,138,1.,26437,11916,1.8206046414939576588676555173155946740900734841791762494227723480099809226188573481799895189130192170286105816207882099950417708800000,1
workrave,2008,12,118868,93568,414,1.,76110,17292,1.29399163520951975310108624785105997298692004126275848187234588269722135667012534901712047459963918664382572495216656366211161600,6
ubuntu,2010,12,224905,108908,2705,12.5,939452,37341,1.04139291062604019549334777912479388568166694398366150976033723351716905652629136185245997125394483482625656930946286617793760807526228497330903040,14
liferay,2013,12,2668487,2532327,5689,96,5537796,135034,1.02499351257679522427500869247667736,7
fdo,2011,12,42869,52786,464,5.,1560349,-9917,0.993636650632466536913948724262500021226013549270202070130100691043485139939604760298295260734047127265123362183368247469595539727515396940281728204800,5
iterm2,2011,12,325757,146086,2060,4.,284914,125940,1.79220501466082816279754318493830491172983672223427803971282285426186862544699613497470489603299103876003237543042843060933026487000000,1
dojo,2008,12,249035,114226,6056,20.5,275923,134809,1.95531981239720846134485511068386758428942579523867457871709064955401080077963414158850349055178866058739293811048280601552714362880,1
android,2010,12,26320384,27260143,52187,171.,10717303,2578266,1.316777771204391859876456830278291633826269263655252786582560917569503265617797005994779214544129196056263481664504760298471640924160,2
strongswan,2007,12,57897,32315,1032,2.,139557,25582,1.2244527308575955788066473371862583129203239302441925758943857548970658881135539151436943134146340589990880828368005864308810267156807680,2
degrafa,2008,12,25944,12254,391,3,24150,13690,2.3087954111129190076658814756022240838024452074837184722091140388418733209429379246805892826575432716478937277308976320,0
akeeba,2010,12,76445,34482,888,1.,200052,41963,1.265439088120358181839453455748008681490649884846223301506400965999046483558034468102646588152316098770478698146098448033643304236044288000,2
gettext,2008,12,13375,10811,178,1.,501645,2564,1.0051383486347303420132309823100021058372971566387767907186594403261108991616612230033147360563152768374028685668123493730633412135760109212369620461590852800,8
apache,2013,12,53951,19529,526,16,1680085,34422,1.02091679766862881526353766945788180,17
openldap,2000,12,123549,81242,1797,6.5,170056,42307,1.331172846778570787979551526795920533734632235480368235761263906904325643332692527919741811220257593550110780045875421709876000000000,2
pyside,2013,12,1,1,1,0,287374,0,1.000,4
aria2,2011,12,26120,19757,538,1.,103266,5869,1.0602585295226995790614851483398323792624922923979740599358933245112137343872882003813995886071589499276727609183649184955619405643713492215760,5
flex,1999,12,0,0,0,0.,5028,0,1.000000000000,12
bulletphysics,2012,12,171888,193456,250,1.,539942,-21568,0.9503485362753043205341081922142724355028018734478185338138583769596974500429097204730124160603538461414105243660407963894223984827555798505733021708325000,6
Coccinella,2008,12,18095,10037,343,1.,144691,8058,1.05897550372280719212375816337044653477203385502443381865590009991435143208481730199165756350523549248926920991246899904000,5
oauth,2008,12,50603,121493,564,6.,244187,-70890,0.68441998984754731186879096145232117372084261949650421174496938299855472022909535223793487881088116087833454193866558707215228433418649600,1
mochikit,2013,12,0,0,0,0,37891,0,1.000,8
sawfish,1999,12,56157,21125,1097,1.,53576,35032,2.8891285591076868078300748968368490505084187955539614264335681749700729396931428687811272113366053490543920384991567262339661056000000,2
bitlbee,2011,12,14897,3322,246,2.,56317,4092,1.0783532790866498922196771869432992510793249700440804844904805812288937292303009798096586670436595216614281367597630228259415876960000000,6
libcurl,2001,12,18746,15672,911,1.5,27359,3074,1.13172780253230663837108322545963503888427340081674269261864621275330905736878875991758857622760258855634067261125426590579103004774400,1
pgadmin,2006,12,189913,160037,673,2.,243080,29876,1.14158168100947762612007753295315847034063601544573461365497117902030489003961811092449462295383006946844779875280939569697171323998369268320384,4
bazaar,2008,12,2386276,724221,5554,17.,154351,28500,1.22645827208647173051923114587766219185974620474605092982628972387140433097898908692631200040476745646566425320822056576953012183040000,3
kismet,2008,12,12530,9659,232,1.,50393,379,1.0075778781941918079557653904041227884471449766892882135246528531053175907203879451775773846787031114240000,6
nautilus,2006,12,10800,5119,273,4.5,104312,5681,1.057598523788369975056866796538701636251736723168631349063793755081405390936680249709650985028844113407189389726574893457689657471330088960000,9
totem,2013,12,678,4173,82,1,49678,-3495,0.929706355595823570322395174602000145,11
god,2010,12,1197,472,62,1.,12661,417,1.0340602793486985986248321532012372744136759990151655903693347266296102400000000,3
commons-validator,2009,12,2,2,2,0.,17369,0,1.000000000000,2
civicrm,2013,12,1180486,128050,3375,17,2166064,1051543,1.94349321378280946365871016261480,9
formencode,2005,12,6146,3626,264,3.,11822,2520,1.2709094818780148398030744586450722959743992111813485754240357456564641523538668696634400000,0
vagalume,2008,12,11926,6733,362,2.,10510,5193,1.976678578067908771303843202799095857997722404552786580872025624944091168953829402983779901723575798582923122719065935625812751161600,1
eggdrop,2010,12,108255,14518,146,2.,303977,93737,1.4458571156717953056580410791052631322323060548338060788652522847730983851078106286009431903911533353384576000000,11
vi,2005,12,1480,1597,69,0.5,18337,-117,0.99358306367060039387900215847344432821077795462986301829380000000000,0
gzip,2010,12,1334,1014,92,1.,8884,320,1.0374531835211650940181334882923270520425211746287787619210351630540278011845045722411243203760000000,17
wicd,2007,12,5524,4336,82,3,6868,1188,1.2091549296324871983888664062441074695524621729793740390,0
bugzilla,2012,12,4553,2545,380,9.,69737,2008,1.029647566035570948037258424050504675840090846762864287509502294843441938640005653067892293107122278032980696147592441998848062080239631887155200,14
krita,2008,12,307010,297494,2870,21.,745377,8974,1.012255076013979851449577349024652992243165551341794906526060729515273435710705076045488967546748734785580150406347767838764789558899336528243136000,10
heimdal,1998,12,18908,9265,824,2.,104184,9643,1.1019980749076746379535215019304344858473204876886919953268002121429120104574251194665568446787961275756644376084361263894383147900120822751846400,6
sdl_ttf,2012,12,0,0,0,0.,20283,0,1.000000000000,11
backuppc,2006,12,5876,2384,29,1.,27425,3492,1.1460232499763540485233517311838269253021108385411866197570995905603144792990750422144111485000000,4
mozilla-addons,2005,12,18135,12433,174,0.,19806,5702,1.658201546814783120952475810136205472885240652449851200000000,1
rack,2012,12,2172,1428,186,5,44766,522,1.011798209926367300283840,5
openezx,2003,12,46,40,1,0.,1331,6,1.00452830188700000000000,1
freshmeat_aspectj,2005,12,103554,34369,1988,4.5,503446,69185,1.15931663217778646826249145336598554785027803722039802394125200080761814938510400472196943135700960904564000090104187310307229457813420000,2
mootools-more,2011,12,20332,18871,214,4.5,16675,1277,1.083127196981726731650838518326149248745931779556177749798852607339101998068925216244692468747105184352031299686768477510000184965201920,3
helenos,2007,12,55281,46077,416,2.,57161,9204,1.19192193007123778342678717696200193757852972936524348665832848846972029982625313388035152808954402324314135825218831725555966544784217600000,2
chemistry,2013,12,21989,9199,185,5,185093,12790,1.0742296999978276984414394433047520,3
gnash,2007,12,186467,106267,4954,9.,187337,80200,1.7497008674514448985507415769634166086835820492034898324518593796765249122854530103672947805310204822296461975887792204668873690009600,1
levent,2009,12,46848,18454,1258,2.,73446,26632,1.57860432779762155274923318861791074299171489319875931306045481595904214833061257556358514358366470701515934995844821081806763641780305920,7
elinks,2005,12,23968,16304,643,7,94760,1252,1.013389228730189831251169167838701284,0
alsa,2000,12,67180,54878,518,2.5,45210,12302,1.3738300716719792993881166058303058754416122406802947445493612823177824524218483312903618985440930133941621093932314957777173200000,2
dmd,2008,12,32,14,1,0,226,18,1.086538461540000,0
ubiquity-xforms,2008,12,238211,456736,311,7,153401,-218525,0.4124503259647996888368668739109197026781685924577893826950771138289004990,0
pear,2005,12,3834408,494664,32234,74.5,8176854,3337869,1.68978701110605726402838297489696333944148025797058797325275046484141096109180248850020056553079316819666932707190649817126666240000,6
mythtv,2007,12,290323,153694,2672,15.5,947402,136629,1.1685169585054020289758526300776963087806947724413902532398133893428369657224618253666378152593262258783960158094867213739630486345922124800,5
moodle_lang,2006,12,268114,93321,4426,14.,558283,174793,1.4557954574960512780179352208832225986075458127392552654072011937199010492897880530763875303826532071588294879525628816564890396262400,0
nagios,2011,12,75573,68754,230,2.,223484,6819,1.031472549788722210527723478889454424243708996784663390550223060783906454609765303913275742621878260635228779429898204298386307953975530264294400000,10
fusionforge,2013,12,4215,2780,337,4,519904,743,1.001431155267797833959227429545010282664,12
fluxbox,2007,12,33253,24661,456,3.,65616,8518,1.14939666058430761625305104266017066127536269566282508148392947721890884979230378963921884135908805238087334828842143939084326108645220679680,5
kdepim,2006,12,1509356,1622333,14715,47.5,2043907,-203175,0.899934841290020702070536862364039073862494944005428064543923126780918245862738502740440580226574449801249646842501134958975534369831612900000,9
freetype,2001,12,56039,47191,488,4.,191750,8848,1.05050026540740668829191855990213359415961264104034756103009580547509093676496869694929192261837364415261503359091935815015889259979518104576000,4
kupu,2006,12,8600,5630,229,2.5,28408,2970,1.11675446189890200890928441753966101398159173125602082145533253478506903610681175020703424516049036288797886196792247487340681908477615104000,3
struts2-jquery,2011,12,21735,15933,417,1.,35266,5802,1.196918273144586192601460479098115391375950210157997410670834005493079702683788158957246612660951711212273672301729719189207523639085913907200,2
coreboot,2010,12,188694,167408,1136,13.5,392011,21286,1.05777347131572640825567173900212054981544339751648195255120753430923090164230362100767745172701633034791579450462696505356706016652774400000,7
gcc,2013,12,7361,2704,162,25,6349286,4657,1.0007340066693,25
nagvis,2006,12,22193,19500,711,2.,11438,2693,1.30794739848908675716636458359917081405289478058653017460549691160632101426995777196669403563518562788239736185124405139456000,1
dragonflybsd,2007,12,1352820,1201797,2226,8.,5696700,-425415,0.9283720039010838990323447287116859968124431453565588248840381846037353502074366166083928988951969982333814527227665381086806391192918040644000,4
itext,2008,12,150068,92514,547,4.,171745,57554,1.5040152026108368338229038954809614245829823071491212919663239948040551209576993910464459834004999225636627665300724933823897600000,7
gnutls,2000,12,10301,4860,135,1,5511,5441,78.728571429021605661273897714259200000,0
cvsweb,2004,12,832,802,89,1.,3940,30,1.00784518827665433966097733613281270218312818161555302384430637995597594487981035316652151595133568645779209795205939200000,4
piwigo,2003,12,6222,4356,289,1,10533,1866,1.2155232155591786208751325339182361320799490012652411680000,0
liferea,2003,12,30166,21292,540,1,51402,8874,1.20866252824986082027497271237536,0
osccms,2009,12,5133,4216,39,0.,108351,917,1.00853547294176762420244023005497796100000000000,4
logback,2011,12,9153,6705,341,2.,75489,2319,1.0316933169332573932158901468800900148575707144675269840860712690813960759334940668948905959274561297459700960268109052323657485112320000,5
wxperl,2005,12,4121,1373,200,1.,42663,2748,1.0688462983856017517677106798965445699644589160233279458619706894251151101917299431110061561327033497829442900434218429038898464000000,4
wireshark,2001,12,161016,64568,1767,6.,233350,96448,1.704503951718059485879107804033414327032724404642460118788056659565108318261982544190428337557720438763135741298761370552690278400000,3
thrift,2013,12,5763,4339,59,2,159239,1360,1.00861419188120764684266514016551593066,7
drush,2011,12,34265,17427,2201,7.5,38553,13215,1.521548662035469106624632156228162898027262144610977997559511427063466466417625212595126074075493791846300273967858245511814334849024000,5
Osmand,2011,12,302662,149920,1841,7.,176701,87029,1.97052591661841940851927506747948741777871137611152446443327284499692616931900662999395932850683514832064733453724257530160400555931238400,1
fcitx,2004,12,1198,125,16,0,11852,1073,1.099582366591626361668623000000000,0
moose,2011,12,48061,32676,486,5.,49166,15382,1.455304286106173430736630315398995989494802566752166583588645237777126143081544138336850266612557244632999099356876713964992407615418521600000,5
libidn,2012,12,4351,2597,121,1.,99603,1754,1.01792557920895911080548202234840214166918321566950435427113278900856280501085162291200000,10
commons-beanutils,2012,12,0,0,0,0.,34274,0,1.000000000000,5
drupal,2005,12,216018,178941,14069,2.,366377,37077,1.1125933799033321765382417443456576747358120264347069299024313587353523100744318586275485020036262210007630402922758011451270114922774528,5
kopete,2005,12,240668,33298,902,7.,288163,207370,3.56668275730547012687916781500057669395701932066890036393195466870008443201832827568670384000000,4
tinyxml,2007,12,174,84,10,0.,5935,90,1.01539777587827757259575938561122344000000000,6
munin,2012,12,355136,284370,1498,17.,110336,49384,1.81021131386555217140535000551412968173539884151230476035310350935164337178748593369132317878998872085976608742983241350644005943966400000,8
libvorbis,2010,12,39962,35106,238,1.,185434,4856,1.0268914264135004674692644476735363452558736217545960903252038200363400457480941160025815109676600000,11
blueman,2008,12,2702,1543,60,1,8621,1159,1.1553202895,0
jQuery,2009,12,15441,16969,740,3.,28316,-1670,0.9342649084895187059667886123276906066541425553853684504405772197986335199725698190290252814030143091797871540216264404366517794761248905,3
cocoon,2002,12,0,0,0,0.,34464,0,1.000000000000,3
nethack,1997,12,0,0,0,0.,159887,0,1.000000000000,12
sdl_ttf,2005,12,711,479,4,0.,15570,232,1.01512583126956392596694827979854621445000000000,4
emacs,1997,12,222438,50264,3662,13.,575349,172174,1.4270453277044997092541355794778807398314051298762177893569569675056567625333330172210920136066845098116302540900200844527360639703552000,12
propel,2011,12,30137,21190,1406,3.5,379896,4117,1.01095590759783939759204020203025863322159879167466026920373351791075775346727147559593851271527428078113045355220889498404959245734639450376096000,6
yade,2006,12,10909,34787,104,0.5,68209,-23878,0.641336838118800839327434399212063735590871826878610751359408745985600000000,1
dotproject,2005,12,68265,37478,4837,4.,332299,30787,1.1021087054576151270126920490399106020006579021250151089502576435595717460767477877735760908702986401733802778533082420421634006672270254735360000,4
cs,1999,12,130148,94583,1461,11,141575,35565,1.33621667612266515143842103652339477769471593366679643820918317493691078547232,0
mutt,1998,12,31665,22118,598,1.,51094,6391,1.142965796479394099928818866195623498581194670204618262000,0
gimp,1999,12,518636,352343,1951,14.5,785025,166293,1.2687641822673593755377804713635551055056244082298639553236321155688609055408137594050047740483482163203656646328436264165799537400000,2
gnupg,2010,12,46694,27300,240,1.5,187742,19394,1.11520184379960721159641710883042865947737033291399596193013250881865630809045715665303517373822596080408947673712311116348516228328922274732446080,13
s2putty,2013,12,0,0,0,0,124343,0,1.000,4
rpm,1998,12,35796,19721,579,2.5,41382,16075,1.6351997470205954144278727905518726080836714783038675155433196863149419093669880456280178398407472186422598956882063865642923662213862400,3
webob,2011,12,33708,11947,719,3.,10558,5649,2.15074353231424597143754806799729419198135040330367851964561342497369658200871318848734417870047565169814479312320000,4
izpack,2007,12,543633,104512,663,3.,2203769,439121,1.248843395367898706470898471192010241576239772339451394167256762381319324663980817927299628225947662682583831327511305712655693756720000,5
solrnet,2008,12,7461,4867,92,1.,14873,2594,1.21625677361939151058389879511593372283453922168206542022422443808408388432781842461931542965356564921956278509296000,1
vagrantup,2013,12,6863,4274,378,5,16571,1633,1.1093185165353171463901862816191440,3
widelands,2013,12,28259,27009,328,7,130999,468,1.0035853552036785828442732807612505160,11
grok,2009,12,9804,7185,575,5.5,26327,2619,1.114092790193060732776749792471504423987384186961654035190224587375206792209703773578773931248561988417377931258743667254402566504241186875000,3
sed,2013,12,1,1,1,0,23531,0,1.000,9
libtheora,2010,12,28216,13394,159,2.,66680,14822,1.285818967226706728172634775627463784110706856694151733353852665991692554638498307228011238411151406175108912212051199574446216957423912091648000,8
ultravnc,2013,12,84,33,11,1,333510,51,1.00015294234069071722883723460,6
scons,2008,12,21984,10826,292,1.5,106231,11158,1.117362447800980604158547494315155024633997498979614475097613668217865441498638998049754825523850441774851743232000000,7
gcc,2011,12,892685,551329,9732,71.,5930147,341356,1.0610786840963850013935036981864717253756091863213344590261561577143258020162529001837416123187061317284416517345277805053729378659126712405196800,23
pitivi,2005,12,10547,27716,156,1.,23105,-17169,0.234039705598060470962357090342837852750978242297048762120138968691333233456324654090910439848282934400000,1
cdexos,2000,12,55258,48043,162,1.,88508,7215,1.0898259505833537790963652081964941755314018187436645380995108615562426682079658265746379737212339895008000,0
xfce-terminal,2012,12,11729,12183,185,0.,12715,-454,0.965525096777824793600000000000,8
kile,2009,12,25917,14296,352,4.,58387,11621,1.2484924945420388844839812916658035892293770895703704295323020701958525765538020103409075753234955007773692697775166265433762130383664355246080,6
freshmeat_aspectj,2012,12,7294,1168,103,1.,668811,6073,1.00916350050691352115847931569285831177377800420914079096325239092038279331252371697272506172084207703966899568162036481173118976000,9
xcb,2011,12,6045,3028,83,2.,63938,3017,1.04952315293531363882481805112401459748878933021277924440409508574740149809712105152191062303176704000000,10
l2jdp,2010,12,1212102,763671,1151,4.,1102800,448431,1.68528765875468233188563437935566017398892991330685735282389755002707724922830268880995782037346795520000,5
xfce,2011,12,54783,37595,1100,8.,305713,9403,1.03173365732324504725489464373792043885990064801012922660636876705048818202514598272617143960072092796659299242992383330137659570736370266931200000,9
mozilla,2005,12,591690,454938,9887,64.,2463936,136752,1.0590681833435540594635348750719103345992900795249385861528254788709568401391054214668776544935902436761248471995268263244957506226883185059840,7
gcc,2002,12,499525,429697,8130,63.,1774208,69828,1.040969736796378564092580270862385151406589886704842410575790318664598685868032461352331224619564674338451417796060979564211240493973120000,14
gksu,2011,12,0,0,0,0.,82272,0,1.000000000000,7
lilypond,2013,12,4646,3616,111,7,1126293,878,1.0007801566533484084120014351881300446050,17
docbkx-tools,2007,12,2939,2650,50,1,3233,289,1.098165760871539903808866148639166749305131297037751491704666998094000,0
portableapps,2007,12,68160,33846,104,1.,21158,17157,8.18768328558976906999887944556335627680445746108724618346240000,0
sqlite-ruby,2009,12,0,0,0,0.,6473,0,1.000000000000,5
sipxecs,2012,12,303043,276973,3464,9.,896222,11487,1.01298354874931751482518474893879838157615746236447478407826468603047340577537975690520577534663266325981064944910030624102865455331813362441241600,2
pacemaker,2010,12,141459,51605,1508,5.,60800,0,1.000000000000,7
bison,1995,12,847,386,20,0.,8431,461,1.057841907149924375104490000000000,4
griffon,2010,12,174153,149832,414,1.,62780,14780,1.61815140139950784664433779624046508673966791895355509070391331778463967934398720505587514756330399625945059840000,2
hackndev,2007,12,6137622,9498,240,2.,6209932,6128124,75.90861529704431527257887601490141511808996103751948074264701691819898101491332663944396800000,1
eclipse-cs,2012,12,2102,1026,52,0.5,61241,1076,1.0179999330833739577315438040173503484307056674498440877343516449163015890780000000,9
reactos,2007,12,2542121,1615149,5661,18.,4054099,926972,1.296429278369024830173381876662764778848385491686048844713404527080498834612173440558068509605329477837039983652678017522281183226941440000,11
commons-codec,2006,12,381,220,27,0.5,8013,161,1.02050433010146102839917208069740043565695025706781765668508160000000,3
nano,2000,12,6956,5090,303,2.,14548,1866,1.14713767545186982472616288234132637208666338450978549818880609479840,0
jtds,2012,12,47297,132,15,0.,177195,47165,1.362723986800000000000,8
expat,2001,12,1891,9825,103,1.,28366,-7934,0.71713786584430100592656078296139693117997451325947264716481273596671417605376053674399824271360000,4
Rhythmbox,2010,12,47311,33771,787,8.,141154,13083,1.102154273801061108661547275357095998279645604772864645496478268455220012877907896370537579442999924385440476898770622179057092666166292800,8
mc,2000,12,13224,44822,591,5.,294319,-31598,0.8903406941450689252436933620969210822118792941791172913639308531153727839631780001014521343215801204281170485454835271925138081905329436239114240000,3
firefox,2006,12,59471,46425,1885,19.5,84155,13046,1.21397408566901203759681930028564667383872282960467719862566420906378811220885774916529048926040671917946422816412530561662980456448000,4
distcc,2012,12,13,11,5,1.,37448,2,1.000053410244080,4
jetspeed2,2010,12,49469,20039,610,3.,281600,29430,1.1167579147774718099478311333825334440259627880017644198222683653416290002373393845332166802382490548619722941951988702281576161600000000000000,2
ibatis,2005,12,23395,484,51,2.,56428,22911,1.683563564739686952091530657515039064780674060858586108086970,0
avahi,2010,12,2456,1429,121,1.,59686,1027,1.017507969786495835043369037569126948900160351054646654265280891313488623077895225024771856000000,5
lams,2005,12,725507,395048,3214,5.5,360924,330459,11.84716888031224621905032937539671748023755073666936245538056344344506614195451736328503037139611291699534621776225757580748800000,1
libdmtx,2008,12,30427,134681,811,1.,128257,-104254,0.1186128301762882178364872447583868751730039964673253334752576567643367195898143104467457359333437116920570472868306866960377594968643993600,3
numpy,2004,12,10753,98671,337,3.,100057,4983,1.0524140107274900859681216205538165187030694099240442370344522458280290514155703452306884182772823435632578619986386652294172370491000000,2
javacc,2004,12,147,150,26,1.,21942,-3,0.99986327590931966937056034387220440722202719318622013256238845327730988570279955175000000000,1
ownCloud,2011,12,1298374,501139,7504,9.,219863,163796,3.9214332849769201179388134600482173439130924543297800868608867931331934901500870904850580625731677424445792000000,1
fluidsynth,2006,12,2480,1874,26,0.,58384,606,1.010488421198370424842309872242666584000000000,3
mantis,2001,12,45053,29983,695,1.,22368,15070,3.14032097719503886306244902977854882494632763364477182968307092237959539603621302870344555779981997787600000,0
commons-dbcp,2010,12,2634,2846,109,1.,19823,-212,0.98941851759717717834571147002496082520236594720234315553410930702096214600000000,3
oro,2002,12,456,489,29,1.,7925,-33,0.995770315300942994692244043174148951272932319192904383000775038201727588797150637316448285264000000,2
gource,2010,12,10146,20679,256,2.,11589,-10756,0.51863951667583600838809539571102867713262115721818477537399715145917234184090087132683930775609517447090829000174086913356501277696000,1
krusader,2012,12,1359,1083,139,1.5,61171,276,1.00453239182223307123082397399910332398665405199784026419546633630782337563930986839768681045460087329536000000,10
clansphere,2009,12,61048,100246,2732,4,136853,-39198,0.7453600545687158801421967359101809947886230111874366593062610912474462133816932934632401172507711168758975193358203667200,0
stendhal,2009,12,64485,61125,1572,5.,241729,3360,1.0144359661751973447907727097576016383930096518545851116948695301452540003441343398914281030344826840702061781840324347465874189224715788424320,5
openoffice,2002,12,722213,237224,11778,66.,3202424,484989,1.1784730821544206853411050231734575552678853488692846013134043169836873686691214066288234964446510109795504556611528340471714539149740243200,2
freshmeat_batik,2013,12,0,0,0,0,223897,0,1.000,8
gnucash,2002,12,145720,81469,1577,4.5,365075,64251,1.213583357711050856324488518545974301784237379712781443569299266222010244445623048099320122994129432000135669339028957930573116091200000,5
wammu,2004,12,4927,2969,171,1.,4457,1958,1.7835134053647426498698073251045748713758953459786406776419398371552000000000,0
log4j,2005,12,44154,77809,812,5.,122114,-34660,0.71114259525934849567811104389525470884828871172788716680828713102525473076728077372897529180033612818946543033040112691888972800,4
varnish,2009,12,12018,7810,500,3.,42103,4208,1.1110436733123928356572705756465464085769430268181068798781607101298421589601884777406661788948439013084796704473291281560756770597652171043200,3
tidy,2009,12,50,24,6,0.,42503,26,1.0006120959578480862410138860000000000,8
pugs,2006,12,560371,341238,6639,27.,402635,219133,2.1973695712484694107961570943650623557811569414691671011163536352586749724127419476499731450066589100552118027658338979791348317331200,1
poedit,2011,12,52,15,15,0.,14294,37,1.0025952163843984688234140000000000,11
typo3,2006,12,53745,38185,450,6.,181962,15560,1.093508491483573623452141886531932495622334383379751358423732348876001587680610562248513883359235512113356800000,3
roundcube,2006,12,33215,22437,671,2.,49835,10778,1.275955654648784907860161545434610434220754118505106087516327010261406471976963742387760014029202817499625850085015893272295790500000,1
rhino,2008,12,14955,5962,157,1.5,71416,8993,1.14406548867764732332814751534637460546499246997757637461142757503431102843388756673925169033608895706175198686007207722983424142400,9
gate,2004,12,107865,17263,640,5.,236665,90602,1.62029398279733669073925262300458204035518261171320196793741214194469721793677730359280510204958081410450917269510622435778954760767897600,5
phpundercontrol,2007,12,3526,990,176,1,12280,2536,1.2602627258,0
dvdrtools,2005,12,0,0,0,0.,95823,0,1.000000000000,3
commons-configuration,2012,12,0,0,0,0.,199167,0,1.000000000000,8
cyrus-imap,2012,12,21775,57095,1112,3.5,895981,-16524,0.9815282871833683432680707819930426758829434114838437001198809618159673890348776422483189880660537131185353230039710891905404796585461283743087601116313600,19
scim,2005,12,284583,120906,975,3.,341722,163677,1.919301300127448345031473275543478941175168212875151311308758856669790555991366669965534449761094082659749106903231782641984392247657984,3
asciidoc,2013,12,27,22,6,1,13931,5,1.000359040643401444706544800,6
roundup,2001,12,6775,2946,264,2,9951,3829,1.6254491994762249012524550173926801524284487609146208,0
selenium-ide,2012,12,0,0,0,0.,11771,0,1.000000000000,6
axiscommerce,2009,12,277753,90210,1650,2.,297291,177627,2.484381268047845189314794027273704379586418026599221669338477036158908046608139767520437902029544829745456884064564947308500537119059968,1
btrfs,2008,12,91078009,62258275,110647,594.,13225605,1741926,1.151687103074547606015995103269418477120027983889600072171260495181979048156863487026931898413731981232585795160893703363693743926031936362960,3
infinispan,2011,12,134220,69511,1480,12.,172983,61077,1.54578842954987723822722521522036526539967101428700125382781770161754592977095272459280527868377039627649517131130305944585035648000,2
KazooPlatform,2010,12,297917,236131,937,3,52859,23167,1.780243836977739586029065850803818674005405758329984,0
coppermine,2007,12,488321,426086,1508,4.5,342070,62235,1.2223989136423608810929214119094162635338116917348481602067021129628787674598449947166166946801616401597944451986129679617657467008000,4
winscp,2003,12,78522,6832,31,1,100928,71690,3.451946097930873628324710826718854031041179755334010200,0
opscode-cookbooks,2009,12,16712,3968,602,3,6591,5232,4.84988962476875061027388963674879484105622657155739802826421177397838197295827332728625476923865129967616000,0
grisbi,2003,12,130727,121689,761,3.,181773,9038,1.05833715232103067897683915883744977990332077992408623123865141861245661331390606976447160990990904775524698056976824665689778411299973120,1
koha,2003,12,19252,34874,685,4.,80660,-15622,0.8007092922118647942528320331346493522462298479510800509957145252160437587677743611626048170051623792979380853578045045389542227671777280,4
xvid,2008,12,9455,11072,57,0.,66413,-1617,0.9755983460634345552278670808300715600619992611200000000000,6
fabric,2013,12,257,139,49,3,7051,98,1.014108839623487462555572602970807128,5
yate,2012,12,80841,7884,561,4.,318431,72957,1.29720866567122059473542557348965372499883367227549688041545242873482867155132553339236024869559576519443927567351360749252242367717662720000,8
geos,2010,12,57874,60838,395,2.,137376,-2964,0.97744601195841426029806500140013950852842630237071289142395792247039819847374213652551839443282544191247586716099523542651172352000000,8
alpine,2007,12,6004,3891,51,1.,426913,2113,1.0049761437125710709401317,0
karaf,2008,12,24772,17919,342,3.,16041,6853,1.74586417071014231085116810897425810831274738487108632140970983767872842911788700865417193564542083260646821182883134658382535602661680,1
thunderbird,2009,12,279069,191121,4087,46.,1004319,74424,1.080034842645563674521413284010133151931385957888661827989698270061117655493603434040136944714587846366469436634028430328824377545600983348400,11
sdl_mixer,2009,12,19475,24679,89,0.,42535,-5204,0.8769332639622202447519478267849068464015335233202654563500000000,10
libgdx,2012,12,3213942,2193169,3642,7.,1499996,728332,1.9438460262225153300703187555827844096064248537470229102970653530933088200368876322592052860118734695677622829717602234632155136000000,2
boost,2012,12,1658928,1119983,5444,34.5,18679689,538945,1.02970909020958225081906606809096678502644717450005808007721577542936859065087984370359840111929899734986956948820074558637281810966007164370944000,10
amanda,2006,12,181158,54004,655,2.,240442,127154,2.1882218816436155194263323659374412967728790884030572541170535699617695116737516326767261342727291099829628386583578021228094682835503501280,9
icewm,2005,12,4689,3016,120,1.,123460,1673,1.013737098377698796045338078134634468865970135779980703268231632788218284224392141020001278835916800000,5
ecore,2004,12,18753,9800,432,7.,31358,8953,1.39959830400849702957493988344327415432098830348047773620363606452892540857523757039134156694439663223981365075463672638689680156979200,1
qt,2011,12,9846024,4579756,12463,67.,3163957,162929,1.05489240443985224802852852672511360308075650345184385643722310718962102086450022958065490890789366749686666509612934459209635600955786459904000,3
testng-eclipse,2008,12,2398,1258,18,0.,23126,1140,1.0518511780199843776285963228616192000000000,4
toxiclibs,2007,12,1666,591,22,1,3351,1075,1.4723198594378395298638314162634085586843053502187875920000,0
apache-rampart,2007,12,34938,18530,267,2,31223,16408,2.107526155951869136303123806413550843670141864043379842613144841149589978065300091751758721942097348266039527923449856000,0
heimdal,2006,12,56105,30513,2142,1.,199771,25592,1.1469293083473260770240198197503963161828995093656190656135891640650559776095771269137734241963452001945036489854056055668201678067659648000,14
phpgedview,2012,12,2652,674,42,1.,363656,1978,1.005468953046958207690980235683513643415676183269660264698598565038018851584000615360000000,6
cxf,2009,12,257371,158026,1781,9.,523924,99345,1.233984723680066160145066917161680763639631605274482394753039324927465508613968450661656551163328071307413009590705840771633243982080000,4
Weld,2011,12,70265,53957,530,5.5,187713,14698,1.08818941105223380000523132698847979406327626564347289818405518426394609989358382769791602946758935323663371688573060846124049587344463872000,3
console,2010,12,15602,4652,92,1.,26697,10512,1.6502536186602524594588495965473323170286134453943137233216518865210880000000,5
dist-zilla,2008,12,2381,933,151,1,1545,1237,5.042483659692115468512540783029802498822901451027589331200,0
f-spot,2007,12,218570,69188,727,4.,265877,149382,2.2823039612683647233499725629001331148198616125288252646202317913320614435024815089774770602233818985816568496285507874418836030822657504736,4
spidermonkey,1998,12,160395,89233,466,8,139703,71162,2.9946742911251514875986120463544709863019052814485741745715241469017780396153921818122111649382400,0
latex,2002,12,79,58,6,0.,4053,21,1.00520833333342254033194400000000000,5
cvsweb,2001,12,1392,1048,40,1.,3067,344,1.126517101874648107070739728487830797702659265496495055708038694523491099198609031900737077616000000,1
k3b,2005,12,51613,34521,478,6.,122724,17092,1.16180702817730121437591270262329621368746580157012224264984503664059939413446189586776880749155068330725323152138846359818759893487616000000,4
jetty,1998,12,2495,757,38,1.,16773,1738,1.115596940475049757841021540159260621608649472,0
spirit,2005,12,2154,1722,9,0.,238852,432,1.001811928529022905771766150000000000,4
gimp,1998,12,283027,186336,1168,11.,618732,96691,1.185217253037697719309882574694283458707715462152077281261003828520991812896640955724164605874136223795935938023566223862852830029670000,1
tvbrowser,2013,12,9097,2447,63,2,307960,6650,1.022070293048942083480570901508668478552,10
nagiosplug,2005,12,11401,7875,214,2.,42390,3526,1.090850532069923888839205632919344184135337891160430258580142499768326275161963414141235332006457527781649809583695024278405988882931274789376000,3
fontforge,2012,12,38445,36337,341,1,604910,1160,1.0019226306891451980919120745992101197420438328261170125277992620337143680453814000,11
cocoon,2004,12,893064,534775,6230,19.,1105283,358289,1.4824524905594676584212496282413740820694565663716072697614967050733463024909332369943662487093755056833166998809297136756503937140480000,5
db4o,2008,12,566319,374129,2238,6.5,762920,192190,1.3410030482530113147100447715011652276047781097599172071828223720259717016089351780864827956806239587067888401785435205042906846734500000,3
kompozer,2010,12,1712,1443,56,0.,3971879,269,1.00006773095752764766239671159308165386707425000000000,3
spidermonkey,2012,12,0,0,0,0.,541000,0,1.000000000000,14
swftools,2002,12,59818,14575,330,1.,93469,45243,1.9381453985762029680956800690039001482005790881861317659252939056854572153859595751860355682972909170575927389948346889113600000,1
gzip,1998,12,0,0,0,0.,5981,0,1.000000000000,5
flotr,2011,12,628,234,18,0.5,23738,394,1.01687799862934827474014656503581541844591510809425973997759000499254785560000000,3
rygel,2011,12,8616,6927,538,3.,20632,1689,1.08916222350406822585906332527512694329556189806088338150121499016024004387585291223980791223579443493126863604576479991154098000842752000,3
glew,2008,12,588,408,15,0.,48771,180,1.00370438970153363678654680000000000,5
classpath,2003,12,103422,36770,1182,7.,257638,66652,1.34898893116410447230746841153314670951123096484727170241843139937538535047738069986193216259388350791146004811157482237754498610176000,5
tsung,2010,12,10896,6143,215,1.,34748,2297,1.0727520349581676492438910093456733070026141404765526318450252080437806249004832885591454108355467547625801107578542397894213150000000,9
OcamlBatteries,2010,12,54704,63540,476,3.5,59702,-11182,0.84161473083975763943847923955640161749256026424751400658197663333909351171467559325954395665595283364333114901059307282763916800000000,2
offlineimap,2005,12,16574,16364,24,1.,6762,210,1.03205128205520763514806908922456371623914714021616951204332452292845623651498581046208000000,3
jbehave,2012,12,39776,28058,559,3.,66196,8459,1.14650917089761568624242969896650668341495717233623683407665675613463120932616980085135057849264703498601961683954392523306910740232363008000,3
netsurf,2007,12,8671,7180,280,4.,72346,1491,1.021402425898058982714535495872565833825132183781035149035908390398913407451688610727589422715191788568042449870939825040353274796258204550054400,5
rpm,2009,12,10215,15059,874,3.,69731,-4844,0.930531055942628366639488313635491744359668440716853679128528267402091540449914010160094606668146352775880454425539542909188618315328730426880000000,14
xetex,2005,12,534060,426247,153,1.,2031028,107813,1.068644248548971903153296310095345551916512000,0
wayland,2001,12,0,0,0,0,7,0,1.00000000000,0
xinetd,2010,12,0,0,0,0.,31536,0,1.000000000000,7
nixos,2013,12,8332,4445,434,13,31384,2244,1.077007549759563255749551317237920,9
courier,2012,12,0,0,0,0.,180941,0,1.000000000000,14
rpm,2007,12,324394,571462,1607,2.,994467,-238956,0.760187870715557872234488636068350717658467462227494094707250732041683241276559233944238637822897804473012906693690091943833508864046629391155200,12
GnomeVFS,2010,12,0,0,0,0.,87982,0,1.000000000000,11
neooffice,2007,12,72827,23637,832,2.,195678,49190,1.335795423519114036131166852013607084295644372510097999257366709496258991010108292476910463480384913658429457673521917248641361893875200,4
kerberos,1994,12,91575,21129,1161,3.,164030,70446,1.75275688155602076371819956620312405043262737082555080320847318370396457200411429337398559505087404939311392202011258905238765187597263526317440,7
stellarium,2004,12,10898,9078,394,2.,210710,1820,1.0087127196087238837543983262104493883762464646987406380032440671477910449047231784351138111104928131040092164640768602175779968974098706213401600,2
warzone2100,2006,12,139449,147831,1642,3.5,1332790,-8382,0.993702474614167927818250148941803617456742666341204398947460149520942526229973529067677432167712436632869300959534374794100486762363052950674022400,1
kmymoney2,2006,12,25125,8080,343,3.,114857,17045,1.174262871638208045972690254186827253854612894062059049702288432661197018494687715130992827736520992568447684131159275844481260174810841920000,5
thunderbird,2012,12,139531,102463,3260,43.5,1180825,37052,1.032394766407669366502039486754011202973332937857345022214322632785544175920067565144727924636693615943835770614802117370899860527908812185571868672,14
gdb,2013,12,33622,11281,567,28,2914751,22341,1.00772400869833776974172514327597949980,14
wpa_supplicant,2009,12,109914,88042,1231,6.5,180896,21872,1.13753898783193589083694041381347116477799561491868387202670432671626456124727731383285018266590230347006525098043491644937052866148668569600,1
elbe,2009,12,56428,50781,616,2.,225229,5647,1.0257491746755063110442005221689827386954853910043499537468857351480904484929339403744649924840209936150069248205636077621074366859056037806080,3
rap,2013,12,33103,22893,410,5,613864,8336,1.013766497998096998671930595211035330,7
offlineimap,2012,12,2339,1781,145,0.,6309,313,1.052201467646499655900214316417031878566342160000000000,10
mozilla,2012,12,15349952,8303109,55375,284.5,11060311,2036910,1.2260456989772830675630091069260253159765199080147749610446932948313666330413064108125445502736564009384196223447657638146940008649954320000,14
perl,2004,12,374446,490209,8108,25.5,3066400,-120838,0.958884822512640907287835055236854176153479401037222412151401858185024173216294132640452742642641701892758603133133703185993445825338373966400,16
torcs,2003,12,102792,49443,419,1.5,249787,53349,1.271581873096618144689775436372044244088374841765705160670316384108231344300663961703960770407748373320728916507227911417824407888455200000,2
ant,2007,12,14876,10006,729,6.,239693,4870,1.0207535189354026174643191696093525820721208236809668149097783453116019685252524168502207055436465342487426066496238294700421642004691180429770752000,7
limesurvey,2004,12,22649,6420,875,1.,34347,16229,1.895739044083725007329294574483280800046358817831433184502406911374476171470218873575079566105305385852827974933064864971763192519680,1
boto,2012,12,118922,50848,1324,21.5,39387,11811,1.428307223690478299659231779326832335114174757081889703955301786316252875163520000000,6
commons-io,2013,12,302,54,23,2,28468,248,1.0087880935512301735296240,6
docky,2011,12,2128,935,93,1.,33294,808,1.02490061326790390476183899515643507172033919039598616468963200000000,2
plexus,2011,12,2654,29436,143,2.,504392,-26809,0.946848352558888376251059722687352204289359756486642694906092719578740430105341137319314996998737425793450000000,8
itextsharp,2009,12,66073,71406,116,1.,283606,-5333,0.98043215833262714716557927785451915703128704475261942933446533721170600638684707361574121730662400000,1
html-template,2001,12,1832,836,34,1.,3851,996,1.348861646347637872239608398459955465094276833085607774343297756855058094080000000000,2
sqlite,2001,12,52580,17061,253,1.,56572,35519,2.687122975314453499891009069221550128018535194406612686064965093859329844118078407262971697573466848474287447995711956516472405076992000,1
ccl,2006,12,78950,42438,2117,1.,228144,36512,1.19053185271624947459766937590601470950158446395101276300832170479466096257425522410954907567165425109353919826260097515774649560000000000,3
perlcritic,2010,12,4864,3420,176,2.,43558,1444,1.03428788525918054088158439127218035224887724551653610890709014525244023483293546041053424578784944847632691730675122520719092845112299412068727777197350,1
ubiquity,2009,12,89556,69015,2335,6.5,40771,14573,1.66506936831622666925951296694034265347751316860245823888607761532435285902890849644637386884889415299665904120315557478400,1
jaxb,2004,12,392,318,47,2.,74470,74,1.000994677133121724921790191327373639686651697293017645963141663720370599693480,0
gimp,2008,12,302109,269137,2413,7.,692036,32972,1.050028525302800418006125624487029111885281617303152680146566545323571911005955440787470252000829092782034920881267833594135027304923108038656000,11
xoops,2013,12,45659,1847,49,2,28308247,43812,1.00155007520931469730713800,8
xoops,2011,12,14979924,5448726,6076,10.,24365897,9531198,1.64249352149090132103486918701543916246292820544437755333268057585373752674345045355168078485024816820222631888274311153566096064000,6
otserv,2013,12,0,0,0,0,137338,0,1.000,11
ipcop,2009,12,49399,37954,1279,4.5,236976,11445,1.05078788901131125121517057508723127764959566063675986310798193613974450117874794110101093606517390562034305893301439569282203960680155840000000,8
hobo,2011,12,4496,8098,192,3.,12198,346,1.0291933850839137917405099702385286618771826661196843044919144660748636704976504691788945576786240961808970502592430594166725310534144000,4
opensuse-linux,2011,12,73225,107278,1779,22.5,968275,-33856,0.964993620346190910281948711734349384536753761874674209328492256834917674700160937682700453499759062527043299680003727071277610333971706675200000,11
gqview,2005,12,67018,13430,73,0.5,64699,53588,5.8229682294464815775634735782932981770894827381613047152366011657600000000,5
pylons,2010,12,203138,107666,1949,4.,126808,86575,3.1518405289880069519721961874605506027096462482262154714695753797434461661134485886796918914895229439462286925599886224196419584000,4
komodoedit,2011,12,409709,161986,2036,3.,1883707,247723,1.151424091740378508993024251542624086411301292083682046377445401860088914951212409237025902437715498501869681788714387239751333898589817883104000,4
etckeeper,2012,12,147,39,19,1.,1189,76,1.0682839173342998931506515279057662489185104020775672039879441582734813708956216064000000,5
ipcop,2005,12,19358,12398,223,3.5,95426,6960,1.07867429294827796312448120374671184690956225179545323797564714485871697681611289087071550589324111792417030814350561402880000,4
reactos,2006,12,3895259,3675515,4629,16.5,3196510,219744,1.0755813733543831348011977618014949392060731001260464892487239786425902974095030252049629812571450285146992561147438075363638323275420485376000,10
openwrt,2007,12,944366,585168,6150,11.,511484,359198,3.35870664417943148554365431849258616313946435981237323874956531100769924723600646384269469785699474546987457669226375294601830400,1
fbreader,2005,12,51808,36304,857,2,28110,15504,2.2298905282695955500465393185419623141032274164283547907558510092261889188823459294820052625049600,0
gate,2008,12,41650,28205,410,7.,478911,13445,1.028990976032357090668532640436085549129821215663236310169136873608730013129804633049145053625933756987555296995797150631421968454035718670745600,9
cups,2007,12,28994,17179,807,1.,558521,11815,1.021611249923528913042883770071369047633012459596268002609659933213973504362677237891333706661306099446070578253675005467440842032231462141953638400,7
filehelpers,2009,12,49287,23489,99,1.,86012,25798,1.42843856907378054432733923934979870463302588046109656649775552963330509346647380784081297489151039831773440000,3
aion-unique,2012,12,0,0,0,0.,1136480,0,1.000000000000,3
do4,2010,12,566608,301507,1213,2.5,521562,177168,1.5144340493305235490172626594253339182798035570960213513135640427941620306696524660609843200000,6
m4,2005,12,38134,31262,218,1.,109590,6872,1.0669016141311658943826107348880925890461668586998996519369224472469885300000000,5
pear,2000,12,4357,1835,225,3.,3157,2522,4.971653542285330931075017451360294613864547169887192046031489101850596395466526966642133712373287393250000000000,1
l2jfree,2013,12,60,50,3,0,1017873,10,1.00000982450487000,7
maven3,2003,12,2,2,4,0.5,46,0,1.00,0
spring_net,2013,12,0,0,0,0,1808069,0,1.000,9
gsl,2008,12,11647,4113,250,1.5,726977,6492,1.00901059702899646392113770315578656331598666696385347509995469088577850023586948781528997569162464038703917077689947442577966982202897337915574473406939136000,12
blackbox,2002,12,70114,53248,875,2.,40726,16866,1.914047257771905107906988881588122347574594060562110546279950115212191936371733637298625099980001841704364547149970017883244154880000,1
qtparted,2004,12,1081,589,36,0.,56448,492,1.00879262277448847418041295405031544011645477505632000000000,1
aptosid,2007,12,3002661,1357973,3037,7.,1660396,1644688,105.7038451641316647078769818154694946472018929376721592980061088903911894653084833883740298895508422929647633570599357834240,2
FlexSDK,2009,12,1399306,521585,3475,27.,1673135,877721,2.1034769315108172763201896162755902228299377776907635171181309709534785473389545359089668033938069664449223293654414086075909561460961280,1
setuptools,2005,12,10000,3850,275,1.,7094,6150,7.51483050888887457548357373829004509997381932825386451988783800022765198943341123340183916713615699729984000,1
oauth,2009,12,74640,104660,408,4.,197500,-30020,0.804740347555642271858286445194518700309053201619273984849760688774137422816173881502083562804500190540994022037750841811388530183700160000,2
openmpi,2010,12,261765,218425,1487,12.,616476,43340,1.082935146398445239991722715188077842131512134156438245733826330125161243359597393136525623480052617347324177856067196785709881139897600000,7
xom,2004,12,44443,31977,855,1.,38727,12466,1.4746963177901134103036611817865904028052199729672281388616396374752627640279620521566897159708194470659065461029728883278391911332881920,1
Foswiki,2008,12,9210402,2883785,7518,17.,7055069,6326617,9.685015621925029772634,0
libusb,2007,12,2230,117,13,0.,6465,2113,1.48552389710801049340463709120852000000000,7
xoopscube,2011,12,292662,145214,425,0.5,633617,147448,1.3032854830474313446370710544912224019521511280000000000,7
speex,2007,12,67963,17165,655,1.,89380,33370,1.59578646661560417665750665264781046100569287120731379455308035856615838404220376186593079963057019124090170748224706460985120000,5
fusion,2009,12,32546,21391,361,3.,87241,11155,1.146610414541933495916870796040763047967890109085225559673607819899054588946691185981898616374744116496019987047660281926936000000,3
libcurl,2006,12,15867,6600,671,3.,59438,9267,1.184715661065286923111737189300026866513537949250337477392449359086109125951920358690622130312367257584826417179636437005433753445191586633600,6
pentaho-reporting,2011,12,5657520,3959629,882,5,3528674,1697891,1.92741247866828106631028028333195478979039058004137760221901884333655364403236581467182126207123434806080000,9
commons-digester,2011,12,82996,70822,1696,1.,52454,12174,1.30223435951721966003469342240184777291880740051094778762844318188648221559091975947324767465600000,10
classpath,2011,12,543,273,32,1.,786128,263,1.000334663078274525135137918943158825219667591192213635876619986074886664412661013625580430577553372498876678458719641152624000000,13
habari,2012,12,37773,26954,1335,5.5,48709,6049,1.1417955930516629451646083065585798586345771145648653930590513591577606485349029255501049758486648920762080754543716161673642313854633324000,6
mylyn-mantis,2010,12,5119,4223,215,1.,93830,1012,1.010922592065114375627016781553924146492735779119904298543270408902544370241037906306122114929809670152666419035611664000,3
xchat-gnome,2004,12,24997,14677,579,2,15655,10320,2.934395501509621001446204958920350217411311121464195957264337914821247401205110199631675620828128428962384781271301120,0
hibernate-validator,2008,12,261441,257096,93,1.,127959,4345,1.80777096141520797952611909572592596399697212144855825844110324613026037610531852514291700918961492992000000,1
grub,2005,12,26044,10369,244,3.,48522,15675,1.477212530866768117461241474901752455383259959306258284370327133622275656191908741027473267024516668789785507015551835106561444263033000,2
xerces2-j,2010,12,2131,1709,106,1.5,178733,422,1.0023666913429404634238885841606099009822913520982030443951928844374866787194464637397749359368421825471048595138959595445593063616020724424003042157472600000,11
pdftex,2008,12,59700,27637,86,1.,227923,32063,1.1637036658949665221959667564133414210251313262621656342314931472884830976536289544640000000,5
phplist,2008,12,4912,2961,228,2.,65278,1951,1.0308083439892838887092500619315622053319506314193670507606294739793915219570129452770398981938471354155324188665324747264864256000,5
django-registration,2010,12,0,0,0,0.,261,0,1.000000000000,3
qpsmtpd,2004,12,2219,609,108,2.,2687,1610,2.4948932218620977267513309174610032716934856055090291450673600872507488611973497294170551988066312500000000,3
openbabel,2013,12,97,10,4,1,418530,87,1.0002079136226678981710177150,12
imager-perl,2005,12,7784,2587,188,1.,41289,5197,1.1439931286735466982414670569815863927569700611092377734353779553914147016652983129208313074383283350860325440352000000,4
cyrus-imap,2001,12,101105,48560,2810,3.,670100,52545,1.0852622611719318082175084672433988705307853855216490636068081985567475961012078243633337648516844407423341459427165284932983259878266765312000,8
xchataqua,2003,12,140596,52505,694,3.,244458,88091,1.563360555548063289013285967603487953923627368529173110920211919394276425456747051516129502125720709674796697681624206946646256056368332800,1
trac,2011,12,8930,4533,374,3.,65722,4397,1.07169995923138229695756574387375165849475126494918481201219184011582426621582095758216528210300398027831066527365674893140569539549739891969500160,8
cobbler,2010,12,19018,7205,286,5.,31992,5263,1.1969022409755551944329143469715543160101871953141019313415701792257860721217291476030874127412321292387423957403443114477197721600,4
catalyst,2009,12,102606,44752,1788,19.,434102,52561,1.13867130303394777472849292619117086315313530821824733077039781027862167217032210360349439433127477740659780382278662325324323128659914056847360,4
fetchmail,2008,12,539,140,39,1.,47031,399,1.00855635614985102788010260554718300980145430724854813515994664382314525482459945055840258483200000,12
eclemma,2011,12,5385,6152,96,0.5,11492,-767,0.932931094812837250983825843215207606982396445448944765375954528284800000000,5
mysql-python,2005,12,457,3800,54,0.,13976,-3343,0.760048808481693336138286930032231787176431774740138935748200000000,6
shoppingCart,2011,12,0,0,0,0.,896,0,1.000000000000,1
proj4,2008,12,294,386,31,1,63734,-92,0.9985551856271833601573196332898750506917120995764783937670662737468949307025993094359709459456000,9
sqlite,2000,12,13668,5561,167,1,21053,8107,1.6262165920135053518622431491709687562304467865155603933695640000000,0
startrekguide,2007,12,67152,24810,383,1.5,61998,42342,3.15415140419630530481253506619628013760988224285025904727034166414456122841780714387714861609434276231313461851456000000,1
xcb,2001,12,2133,944,30,2,2710,1189,1.781722551051949740812790538800,0
seahorse,2003,12,23781,21581,173,1,13850,2200,1.201871903174104981620490898040845168860079500000000,0
krdc,2011,12,701,675,22,1.,8302,26,1.0031416143067785957470209544903643141252064485218229940943564250000000,6
fuse,2001,12,6095,3733,66,1.,4561,2362,2.07412460198507535106,0
gconf,2013,12,321,317,3,0,44879,4,1.0000891364902500,14
dokuwiki,2008,12,16597,8687,1073,10.,57665,7910,1.158978997070515201421323979278316502744931327250474151170403854441316034601723317391045133258730951647513601279315223529001638367395840000,3
bricolage,2012,12,14,6,8,0.,138005,4,1.0000289852972100000000000,11
grml,2010,12,13178,21383,806,7.,79068,6444,1.0887309980214113593299140976839238114308303652013637672103914072366381994429513364667953170103772155565658820021210331047123133119682294084640000,5
mailman,2004,12,52486,22110,147,2.,157726,30376,1.2394224099666626691557408173021545280627229601749806819092844114462526785926695680000000,7
digikam,2013,12,25368,111487,327,9,478023,-50329,0.8978640934335273888008545493750883,9
horde,1998,12,12213,7287,712,4.5,7717,4926,2.764958796108586220117744526820578311232800,0
foresight-linux,2013,12,299,20,20,3,60357,279,1.0046439628482548617216458300586726380,8
storm,2006,12,7175,2883,67,1,8339,2419,1.408614864872322298414415594076667920437886287897667413333966067200,0
wireshark,2013,12,166278,74717,1217,17,2607757,91561,1.03638865970960713340706805720013896,15
anaconda,2007,12,15475,20125,1144,6.5,65095,-4542,0.928995747869336067559205817297081578505059496811169186393151017977260693996267368338839946444917741965727952022480040969307866424023697920000,8
moodle,2006,12,382881,764908,12825,24.,770542,-386721,0.480864722004095164665852361183792655596793173885579802319976489804906436491111119407728155967474360591495543164249946898319184413327360,5
b2evolution,2010,12,28043,13703,1057,3.,183689,14340,1.084677205070253393363939241285363842317986000328789878868063310577273551027901887651276305632828394479558122005506475769148792096549535539200,7
zabbix,2004,12,21584,14462,515,1.,34240,7122,1.26262998744324219777348581270107403250117514408319909749711198460004998938925595179423142748600665341179006266356565257079750000,3
xoops,2009,12,9008569,2837076,3112,10.,10713508,6171493,2.358756631212098703381983415578933588634826942700285891037959421996628984734107935289903680385060339557606480977650435858985943200000,4
pear,2013,12,10404,6770,249,10,10442872,3836,1.000367466881049683898890315018225836596888,14
claroline,2007,12,90092,35236,2048,4.5,268789,54856,1.25641672859025481479488997833468383718262471757321007128073665641556257984155633996284310423816436121681688426854218214421240123786462400,3
scriptaculous,2006,12,4175,1285,248,1.,11116,2890,1.3513250668199363564873520409122450843604279040839734669107298426716918163404732578163479351928772369138517070704553701681152000,1
capistrano,2008,12,2812,1445,170,4.,9108,1133,1.142068965502927649281554018098691652307977988006076236144127528979855117963033045984163107163137789155759638152230039288889344000,3
gtk,2005,12,52934,25096,1280,9.5,422453,27838,1.07054470812900595736726631290786384253954170077646780358375578546071020973476784733885807019472615889071165969126685390413655144418306960000000,8
zynaddsubfx,2009,12,57766,47679,262,2.,36411,6586,1.22082145851319744009230205298999027425387815014121599813552134498513374359674791346141918299021822362904000,6
arquillian,2004,12,0,0,0,0.,2,0,1.000000000000,3
bugzilla,2001,12,109828,53910,462,5.,75451,55918,3.87525709632817071634840824229304097204639774442804658048196167079318393062068403982419540202450866136207827860488622622005377885600000,3
tvbrowser,2011,12,55377,43211,391,3.,293882,12166,1.043185335584609669566051891274745379133712761586239255580077513250777358671590658956743959923939895748550645429937688138065226875360124445821232488166400,8
piwi,2013,12,13,6,8,1,40269,7,1.0001738612090664507646334790,8
estudy,2008,12,270511,24756,1426,5,565684,245755,1.76815480935094957015438072999006037706446740756246051283917762762638976540561071463217879541485719568824320,0
zookeeper,2007,12,891,141,25,3,17407,750,1.04502611515,0
scipy,2001,12,239897,6819,321,2.5,233989,233078,256.8485180549432288917758412007833346159264078999342332962046370606864234918026576834462703610669523491737702400,0
jbossaop,2004,12,222816,42148,477,3.,193348,180668,15.24826498500933435138447766209454792325614915143858039769239325620087114505284558489571987239821588253719030010593845339525140480,2
chdk,2009,12,104923,16965,305,2.,303152,87958,1.4087381618149032324254781780807039438459035800841992791737547281357140343586602335564956552433503406585785840570733712994665837875200,2
icinga,2001,12,6533,20,9,0.,6566,6513,123.886792500000000000,1
virtualdubmod,2002,12,26539,6791,132,3.5,136891,19748,1.168580282227864206086,0
velocity,2005,12,38066,72707,361,1.,80880,-34641,0.56024830528056537696705502615935011352481034571767719066378755726055448853508663114732361803337083438244087050517870139070316544000,5
greasemonkey,2010,12,15134,11254,695,3.,4042,688,1.205128205078109458074170502916259979397317584885768393887012652657236331155002856203322079126585020480026160937740145393221079360,6
ROSorg,2010,12,448309,474318,6544,22.,343657,-21948,0.918973696337535225313154524394447832205868156952210472183440736264181762736883346316644242702789880621954334374427089090025480000000,3
compiere,2001,12,17103,10063,246,2.,114717,7040,1.0653807219739958008548,0
dwm,2009,12,1579,1278,139,1.,1921,301,1.1858024691533685567373164384579589808445628790748838952497983507332521983203970323839318479360000,3
lutece,2010,12,509032,449091,4103,14.,1686320,59941,1.0402137182160900638717889744650125626672708005315085544250636564126540284234143442241076574435372873667665253052211994377277047166101094400,4
FirePHP,2011,12,1188,1109,84,1.,20504,68,1.0033312105031589762967583928959207531199482485647308510350483527243058081457283416064000000,4
supertux,2007,12,239530,228503,498,3.,102952,11027,1.1199564862597184846917129838174135939152731340369146640086554445927278762402173079597966431616364831852225142616440121108118451064804505600000,4
fuse,2012,12,981,1687,47,1.,29202,-742,0.974431426601041103687722574595508059564030738844831398444833827396643402250000000,11
bricolage,2010,12,1817,1120,177,2.,135731,697,1.0051616629885332673827358876149860990558921957345675244247114304956454823772777483100865005276358911942895413718417408000,9
openapc,2011,12,29374,14328,280,1.,34266,18146,2.125682382116166035132939075265929910407589025949201951540010649832639179300861608271541485853252736342548777532889521519945000000,1
cia,2008,12,899,414,28,0.,61345,485,1.007969109430955392939950643308993183514366963744867800000000,1
akeeba,2013,12,51405,31342,235,1,280688,20063,1.07702762367382600693548196306698374400,5
bcfg2,2013,12,9865,4187,174,3,70568,3304,1.0491198858289476479404702689756672,10
subversive,2012,12,3073,884,124,1.,131319,2189,1.0169519089281802929941339952797055541768913540651203272557261473226596178659813390116941576403501195500372918763632653123093344050260318025243136000000,5
akelos,2011,12,296,208,87,0.,175935,88,1.00050043503725830717778210289184802611134667842929760000000000,5
blender,2007,12,970811,918759,2326,19.5,619271,52052,1.091767024730203596500977223312988236151547403640210401996521165776583220228970718292155466589445754645157631104495222654882443571323810611200000,5
madwifi,2011,12,134,149,20,1.,114394,-15,0.999868874241668271733585927728137183144269869902678438400000000,8
sunflower,2011,12,18676,9655,819,2.,12295,8524,3.26040837999075483308405106205009701447990073334816776336026087985552030444462322648531320490429621401724628593982738335493273600,1
swiftmailer,2009,12,16647,273290,466,1.,290824,-128836,0.55074030417703839263020577938096222017388363127068341104736342871645287250344799690907321254379520000000,2
lithium,2011,12,170338,153289,5297,10.,132944,13661,1.114525959266943418876990163425494338329377803570297548622664690571878965137637279282006427293043589621676011480926281473190954183913750000,2
eventlet,2010,12,24645,12331,621,2.5,16370,6630,1.6806981519797031289461309747481743296888640164895236759339042839501291214703664865926280607080668909221587574443999211264000,2
mono,2010,12,959821,693766,8529,32.,5714841,188921,1.034188153278668617254456758157074033394781295922354380624868224846792777607374118377174402622803043779822447571376930512230529621012434488320,9
fail2ban,2011,12,286,101,45,1.,4657,85,1.01859142606753932251029150783423096000000000,7
icu4c,2001,12,183781,135781,3332,8.,224191,48000,1.272431622496096681089293184054522642293527764796132249407348405624466809816042771904433091823607364654252669261025320240140815826184000,2
numpy,2006,12,392824,556238,1959,7.,137765,-56013,0.710942418677519033798486959125845316849536988982285969775504137883313418455848545796139976557310935251384170704885798522497736000000,4
seamonkey,2002,12,0,0,0,0.,5422,0,1.000000000000,3
pywebkitgtk,2007,12,517,229,26,1,699,288,1.7007299270599999053339893759058,0
freemind,2011,12,42092,16026,313,1.,118080,15988,1.1566038475147388801752569088194608674156982201026276866039010986797710884308810940500778316770783267968338790392473600,0
php-gtk,2011,12,38,39,7,0.,404866,-1,0.99999753005307900000000000,10
concordion,2013,12,14687,1469,53,2,43898,13218,1.43093274216356729092743879247791893,5
busybox,2012,12,4196,3434,271,7.,199429,770,1.0038759885030833625446180422298148584624066274629256334563957170208323844019217106313359284483859780106707953913963041923151889439803137117809766580689320500000,13
gsl,2009,12,65783,56732,196,1.,736246,8225,1.011313975545354867684102576704705475049096092904749765485213187104724137679420262654464758584448657284223459328000000,13
acegisecurity,2011,12,18429,10482,317,2.,84654,7947,1.1036020180748514175968498551805795959676775748382219370641830560207446269605644797492059583008813349068143924596952622357093605183351210240000000,7
exult,2003,12,20613,16485,292,4.5,158687,4128,1.02670824733602708976204258798864423625962483051766173529531224847348721850626646678084305889512983227836907621928525562664386015931292808526744780800,3
testng-eclipse,2006,12,15502,2488,100,1.,21778,13014,2.4886753603890269860611676681263159954119296839245572404057768851846077203171817283836544442251304234848163690259732955296063247202472473600,2
commons-validator,2008,12,315,260,15,0.,17369,55,1.00317662007651328335578515680829899784000000000,1
kerberos,2002,12,24644,25036,673,4.5,249894,-392,0.99842656851464125524006788009744582183321954798704343270494279022315636620408276253023125150968916008328408527589380942018859080435097699294949060800,15
sunpinyin,2010,12,33776,16031,476,4.,42252,15740,1.593693421823656944675042359908800211715222747903689863157276294015777487877861036962058108918355261745889912778561372778035200,1
glibc,2010,12,45853,16431,770,12.,1143136,29235,1.02624559992405863863253582247604578874312374779899312929829758266926005661777674245631517967351323005742984834894779523244281011606760671697881600000,21
i3_wm,2011,12,132140,72432,2844,4.,44779,20412,1.8376903187869635939814146818498048992928838102498306757468949509074096272638048446338257502035337228575771226210304000,2
nant,2009,12,1488,383,56,0.,80146,1105,1.01398008628418792707188845603427759588410770588167490834908360000000,8
bochs,2005,12,29463,30789,639,2.5,271684,-1326,0.995108888103015190781597296598122255057945642259277862705895736535423100268407362921506647826065229939719169684897931744418034354975811113517056000000,4
sesame,2013,12,102642,28961,525,5,486427,27146,1.0591054278294796886131292377148856,5
bitlbee,2008,12,27781,24767,470,3.5,39206,1741,1.046470038700840618175334248199049358240511897664281264888016977846807348815703343363937411921098254949318146819793410048000,3
passenger,2011,12,90667,51585,429,2.,173461,3710,1.0218555413512962655588907225944278466800494586281953489693448450589033010425080898187902744071629009481160082844297716182874793520620711254359441408000,3
friendica,2012,12,2889535,1225919,9748,15.,567664,421120,3.8736761659178048770151881656116611717774073587509485036254537382760104035115725312794072841477129622684490888099174858462501519360,2
icewm,2010,12,0,0,0,0.,125390,0,1.000000000000,10
nagiosql,2009,12,4889,4639,217,1.,31129,250,1.00809847748626362565224342977848797508505376152345249396069478274377340576032618404463440099922424320000000,1
lvm,2001,12,29244,15983,467,4.5,18421,13261,3.7035677873420206295320072992738710297232,0
diffutils,2004,12,927,830,35,1.,11928,97,1.0081987997641189743002166316160183194318319891989519253626123259153794649923600863010228800000,12
umbrello,2007,12,26719,15070,475,7.5,91783,11649,1.1453690069218548704232500124390193342921398872141330664480827448497281601469032030855536914730631248192304433247481745482676695571233740800000,4
djbdns,2006,12,379,158,32,1.,3535,221,1.06670691216345208803822577174592263550360628394742309065462429207176918584881518725544000000,3
nasm,2010,12,6448,4485,271,2.,55658,1805,1.033517167100988280934221303253524439761727756688189646063100147181908693425809698116794844586526105557613731282529401666054742835200000,8
couchdb,2009,12,47179,26767,1126,6.,43647,20412,1.8785022595173488724572213323384259832204160155238499973614314055488173917440140792313575172484305827681065665307963219520559776000,1
evemon,2012,12,189810,117781,764,1.,173028,40036,1.301040664085860506369882659763519392485040826284277363907704364965322639213616567540360041646065508305299656946829905424104960000,6
geotools,2013,12,39445,34319,140,9,3207158,3365,1.001050317545521114998301763452007366652,11
system_data_sqlite,2006,12,56935,28574,290,1.,77022,28361,1.5828281375769160266696186879445958676870605530914883458283374142843410173928341203242581086829949700618795995517811050800000,1
flask,2012,12,2397,619,177,4.,7584,1431,1.23256947828934221900293966320872227056348941686248132369245016413015830416803849573792960000000,2
aws,2007,12,9134,6573,269,3.,91807,2561,1.02879016120658093776948248647152895025873999029372566545044404835629067685776790117745687288991292901385410378270743030345852529699671489183744000,8
gthumb,2013,12,567,114,18,1,162076,453,1.00280281890600,11
xmlunit,2013,12,648,62,10,0,26543,586,1.0225757984400,12
ode,2012,12,10623,4899,99,1.,137354,5724,1.04348552762102387836186666248185398049893962435339646341080025525124261076010284451596668209016318906882090598400000,6
OpenFlashChart,2007,12,8989,1285,128,2,11609,7704,2.97285531384124137378272066053836661688400,0
ossim,2008,12,472912,503797,1538,3.,617502,-30885,0.94892550916918263281336605012799682722124068132176276677633328660709327131923165374968194265487662971801428069138392947201590719437227520000,7
windirstat,2011,12,0,0,0,0.,81074,0,1.00000000,8
etherboot,2002,12,85134,56555,330,2.,147055,28579,1.241221850830812816668359698733095434804277798960083460204435554069831295711552282986403166537544604295176687723685447437540000000,4
opensub,2010,12,4862,3897,17,0.,11543,965,1.091227075063976188876112449685391000000000,3
bos,2006,12,27026,10270,255,4.,87131,16756,1.23938852776862584846869648120718008157001922861243051901200454420797000659738388796985130575973901065929084571220177123566637137065116809792,2
jasig_uportal,2001,12,102626,58370,1804,8.5,53103,44256,6.00237368638454695115265467748393052066758012242943150537023285338171491773099985275495032030311329346684311968121757476699520,1
gallery,2002,12,33081,10911,403,1,30736,22170,3.5881391551604420157553377181685287367486205061753658619284906880,0
phplist,2004,12,7371,6140,454,1.,23150,1231,1.056161321243640279230879822224802019069658102109923603458846222670652235714076197779239683094417507175771483239037325343372065515405721600,1
inferno-os,2009,12,90295,4539,136,1.,1179899,20225,1.01744024613363501875202721603641194133032224444451506274017684678507454227007537935734045529394724602392247892583038864701459708602005810315264000,2
jenkins,2011,12,619049,1863739,10041,55.,2083555,-1297522,0.3918340754384525349583599609956730182733010548256724960023915672743509864239997487545715236724740321865712363573235429956277040583449600,7
commons-beanutils,2009,12,937,215,53,1.,35587,722,1.02070844686681349596088292833405373632884516214137419185513045609886360000000000,2
flyspray,2009,12,4993,270,84,0.,167384,4723,1.029035847555429359835268409081882187255091355037639520006464245760000000,6
google-collections,2007,12,51764,63801,21,0,67029,-12037,0.82042101176002115295400000,0
proj4,2004,12,25527,7284,98,1.,58355,18243,1.45480155559399089717948236099998275130661481396560146902346830214155915918504246279537103708126771200000,5
cmsmadesimple,2012,12,81150,77970,1243,5.5,557915,3180,1.00604161877190128410878248376888808221400314542868125722787329378158273247104616225541330137689182847073713088410351074597101084964554016510342400,8
python,2007,12,336083,534486,4189,20.5,837899,-126362,0.8482464430744079143608841752198653114290987749058252398678601175536884708203671182924891607830432192131007927091200369665393173888833304800000,17
linuxmint,2009,12,182134,67105,647,3.,147910,115072,39.331778812457341263069267676764222560519440890187079839829265434055117068566978307679955200,0
tracks,2005,12,13375,6222,236,1,9481,7153,4.07259450195710290333474896873822745006226150940387898319549186090900518235518525695945969415627042925639053715253286272000,0
Skim,2008,12,224530,150738,3766,2.,162138,73792,1.8353180891730971518791698880179458793675670888403120116691634929428570723663530091107203924202152332986281727857915456462696930560000,1
mondrian,2013,12,17239,9030,276,7,1081040,7639,1.0071166320883626575664444804843081264,11
lastfm-sharp,2009,12,20065,19149,17,0.,6872,916,1.25687044295240810001912447085915443594525600000000,1
openmpi,2009,12,108912,83864,1751,13.,522699,25048,1.050344804016074069274474043637951148849898917677920436705637368223845142124535872540774699257217627453175784502493530426895331939310327929600000,6
anope,2012,12,39172,30939,476,3.,152405,7826,1.054405027571671795279270501693378237773750819371297003669420266754939511742833598148384603972348799534439884417824194656807253573484504158589184000,8
u-boot,2013,12,92533,50513,572,46,1175257,14508,1.012498826189307232155803147084485872,13
chiliproject,2011,12,149960,132307,1651,7.5,88294,9321,1.1190619132257139593356619765670316376168401237569931086861533866527778993445923393128919285591500719083697403446846298450247592264000,5
lame,2004,12,5883,4265,207,2.5,104850,1618,1.0156900012551812659214607259248253666888335488313373217056751079120684300170118483751952915278730946602576411511977190340836239473623813120000,5
numpy,2005,12,459733,365480,996,2.,193778,93725,1.93675352060616668837358186013917549848213051017446531384217229200810390691422123835951182931242580930423223672260897787146082875824742400,3
simple-build-tool,2010,12,0,0,0,0.,15048,0,1.000000000000,2
gajim,2013,12,6845,5503,323,3,100777,1107,1.01110665195115306201821111594882906825,10
YaST,2009,12,38744,50659,1129,13.,487364,-12760,0.973655196897981767306619495275121280993208998303003358326002099329242338303969335661502502328076761711198216276260873206558229065968031781998565760,9
lithium,2009,12,247641,122751,4125,9.,78432,23205,1.42017491449635028332,0
winscp,2011,12,2651,709,23,0.,386619,1942,1.0050483912471567669142517825795011741700589491470210746896233920000000,8
go,2004,12,0,0,0,0.,7,0,1.000000000000,32
jifty,2007,12,70093,31281,1230,11.5,80842,38812,1.923435641110206642779830018145158107194102072011210897993306683152871601976656144885364377319635847785233522380903176409090457600000,1
ubercart,2011,12,40155,28337,3303,4.5,116403,11514,1.1097731888097553431130256717838664275430731950557667552573159334670385571986684348951253842736225668183710277514149258284350865850590180147200000,4
inspircd,2006,12,59631,46353,3180,4.,42297,13278,1.457562286831270703209734838087891032640670010756185684457192350464487348073742163765610483925131644202134901819606453797360492175360,3
facter,2007,12,919,148,32,1.,2264,677,1.4265910522701645620968296790757804424700245947501678701095821561299934890890670291281600000000,2
swfdec,2004,12,22739,16461,91,1.,21271,6278,1.4187287400982344988859888755540796282475951132500596328362479442137168907375691104088897503620153270992841008640000,2
pygments,2013,12,8180,1907,97,2,72173,1962,1.0279443392029889721689760,7
wsdl4j,2004,12,478,139,10,0.,10358,339,1.03383571214862140437290000000000,3
firestarter,2002,12,30743,23468,159,1.,39090,7275,1.2286657236487222857718846478183057728108671509710986626318130460348261483221217188428989337341051392000000,2
nlog,2010,12,272860,172181,389,1.,154734,97093,2.684443365245404815600736190990140006151853067842753136224291121230000000,6
asciidoc,2007,12,64,50,14,1.,7407,14,1.0018936832140,0
syslinux,2006,12,12632,4601,189,2.,68394,7059,1.115089263877403107384168879050832324365245250580348654211918827775125200000000,8
lwjgl,2007,12,13393,34713,225,2.,69654,-21320,0.693171188034009251795136265398729282750364004079015840005736594698759827820319233437312398532770355744045709459946664706730185427200,5
ndiswrapper,2009,12,166,129,18,1.,23493,37,1.0015780943440279498878823311700126525806414095175863788323219544000000000,6
gst,2009,12,42388,50242,470,3.,382496,-7856,0.979366876163967190987390680339902712034293803889866092484260134250419341917814409483087895580778352764114052415495421576348124510931700466505107284000,5
sparse,2006,12,2020,930,93,3.,22186,913,1.04291825318322260722737979762499152262240760592035405055808937161640277958455034490303220694436797250082342354976448000000,3
ldc,2011,12,67019,166858,687,2.,429686,-38516,0.9101514660277657648692728468780183044343344859180113488884910036469427822635745492913150814757793333400270644750259200000,4
gforge,2003,12,62483,29483,1628,4.5,99691,33000,1.4948193909022962202855805676675920445107392808653201281508705391284402227448162985434272503999111416516422696632470088287465786584907776000,2
knowledgetree,2003,12,251028,127468,19824,2.5,178960,123560,3.23532817143586685343910590710662088047196964591468199883128926052174699585845940268714477302178060810060022985323376320000,0
citadel,2012,12,53307,38954,847,2.,207825,9387,1.0473044477335426293620476731025488021494845042126204158330172614983960679800913017843075868435689266418046041918628643664475614001834421873610400,14
eclipse,2011,12,393707,196831,3453,29.5,2397962,169823,1.076217417316962520261373325364484422766260556452387944967491056533715689050927773422849448571447769194202166052868211082490395775035560211516211200,10
glibc,2009,12,46411,19358,1104,9.,1113901,24298,1.0222998651813075169674698219145990934792276476048164385286819198770850979603939020940416161399262746957713382979705101630001697438397115035326660352000,20
gobolinux,2007,12,18776,9590,1714,4.,93264,9186,1.1092556911412429535863120116020038345129467162492564146888884454691707814350053475173820168417670567175556667778045055475077559920232920576000,2
bitcoin,2010,12,168832,160080,722,2.,61306,4170,1.07298375803961008352191040104022913346270735913042949544361368300177445693293451551409792283951580296671080012603001711360000,1
theoutcast,2013,12,0,0,0,0,86741,0,1.000,6
epydoc,2010,12,0,0,0,0.,19417,0,1.000000000000,8
john-the-ripper,2002,12,20,20,9,1.,16480,0,0.99999999999998184235823622000000,0
freebsd,2001,12,574702,531193,10270,81.,2455671,43509,1.018254646210057769722774466272949953232390365970174544101399494180609377218103716800453236505378162161612032597248448366974117368408288000000,8
sword,1999,12,3270,979,51,1,20224,2291,1.1277533039747614542623030753153488291430223113748447894409534980424837571441785860,0
seahorse,2010,12,978,3984,96,2.5,55221,-2329,0.95911093945146120767409164441745284308314359108805024313679892415004064718393918044148057831806310398099273769688898046726024307487925709938615610950344000,7
webdriver,2010,12,612783,377193,2378,13.,537613,235590,1.780039930693316575580459346546418600559744774354748228071738078859458737477077142776038186525780611347858259870995478633796343209533440,0
openbox,2010,12,8812,5612,299,2.,43942,2950,1.0719652615079239101894391417133648519997737428363132462457418087037903596507878454663541631035901435710292107466227969692393563443200,8
weberp,2009,12,336402,257023,3545,3.,318761,79379,1.331599702545101377362284041630058900329449172188890603747726260052494122819491708165929870509508471587092461526748715529206682924728320,5
pdftex,2003,12,212395,212412,23,0.,212384,-17,0.99991995630556000,0
itext,2011,12,173331,172950,339,3.5,158289,381,1.00242485186899789195321149472656588931020342704027644931173937963845094494479359090958122274010940658648693344927824321465362425172830566799712000,10
pyjamas,2008,12,6989,10764,121,2,26752,-3775,0.876338978636251321870362242717568,0
erp5,2010,12,4083919,2830472,8176,29.,8395815,756411,1.1062459161186091880473937854517239397206768197476482200416118728993640065219032894122737935226074063615208459004771752526353234865380928000,7
jmeter,2007,12,28722,30630,1333,1.,135764,-1908,0.98591632464228854938512774301069697044390132599353189543142191230176999321153784683486326441196891870793822230096674269071106622865408000000,9
luntbuild,2006,12,42481,12758,104,1,127247,29723,1.3047762602496354360254460359227470458793022998979354987478610152497667040,0
jmol,2009,12,108497,87246,980,3.,351577,21251,1.0643334160783019834082163731975678175901525549116939964184428027740900943328105245312716636286570026536770530506199126946126662444975195791360,10
ettercap,2011,12,85423,43626,178,0.,132279,39549,1.42649627949280654958343806772855075000000000,10
koji,2011,12,1978,1057,106,2.,27568,921,1.03456299020364637119318577785883773307712531583638764287995101031792208672959573533455997345585477667925653841115638695327060944827187200,4
nfs,2001,12,3462,663,62,2.,4876265,2799,1.000574334570102149043629956568161280386094795268948899504909241192276511256041970120289131127388546274347716704081261994290860761155720275182806783571877029427200,3
xchat-gnome,2007,12,58130,56781,91,1.5,54352,1349,1.025452830191688289873534013340196929451959923707574078714504110185808893415565668463030710883978187520000,3
pgadmin,2008,12,84628,34113,342,2.,148645,50515,1.514776317129874283570741929263555501351558128020851198191849492205028471474160253688555932298958058643438368233721804487921493245859149685760000,6
dbmail,2013,12,0,0,0,0,73425,0,1.000,12
cinelerra,2011,12,1463,769,23,1.,723912,694,1.000959600009968231945366276931735571312714657989126206031146212838319362728978492706992158670080000000,8
imagemagick,2010,12,182436,155311,3108,3.,739068,27125,1.03809996024970064599509398274563791322133148300606147109525748714680211173959895835644803440553857526631157894279358251854271383939953949205504000,1
cdrdao,2005,12,42103,2409,79,0.5,89831,39694,1.791710712653519768928357242116311349496706484783369069862532523263160320000000,5
levent,2012,12,24058,15136,982,4.,102868,5676,1.058399868297830776604934268811951945570025886427876708240744134370320897270904843693907195355911373884495464260162602651659960974960740578834325600,10
swt,2001,12,124322,73653,723,7,163488,50669,1.449117613134555511349999961803730783025326448681552024143579596618717402480640,0
tikiwiki,2010,12,407410,353931,7232,17.5,898609,53479,1.0632790221677595434767331948915275805400617792083879772574717635021788040205328831784818178376479801228042643029195226440588474754006240000,8
postfixadmin,2008,12,65160,3177,379,2.,145843,61983,1.73912473170507531218642445256819743587127750903286358136506707244096967796663775132586981195422893695444170441825481029655138875495167277883801600,1
portableapps,2012,12,399,260,30,0.5,30971,82,1.00265466670929771164798095122482965481595794029616353901829669300000000,5
pil,2010,12,1071,405,53,1.,37322,89,1.00239035264410395374105265577105353180000000000,1
neooffice,2008,12,96213,57025,1134,2.,239491,39188,1.200267786889404612135507421871738664170068942322539727846080613075603270381522996605666626894756773427309835634441351020256300787648000,5
YoctoProject,2005,12,15966,9534,84,2.5,48464,6432,1.153026265705895282112637135809077251988458458,0
npgsql,2007,12,21771,5472,83,1.,48995,16299,1.49850134566497613622164063536484024592908593211135863130103362001207380147014329840738837760000,5
anaconda,2008,12,40013,42604,1576,9.,60699,-3646,0.9386463837400956840411779714518187431874520890890835410182669344005823072300150734402617905484486011879126649081623078198087964006128025600,9
vtk,2011,12,3096076,760751,5554,24.5,3477926,656608,1.232730943523170055266925494073347441445871920327841985663084204313742414191626419234677984724762589681293473820437646200549930559471626158080,17
reactos,1998,12,55475,15933,145,0.,69805,39542,2.30661203433091812892422711144512080113732062858096640000000,2
pdftex,2004,12,68418,79346,54,0.,212367,-10928,0.948541910883870032059626078965786208441281147089387520000000,1
sesame,2010,12,7314,5517,148,2.,352627,1419,1.0040403407662589644837907900152368889904926259952607438674343452866392763310140248344126186684181747200000000,2
muse,2008,12,2134,960,144,1.,26680,1174,1.046028385479024261337018147938567740307204889902592133037717152283054118103572864627518309195464702421139200000,3
mapnik,2013,12,37220,19784,536,4,255067,8647,1.0350904958987931432099189752048305,8
diffutils,1995,12,1,0,1,0.,6927,1,1.000144383482500000000000,3
nifty-gui,2008,12,93612,22169,739,1.,93718,70121,3.97160656006574128447283565995917299066931250078025834173501318460472634059093980354772992,0
mythtv,2006,12,375535,192466,3456,13.5,810773,183069,1.29164861144511307115431319734391143550278250588176916278271077204770553066190028976880786850088645626232441976242682857191650067456000,4
iterm,2003,12,24815,12199,792,2.,19674,12616,2.78747520525029464237887244410743922455500511823969084502433255181096865530391939737358969270134570171802799818364391344503803604800,1
rails,2011,12,209888,161948,5420,71.,150284,2373,1.01628677909186848957956357871206498830798129269200071105466411634730156194067117317015613378765442094721778880303292639726592000,7
icewm,2011,12,0,0,0,0.,125390,0,1.000000000000,11
dolibarr,2012,12,382915,293497,8367,8.,562051,29569,1.0555305155792262820873133064466641865241210993516002466624482486726475952372792050021098643545184744437444035009597997096637712186696691875840,10
usbloader-gui,2013,12,265,56,7,1,66834,209,1.0031369606001469267320940,4
wine,2008,12,364938,137949,11422,60.5,1749157,226989,1.1491221731031753032656849144167239325871498518394204903652630765110791586198477875212155748314690691320961470204720977684773385999482880,15
gdal,2012,12,82388,20779,1390,7.5,890794,61609,1.07430066872578682259330201604275589725541405140190987104708719028107042450536524672120554742314942894373224577052595682515256821275123014835200,5
xerces-c,2000,12,83591,26524,944,5.,112590,57067,2.02780829586664196588523582735860879700478905464743407042782020226369157064035298188564728228518738947349919843039025783407389200000,1
uzbl,2013,12,72,48,18,1.5,20347,12,1.000591278639460173571680,3
cppunit,2004,12,20027,5259,232,1.5,58986,14768,1.33398163647900786345444224163010430989726211734807278245201140396243543074789307867788469079806410240000000,4
maven2,2003,12,2,2,4,0.5,46,0,1.00,0
Bombus,2008,12,2592,1488,121,1.,19137,1104,1.06122109466316506266922908805321559261454001642264754293810451559875486238874315339842882063012262086874538356976096000000,3
cabal,2006,12,67501,65558,201,4.,87847,1943,1.082173820870418612019185307207001910417564016771853801280162839480910121708473899146977950796774713335049620758182700058274141609263044648960000,2
ownCloud,2010,12,55205,29597,542,3,56072,27017,1.930017211672508741330974094875785765397189768226770990401169358425737427837221422034722188800,0
apache-continuum,2009,12,401727,357545,1110,5.,844746,44182,1.059420588105620353276090035238580865879473469428265737844221854347066844105101447322923095374089772148586993741782584423824831124506336000000,4
textpattern,2006,12,35072,19795,1955,3.5,49442,15277,1.447153519695441130693841934485557250311064607691921741126634101326070540214606012646274768426773940246628500209402017625740500959129600,2
swi-prolog,2001,12,80288,35745,1411,1.,558582,44543,1.086652958243964746684256726243105632841626286142850441145606158372005115318262218052048134916518543558222291388745107769295247360000,9
pf,2007,12,3598,3404,194,8.,53060,194,1.0036758436473791754024251135741057499368774578303016984972798049162732377491038364333744482717522374699143593300367221051261812656522238853120000000,12
mapnik,2006,12,106398,25449,285,2.,92915,80949,7.76491726574001485200762240471673438235141986147490159086720478951721076300627361186673195127698460242127058151191122879426606727731662166400,1
structuremap,2012,12,61592,158259,61,1.,265107,-98382,0.62758777330226128105191439360510577753156481276481748242949520000000,6
sirios,2005,12,28491,9405,509,2.,30507,19086,2.7006148086865245653128157103822527888409311016964660651577278986461768857750789868179942719043514852397668849587272559082724542054400,1
pyopengl,2007,12,6695,25154,67,0.5,336402,-18459,0.945137283113118469049767103459012123037727031928300710906893501462522694400000000,8
freeimage,2012,12,44203,4518,104,1.,407806,39685,1.10780422741604833771277916825299265130915287392511634362109693325284279795443039327163679679963462751716658290422118894816000000,8
aspell,2001,12,7085,7058,22,1,11952,27,1.00226415094364180720656920,0
texniccenter,2007,12,1107,745,30,1.,89769,362,1.004048899973711289467190227183484370533998813125603924325367921974989619848141496184545400000000,5
libtorrent,2006,12,16711,12015,242,1.,17502,4696,1.366703107911376488184550083426450370033183636133825939226052668304910082334708710751777635156645001169640964692933172851617593025600000,2
Gears,2011,12,0,0,0,0.,2310527,0,1.000000000000,4
KumbiaPHP_framework,2002,12,0,0,0,0,126,0,1.00000000000,0
greenshot,2013,12,1733,771,29,0,67103,962,1.0145446848400,3
synfig,2013,12,42286,49346,41,2,1768722,-11373,0.99356993354500,8
openal,2009,12,10332,6675,348,1.,16077,3657,1.29444444444522528440751901600513931682684753392444548921985903525599799061582126271816842971720356254874801022186009603483689370635896422400,2
egit,2010,12,106441,45090,1269,10.,63962,45586,3.48073574195570202561991073753879940608575346655027002763358515826115884629837936164695699301676714792372541956518207308800000,1
libev,2007,12,11281,8370,457,2.,5653,2911,3.6178057558513985380,0
stripes,2005,12,4685,741,93,1,12276,3944,1.4733557369523440426067675891300,0
digikam,2012,12,138909,130072,1548,8.5,493253,14996,1.0313875534008747987614157188263708102103071365137433204871053579335969370661225249091949557449261559746332449192191567200566044790932254720000,8
fop,2009,12,41597,11155,357,4.,301213,30442,1.11242710629950394301277724712503122913834848363042466338251270560527560925584667789009916563276463586733031038265049748901700738220680222986240000,10
outlet,2009,12,2783,29091,128,1.5,30489,-26308,0.10959182293680094714317953973725264383991956310499016930941902690401157803168854752452345415309959252665305145216000000,2
jbossportal,2005,12,289976,222153,1302,4,163909,67823,1.87465019411198431038748379615693455882144079950249671470089961137730827248800646239629910130510791762138185518080194752000,0
python,2005,12,162436,105505,1931,18.,756615,53017,1.07535126592131780662218045831041589813663126709956538114859489932590863078472762791946509856326229320238878311512349755026164343390653313492748800,15
func,2010,12,2620,899,104,2.5,24285,1402,1.06126819035971573465945778591676509208077188558878920905488520043197145628793984809254631334861530406025695807998073261212238365341120000,3
filezilla,2005,12,55055,21910,410,1.,178449,33145,1.228107966764884276738709079118512439077362276205207660445825291017115887383678085798628832503802762820461070044416490869349975978960486400,4
eclemma,2013,12,711,327,14,1,13621,384,1.0290095943141697016673600,7
lunar-linux,2003,12,19757,10274,317,5.5,11707,5441,1.868337057126832254624519253698502529419113244344689899772662417549197556656685841294603396253234989224546862993715957512885037262464000,1
seamonkey,2012,12,139531,102463,3260,43.5,915852,37052,1.042162422961842369828093147536231669802841468493299116440825036565986509856949861746242330074200870180766951903430163560273806647854445380806000000,13
flex,2002,12,31225,23417,765,4.,37014,7808,1.297719819988178490913964925673014042474601150912498887298385956211225301016035921234193059659292287269513045706870073741558344189722137600,15
Ace3,2011,12,910,208,32,1.,15354,702,1.047911547914561863626524179425393711158226513562760517412277255878461833294267626425199857604058837054231239036841545243955147534217216000,4
pypy,2005,12,1139895,1001439,5872,13.,266231,135685,3.861707512781225230876029996545846639809088895702847672726669299658837724405732293339574965816314579606342648953519827238092800,2
jQuery,2011,12,67694,71017,1245,11.,38499,-4917,0.860585783586661445002923974633228249086289204224013562998291346585109744823694833863951347287587082834555605418201737018032491724002500,5
opensolaris,2010,12,649822,510785,2426,127.5,9971584,139037,1.014140486691970949172036892898523942475867264688081865432239983325897768697141033519200117992732800000,5
moinmoin,2011,12,74917,42508,1419,6.,90257,28072,1.50937199465434699492978758894117713156334062888186142442725877746011068279861305595982326374380299023895830211517591073454060904304527722560,6
openmpi,2003,12,4452,119,17,4,4876,4333,8.979742173,0
gnus,1997,12,6573,8191,53,1,52249,-1618,0.96847478762185588209302730406221205097800630296520665770304683774162408222848842529411652645346401341468704768,0
mandriva-linux,2010,12,34822,38931,1329,13.,1166593,-4109,0.996488181269585682278247637880284787870615806953866575182603600833581861671746281836432672488483539371054642130880442889568319379929408098487898752000000,11
flotr,2010,12,6808,5617,28,1.,23344,1191,1.05376247009800053052513864488491830177159707382261838237716214612912285217722982914400000,2
Gallio,2013,12,0,0,0,0,1596677,0,1.000,6
magento,2012,12,45680,38078,25,0.,4524202,7602,1.0016831244742066638044256871364553982938651636064000000000000,4
migratordotnet,2010,12,175,56,6,0.,161774,119,1.000736135597400000000000,3
sox,2006,12,93202,82570,451,1.,50387,10632,1.267438058101945051808995623473688871932893791969932911512210194257751913116122293382884893960000,7
rproject,2004,12,142102,147524,2568,9.,514902,-5422,0.9890497828967071856538709375118156304690079702330831505316365832417471753064415047308461877928423468802683820019615187191058485496658797486080,7
MediaPortal,2011,12,392324,579801,1649,15.5,1257287,-72011,0.9426388167572174618421705294375856227324909382241871204279604292774311545882903729557706912762561479710152896677359066150624500628449280000,7
Texinfo,2011,12,584542,69797,809,3.,2337268,514745,1.282435393141810756291270671047834119592473510436458436323127578438773488548404853195609075497572772127159367103623758628360815091259801600,9
xerces2-j,2005,12,18124,4413,438,2.,161240,13711,1.092937659717715464527968764589715497760692063732593365797901152735768220624365303525822383222204132467984699750660392998187858074553873640417817600,6
flourish,2008,12,81745,67743,1084,1.,20798,14002,3.06032960540401567422722212246216984208595040421581934236956510371462382914181527404321405512560091516229609003286733017579520000,1
phplist,2013,12,0,0,0,0,59548,0,1.000,10
smartgwt,2013,12,66160,66304,84,1,139447,-144,0.99894801437185958888747069025048372,4
levent,2005,12,6326,1436,142,1.,16516,4890,1.4206089798183705854714825573372278961260456772223685549559536398584434195083106908340979964425204430256872423273216000,3
libgd,2013,12,0,0,0,0,144087,0,1.000,7
Fink,2006,12,39750,29343,1152,11.5,288153,10407,1.03746948651341976433798314501053583650839508579551148846729427858479625151751252993314115251758684110641761775460008160584618997357132182439040,5
findbugs,2009,12,41585,17369,1191,3.,221549,24216,1.1227164235064770309462504973932446959037051289721707754731112878548058185540785795709045130318393446122192033869553826897724800,6
shell-fm,2006,12,5219,3370,123,2,2895,1849,2.76768642456886153791692612209365637442792403279059784165568418363438459520,0
mediawiki-widgets,2011,12,170,137,80,1.,851,33,1.04034229829294654320675404055581211626840998269685011628705907677448186190956778136071270400000,3
busybox,1999,12,15650,4326,129,2.5,34094,11324,1.49732103643432862985,0
coreutils,2009,12,7058,5638,739,6.,68938,1420,1.02103142865053938517789958571728050182014080245710152921797965235617861915848198260853946265672097523722148149835090249250915232562905070796800,17
gnome,2003,12,2081215,1201662,18850,140.5,3369795,879548,1.3531970924763009431358142659450359127801759827637134123723494484336808621275030159897326737151260919947061930030485190443610009638912,6
linux,2009,12,61261643,30247039,59627,691.,12592074,1622322,1.147890490146619767826457920844314477918556675609750564692725912211906456512090875494615709042251844529794820897816954475363844429325766656000,7
phusion-passenger,2013,12,9922,6920,255,1,449748,3002,1.0067197020225917802586383783598254720,5
org-mode,2010,12,92118,62108,2486,15.,85551,15429,1.220030803450965818764693996813754872588052242838888403395470704766375736161150466696699116218692918688348515082039070579763231263134259200,2
tiopf,2007,12,92664,50826,483,3.,163469,41838,1.34397480908081936441433939971201018121443923675461840081316713076038078911257072530609466840086287225522984787847998558888757945338286080,1
stendhal,2008,12,132999,102653,2553,8.,232752,30346,1.1499263855784679672740059792159497968343513582612861841595832658093467908889788898174059412160186300795412952478078327310694910852035784064,4
scintilla,2006,12,9443,2632,646,1.,231068,6811,1.03037140423651802895770229452798449636267800382821069388512457997167792712865804899552979994977635285196092658516631504297079921007513826640824808640,6
ruby,2007,12,219934,153131,2783,13.,476713,66803,1.1629699202341302339034162805017133374059422735537132461801020995496949140612391304269031101739274606791966051425125818247636588019209984000,9
ibus,2008,12,62125,37073,992,1,29453,24541,5.996131921853091566689158027099905949723442237443071839337997101217162042096,0
tornadoweb,2009,12,345,120,25,2,8931,89,1.0100655960183561630739923390854613248,0
haiku,2002,12,408535,70675,2028,19,725794,337860,1.8709213423837516679904064381724683428914388067181376,0
simple-linkedin,2011,12,40786,25892,51,0.,20467,14894,3.672528261074312031385088246688742785064517760000000,1
remind,2013,12,13,28,7,0,25194,-15,0.999404620147700,17
puppet,2012,12,245526,169794,4079,25.5,307359,26302,1.093582440578950531092394616097827326123467094709265585052827191388699302794939978292942513447704420612968937954434906590678192414199628800,7
rubygems,2012,12,0,0,0,0.,21184,0,1.000000000000,9
gentoo,2006,12,3062500,1875794,84038,277.,5206845,1191132,1.296617811074121903841689042244419169994923195379939919255161534674386005752575841628668172823051378671403029816603360771001865383948000,6
Intellij-IDEA,2010,12,3940302,1699710,16256,38.,2072347,450278,1.27759484952935965020724618907799165914842778254454459531549932119212149474447548571376533684568575165469135695888612409564332185600000,5
dokeos,2012,12,0,0,0,0.,3023688,0,1.000000000000,8
lambdabot,2010,12,0,0,0,0.,21167,0,1.000000000000,6
xapian,1999,12,13287,6664,507,1,8771,6623,4.08333333307477253150897403800,0
vtk,2007,12,196779,55782,1947,23.,1512286,135698,1.098575608685439814253120633503687649756760698531464296411308024829234187870473092987313087595943516546610423028545982892604384719853739541372928,13
gnupg,2005,12,36633,42174,530,3.,152089,-19697,0.8657748763108415510856376134257558362321730296431601512080468795793293982627714229000335798400232455559429738899428990734704914970337384104181760,8
launchy,2006,12,18693,7806,131,1.,15983,10887,3.136381475696633607102702922733261222902353481020463340006760010205827061787691066525594836877375180421334911686606821943296000,1
kdesvn,2008,12,18279,12111,193,2.,36795,6168,1.2071119170093481696060390646408133547386017744097011501873240226997614388784121379408190452570855985613924765526981721575320000000,3
kubuntu,2009,12,15858,9073,545,6.,19809,6419,1.494453859174431530830873994132966086648960966627020154808729146012477407144902051057460321326666664984187320679056449120022826020742800,4
qsynth,2007,12,4993,3948,111,1.,5962,1045,1.212614445614745710950737026565176197304927339764932903616060682550574123432413336319618630740000000,4
openscada,2004,12,116396,79725,122,1.,76884,36671,1.92075727518794601161746787051339487280310307072629177825690895560769539156814965782261049924762828349419520000,1
etoile,2009,12,136569,222148,2118,4.,542255,-85579,0.838521353080721808530538095875154349094865020435137472491287965410042658737699881523230856304105659189657085840913298930367149394509127680,5
xoops,2007,12,1318964,448462,727,1.5,2141065,870502,1.6851309223454789424755892892673263413178367865837053359697931803836922327856000000,2
netbsd,2007,12,1488677,1048907,11681,72.,8514570,439770,1.05449541646227215194279896814667776413217307437668677122383475937112658774267629284837730723930416348272782669529493901469495787071511431291658022400,21
muse,2012,12,0,0,0,0.,27412,0,1.000000000000,7
redis,2009,12,22709,18665,467,1,17915,3703,1.34578392006905399988033054990356217053426124885938247895432334131901199072020001792000,0
acceleo-eclipse,2009,12,55744,15230,622,2,97223,40514,1.71441922803341727827331670022815036419970086365313973254578238047336626232173192587937068086400000,0
x,2005,12,289082,98447,7732,19.,2035482,190635,1.1033337723984528098160530694371266794109069322990981209605506481131951440511679643646417002095733856653966232724580777345047815815043747328000,6
jetty,2013,12,72306,39420,556,6,603325,9840,1.016580031509679592311756812519399195,15
konqueror,2012,12,28036,16914,831,8.5,113729,8811,1.084017507213784325709163514216408243152423805076431255814977567013059703007051405972480777418674318409557228010669186216507253993519386784000,15
gitx,2009,12,9398,7580,316,3.,22795,1030,1.0542219414047035585703377493578055266209550242485227210271861822642515580232012795349320864862767469039542128640000,1
thin,2009,12,1664,1522,45,2.,12595,151,1.0121343619496549381868683127996957185472783763486045243058240015268758874354797697123015925857562138615889668329242824883424000,2
apc,2013,12,91,43,16,2,18379,48,1.0026185150841806003176400,12
gimp,2007,12,98527,80796,2100,10.,659064,17731,1.027647103767620680051311111873064876400283990777228629928795707806370220726348131837597557524351338812972057088844288313075910638452193191427024699392,10
eclemma,2010,12,287,155,20,0.,11436,132,1.011677282377629907496640971701895376000000000,4
roundup,2012,12,8921,703,94,2.5,56747,8143,1.16753765121020491903494307782389327724325082407700345934449354998478722690566299050927356089367090221740221242746917282306048000,11
fetchmail,2013,12,45,54,7,0,31644,-9,0.999715666761400,17
file,2011,12,898,1065,89,1.,11830,-167,0.98591549295396253362736861426666741382291470113107893452900113379777539875328211069783102296040594542631955208371769987195887838822400000,24
kde,2013,12,168424,185755,4448,112.5,24553883,-29997,0.99877979325960719242487590,16
jmonkeyengine,2006,12,317474,24503,645,5.5,361303,292971,5.2874641457651358197846298821817833375065577773478193007718975345403928923069502284348631896602815595471555274232536847100856742122651648,3
fbreader,2007,12,145037,133512,907,2.,81047,11525,1.18040793324934884231153737022852360114920512800156673741429399104259687729852528989423700139231826515844249052480144619691770053829640000000,2
kupu,2009,12,186,183,53,1.5,30712,3,1.00009774852568815140444417066386967959702059196925707442112878972090649252589793551295565888361772333951144581599795200000,6
drizzle,2011,12,1536834,1633760,4436,10.,508234,-39473,0.921088089946966957494769005752816814875698780196979504180007481792910993302156364971544497556735680215031682818522002272493643733433506723840,3
apache-rampart,2012,12,4363,2323,59,1.,48484,2040,1.043923865299796532574209236415160611116989068869921480126292810777004782016074760860000000,5
Nexus,2008,12,1268423,1188636,2494,9,619284,73050,1.329289896520752523118199415678438943525701491131137931516714647434130631520,0
eiffelstudio,2005,12,553465,483180,8247,8.,1813752,70285,1.040502686244053291464131041794685260664645059056111847386764506698525387313323007611824466151946013332698444526015145334171625944045970745600,12
cargo,2013,12,4561,1377,87,2,82889,3184,1.04001407530235823271156891687937600,6
lame,2002,12,37882,19548,420,5.,82779,18334,1.295528547060291574656027074642628883093459523709885766460983999308003693192370511660176814863285286946160135404380542987198146170360995184640,3
python-nose,2011,12,5917,20735,209,2.,35372,-16185,0.5214087172340856761855368139551647813930170537319338888529105090516129569902711859145044566337035109815499612125615680000,4
geos,2005,12,11582,12954,248,1.,58286,-1372,0.9760462314766721235808950573302582088412089110510700497055208177720236111597735827254774447416853862063603764025650931587269360000000,3
cs,2004,12,1508818,888797,3164,14.5,1171472,620021,2.348232245049708776462722942522944152783493144706881520241905576212662964205633917952593279308635986769707324026183947209216522240000,5
netbsd,1995,12,459439,347170,5342,17.5,1333496,112269,1.0919728085196311510281082568065600907940108438473602315589430781591721667326062104509379138226286432983644364878458352269028823685007750656,9
atl,2012,12,23054,13622,341,2.,882586,10077,1.011562225701952245213618205399690510756920175437431029241887238410301261954055923509469508928924080382479851353352975055360000,8
opensuse-linux,2007,12,883146,454968,4435,29.,1001161,428178,1.826027571716612931435620628406044241341355015448132542814807603182327904910441107445677559639461160021071771503563782961132225024000000,7
cdexos,2012,12,0,0,0,0.,307583,0,1.000000000000,12
trac-hacks,2012,12,173341,120632,1694,13.,1200008,52709,1.0459418163913254508884867871930991641392829879106159826642019507839087475993402053175205717769141010573079641635665354488458676826650250649600,8
paludis,2010,12,121356,90182,1488,5.,221640,27826,1.143570639897960817705203541439693234676150654447810838867564358285404716204543705955354932258784533614338501843265445114947766903807103872,4
synaptic,2007,12,98073,82948,264,1.,114188,2832,1.025431947983610763135525502757063021915932147424308664327137838012706124496075460217419729257946091520000,4
ci-cms,2009,12,32233,22783,295,1.,81647,9450,1.13089186530891859926719928113756080314682581831323409221527603633107808730158429144088275260189044626276973358269664562063111165440000,1
wmii,2005,12,13037,13316,138,3,9938,-279,0.97269257120,0
torcs,2008,12,31448,9440,56,1.,350623,22008,1.066972192301812557999209873345694990002856667775576870162757493482825063843963211459895619855415560000000,7
poco,2009,12,37459,24524,182,2.,440243,12935,1.0302709052971889963177297923510392908898055284693470778874697209842816743073130838506720977561827803788895374621470908760064000,3
xemacs,2012,12,5422,2424,87,1.5,458305,2903,1.0063745877274561069093898965891741310859926778304568873752676302528626369439967442562984033677270645207797066834284044552248286652416000,11
boinc,2011,12,243138,60520,1903,4.,389930,100892,1.3490613690751065842329349106224134863943400256617776151185880234522736266320344635492088836653799808729914705921870718844272759322575000000,6
epiphany,2006,12,22284,15907,660,4.5,87570,6377,1.0785412535627310421977852671946629399000011398019966974684319730386984128251530906551177844437032995651685042087260073497784734164455882219520,3
auctex,1999,12,2041,1607,64,1.,13182,434,1.034044556011194165021073005982263918094249575873258550880564527898839292969937679881089180094640264800000000,8
gnutls,2005,12,35453,33481,339,2.,66626,1972,1.03076011163542958324765230803833367702728912828416550408559966901283804484899710863901448494094250556781475405871187326144175729100090124800000,5
jboss-transactions,2008,12,360724,54691,338,3.5,492185,306033,2.643995229962594175404063742835483813804575142861770587643623617010491352223996703682416995661122876040288674779512474144257448425031680000,2
snort,2002,12,99223,90645,548,5.,67259,8578,1.1620967894652599908286674593950634441133013747879020558515508913491591902444558086674250926512347188102890663105361915719089049600000,2
clamwin,2012,12,0,0,0,0.,458887,0,1.000000000000,7
puppet,2010,12,462052,436407,2364,11.,224162,7054,1.032490741933790889631276632592823362771912458839886211366544866071789314456253468291981820623298527724845287466665786833046724788177072025600000,5
fontmatrix,2012,12,5480,2663,14,0.,125496,2817,1.022962365196511814836604564635970450000000000,5
sparse,2005,12,3552,1669,185,3.,21273,1881,1.0969987623775003403724005164440647264895402592365154518382889996641560071826465515065570688728407143756621419059188236952056596480000,2
xchm,2004,12,24746,16270,96,1.,19762,8476,1.8167276931834512696393803784313813485700948089165095094522162553461116978630164034621075931385120439307365892751360000,1
konqueror,1997,12,1866,1601,68,2.,2624,265,1.112383375738428360303121241528564592644729484108909151611621155812153203841044000,0
nunit,2006,12,122222,125667,1300,3.,186012,-3445,0.978476014307639042376703094077608862072488826838489421659949485755641286689203336412543510179097426491047303712118275254266672603029568000,6
commons-pool,2008,12,162,73,18,1,11959,89,1.0075010535185432291953494759504781963779403367225466365113281000000000,0
qpsmtpd,2003,12,434,69,48,1.,1077,365,1.512640449431882949199311643600247469213584051759206637853319548158196135390775534288538754816420210585600000000,2
icinga,2003,12,34943,24857,339,1.,96751,10086,1.1194118204238346485931884643842967003176233254578582505286427527615332400187851259689060763132897580502872096271199519727851955463972352000,3
gEDA,2009,12,56732,67996,452,2.5,136451,-8435,0.938140776484923627985489532183906732298858353482946122871780610964637726767197571741050021134700142396087010906707902136047486330413231037087128804880000,10
openbox,2002,12,92490,84610,1246,2.,37458,7880,1.2664142268616800291066450406094453798046464604026129693972430019031585303678976000,0
connectbot,2008,12,36446,14712,308,0.5,57346,21734,1.610299898854877872779538850458270093215653886468893085408392986134000000000,7
vserver,2003,12,9282,3777,288,1,11601,5505,1.9030511810389756853184920646795,0
nginx,2012,12,11290,2822,468,4.5,123223,8468,1.0737919916269245461972627153921431178564384342374370790869010322647150311548667946785146587750641235610963953719552966862807732254410014720000,10
keepass,2013,12,0,0,0,0,2284,0,1.000,7
gedit-plugins,2007,12,2048,320,80,2.,6548,1728,1.35865504359304251004004569311397667801774939425609967062514793553244275656483258437934594463616900570016000,4
punbb,2009,12,1710,1124,200,2.,30075,586,1.01987181660596009479659654721030163407131829467413618362882914209843048534737298764834375766526643242597275574232003690770432000000,1
MaarchEntreprise,2010,12,26643,20091,607,3.,142674,6552,1.0481332921894430107548751826383625685121730328117311777313103860902772254292691348313627647452813868647292996481929065569098987876847675668700160,1
stripes,2009,12,3161,1739,111,1.,31706,1422,1.046955488042861096328170925526840351794695193600703602755487257482465743097538663029447716017326449571223835648000,4
pf,2008,12,6944,3396,251,7.,56519,3548,1.0669800456863040925257681143407741803376020489190491298276398283946501883620651137168229676581942742459727222990134208060672853844229902012512256000,13
mutt,2000,12,17676,11089,671,1.,60811,5794,1.1053129032880029901655251737333964537405892441095246316331425007222238454885083563553843146150752183451025296126941924971162966126259761221120,2
python,2000,12,298436,189698,3878,12.,512380,108738,1.299384645066336047214765928166258183295988513614181643811326464409621679690625251859426291855660841946594330527331627568614108000000,10
inspector,2012,12,827,335,95,3.,13831,474,1.03548701055568502923539326037569726310360950040888539827046068059637498963037351595138382500532508160000,11
nautilus,2009,12,13135,9066,467,7.,145737,4069,1.028722082616999403036148673201682787184169903186813420127629486169156188022628125293016186612566552483340657229808780557201749666843542131479040,12
aws,2001,12,28892,11579,713,1.,24813,17313,3.308399999971708377301714354479861074622351427057815690793101541687328241948648225005044783921592081134664069777545042636800000,2
GnomeVFS,2008,12,961,709,40,2.,88019,252,1.002872449561609214129484596072801122374189886651254637519207650083982820915861251608464011116887462696302107803345426147698260298240000,9
tsung,2013,12,747,248,53,1,39453,472,1.01210908437938139235333450530340452544,12
stendhal,2006,12,174973,138670,2317,4.,78406,36303,1.862242595411844388204917812292755816009648313083054818256970765353092650253719194598629378897856141585916351435472068533594685440,2
nano,2001,12,27942,24019,387,2.,24573,3923,1.26965905952802221202957904974938558102536302863102502544475310884531877303481695288960268807277338945025372807567456213119264748160000,1
eclipse-wtp,2010,12,1610891,1157406,4983,30.,10298923,453485,1.04699125798937119948152583346500189218771764928669881288672488042924761483974193962229506498872679830381995169696651240337038234261581411185664,7
ILSpy,2011,12,391989,246824,1193,6.,55905,35150,2.6935678150755380207182175646743346520673472520030890487504594816775656014984142367877378064323553275938153272320,0
phptal,2008,12,6756,1881,130,1.,15598,4875,1.45565006076535582998883688696153706695698719757344917893143268158829247175330199207389663969075773831363089383923240194803043180795116257280,4
vdr,2013,12,1408,680,29,1,61052,728,1.012068165241142412166911866372403600,13
cake_ptbr,2008,12,240,243,18,0,228,-3,0.9868421052600,0
lwjgl,2009,12,5628,650,91,3.,49218,4978,1.11252260397141125956517668616480941421276581306608353203143085643983307821717597583982565012595788254741096878234208793030638489600000,7
bluez,2005,12,26871,7063,716,1.,9172,4044,1.78861154445499120031787755222537003574827743475605102592641157150379581978022816873521809714730966753013855561871289218042425045219840,4
scribus,2010,12,1509626,1080934,1245,3.5,2487706,428692,1.21522292584257504087863445100489474237204172857140842856764798291155139206343080379915889803255109633495699914568449572048979115969412915200,7
firebird,2005,12,1180851,404461,8985,12.,3405518,776390,1.295303233599011992834904450641631928118715676853333548379000745137695086080256520344482277458842406626425473206558458355943403779975858200000000000,5
statcvs,2012,12,0,0,0,0.,19970,0,1.000000000000,10
sbcl,2000,12,3381,5665,95,1,147223,-2284,0.98468111363704287182891128199878796,0
WordPressMU,2010,12,211,104,28,0.,135856,107,1.000788219434400000000000,5
typo3,2009,12,215312,159807,2729,11.5,329302,55505,1.2027231854258549815469595464626792863684493638624997795816731806349130391970451712999892752206197037442059430324829765933291994485224640,6
openshot-video-editor,2009,12,38879,16709,225,1.,23015,18897,5.588878096108929371998704181404301074229536969690205809889393508602647858134326725718974250054107882871968000,1
ultravnc,2012,12,5489,306194,108,1.,634474,-300705,0.5258245500926783799168869844915050883460552733598893390162606985641729061888602615942979493457737214184725495808000000,5
bashsimplecurses,2011,12,0,0,0,0.,324,0,1.000000000000,2
rrdtool,2012,12,2475,1300,65,1.,35095,1175,1.0346403301842357278910909728549123594263875549813803665298182718207963809500445996506999668232262142173265920000000,11
aspnet,2013,12,24110,41558,205,8,308946,-17448,0.9465431349789069547952789255346780,1
aionxemu,2012,12,0,0,0,0.,1396926,0,1.000000000000,1
joram,2012,12,38832,26228,607,3.,186586,12604,1.0724442758288953780978764200170788753472952317406955031062248972302107087187649747597169378656403582421205770038498278945084476601883205632000,12
console,2008,12,1187,526,28,1.,15549,661,1.0443981730274047882049934601087094050403797746316900367462144157724465303825177662567537758224128000000,3
NServiceBus,2008,12,271096,63134,896,2.,305750,207962,3.1266617579600089252669477887523023039123934575316728577673563756982997221673465836608432957040157442912202760000,1
jpcsp,2012,12,51395,28650,536,1.,169662,22745,1.1548153038707998179142857029020601807116308090087734740539182688835879525233998052365901770207990431191982072829682070769090015520000000,4
twitterizer,2011,12,97362,72217,111,2.,91782,25145,1.3773429178557758306715275739636478694434160929186417381096351420633197317488172375606307051323344855345040638444299689981952000,3
git-gui,2009,12,580,182,72,1.,26320,392,1.015118790495471854253420725810722206657119163898653823663667946264696854708285605543959719699398502321169600000000,3
tcpdump,2012,12,10579,16484,127,4.,88971,-2982,0.9661428766041228634918514070494759856757628081064612497840434265369790123132137839937809550643350982205764044278762331140644293453527431375342085171968000,13
freshmeat_asterisk-java,2011,12,0,0,0,0.,34162,0,1.000000000000,7
tiopf,2008,12,73372,44221,327,2.,192620,29151,1.17832738928847978900532119656931514135941849360155002205470798446020963840109786433460637217553372190510580996701026691684562844085363671040,2
liquibase,2008,12,24705,9741,340,2.,60654,14964,1.32751149048771651630073130594003787338907320488072297324633788761255631421116865356110937060397632852811069283777862777483483709752000,1
Arelle,2011,12,10715,6562,334,1.,29262,4153,1.165398860955016197184917299756480387622311333847121619163721020696,0
freerapid,2008,12,40694,11035,664,2.5,41626,29659,3.478398930332454160956956717634822512640,0
flot,2012,12,15906,11387,163,1.5,27646,2294,1.09048595771491415188459910748547399845284337879838956196892995454377328396026810519574275475966880000,4
debian,1999,12,417943,191518,3545,11.5,300451,19664,1.07003173224141449940501562551533412019714444738038039005143262032716099271710237559200000,3
punbb,2013,12,0,0,0,0.,30200,0,1.00,5
lame,2013,12,0,0,0,0,116710,0,1.000,14
icu4c,2000,12,124402,90404,2219,8.,192275,33998,1.2390975646038338824194110281852395554409163227939576727735210114684259675672822412288905973120967799494328696731812652798804939161600,1
mevenide2,2010,12,0,0,0,0.,13428,0,1.000000000000,6
wso2carbon,2008,12,22829,12264,179,5.,12309,10565,7.057912844566477364289877526207743369378547340930716218097243511404166865459495400,0
alternc,2012,12,11222,6793,755,2.,41036,4429,1.1209877892151686405387179452330320120217604921526767983495670484158490529329836655855606618384000,9
gedit-plugins,2012,12,91,86,22,1,19130,5,1.000261615738838540372981896224853592867290485787175880000,9
jsmpp,2013,12,0,0,0,0,14539,0,1.000,6
linux-pam,2007,12,7178,2354,228,1.,101978,4824,1.0496531280266738102502971085258677051733340355501558555704840661994026977295656107568335648295528955415156238314524221870344517439525461338550638899712,7
bottle,2011,12,4741,2770,273,2.,4672,1590,1.5158987669934526796279980616741837107087419829304318919982060609270724149430889161324292442099516095352949726619660710400000,2
pymongo,2009,12,9335,4662,585,2,8273,4591,2.24687669749039312077201958078225732606091320599692536506299132962502181841829103678935272912499389444685076262294130688,0
wikka,2013,12,25,11,6,1,51059,14,1.000274267802900,8
hedgewars,2009,12,27900,16966,1050,3.,29431,10930,1.591194288198736107464484699011202096992959100828494407034685899733298130814181359672284319184461708806956610434938117749994194568478720,4
icinga,2010,12,1983069,804220,3214,8.,1683196,596667,1.5491496315320378713534716714222979166585946389654506400832041732282167980027647105648758476431823608238612032535539338319561364595015680,10
nethack,1987,12,29785,20253,13,0.,26945,9532,1.54740710963418355738488597131034000000000,2
metasploit,2007,12,150698,27025,920,4.,236986,123673,2.091428167933625416040578851125451418091157612411708377958825554014698681758369260183222485858187028861063358184754071487600430592819200,1
yakuake,2009,12,1960,512,91,1.,4864,1448,1.42388758772274892668133865768176609953086493200000000,1
tuxracer,2006,12,0,0,0,0.,27025,0,1.000000000000,6
vserver,2007,12,4314,1403,211,2.,36466,2911,1.08675309193867766269394611965124649694773602053961060341358201562699069260364812687440213643863751773287365581542072366012098163250000,4
aolserver,2006,12,13112,4994,180,1.,225901,8118,1.0372756367537049517772904147525020421729161915212183759463322420267228367156890867971192534897547346614685556736000000,6
glibc,1994,12,7690,1312,440,1.,7948,3189,1.6700987603153752245788452370460068495592657861138289210898993524455155371369331817977533231572483323641283242958655055998240000,5
xnoise-media-player,2009,12,43948,31628,700,1,19216,9692,2.01763964732661093067163624512934007564398574338876518379715884224347665217898027636401303815395008,0
fetchmail,2003,12,3244,776,98,1.,25546,2468,1.106992673510995309107127492988945972107829462447575230934984410363817250508600576000000,7
joda-time,2010,12,86539,83053,81,1.,200449,3486,1.017698755603968175145084173284871518941763045298491259459474504199551670724400235070647044322997600000000,6
brlcad,2001,12,512681,493070,1132,4.,1231668,19611,1.01970241925526397549598833361667045913720135635729472868685198309783009579631074699159023162996836173742576430480842190938530809442402394200000,17
pdfbox,2013,12,22807,15376,49,2,109998,7431,1.0724502032892333336560295558849570,5
lighttpd,2005,12,11002,6209,251,1.,32756,4793,1.1714050710405834162614803678453367908292925216032447623691208332160000000,0
nethack,2002,12,34901,31234,12,0.,191142,3667,1.0195599413300000000000,17
squashfs,2007,12,3189,2113,97,1.,12605,1076,1.093362255969042030419141817146724510335666080304549769328142532416339318765712297958677065799779717904492920022480000000,2
kupu,2005,12,16470,6146,387,3.,25438,10324,1.6830752943907122907186327788744290142645955403692240325744268408268551102234990707723607039269879341410544086115107397052079618465600,2
remind,2008,12,1681,653,81,1.,23780,1028,1.0451828410730325752936354919178463539760488796268408389967068189602550765017424900963207787540000000,12
atl,2013,12,40993,2039,39,2,920576,38954,1.04418446907889037651639447581795167600,9
memcached,2010,12,1791,252,78,0.5,53337,1539,1.0297115718748791186062523507923990559889234367062070609167812555075399802000000,7
ekiga,2011,12,4734,2291,222,3.,87280,2443,1.028796397801712747224077084698054829021983722486016671637013429334426920909250864667191688361719836381890712131986093013437024448697602359048011776000000,10
flac,2004,12,16974,7452,382,1.,83589,9522,1.128559277418394831944480231711358884948619345202891612103818593607909697852357839903246481722769144304954664914309684463239491628195619727270789120,3
turbogears2,2009,12,23491,26092,433,3.5,17839,3787,1.5051353874621010129157256070066972907223726347760664233664682691495011811489267692208391270179421225376526934261659323362184495040000,2
scummvm,2010,12,968024,586747,8605,28.5,1068924,156192,1.17112580690618167688633596144207135529171095309962681010795241008050855789449241824897003374537444784789735592778809806723120450327182651200,9
phusion-passenger,2009,12,107029,89755,960,3.,106773,14782,1.17932791461710675094974624801737473512712102616784623397623484673171022894358908316774338049448081598363392961582875057739465022797824,1
jsmpp,2012,12,0,0,0,0.,14539,0,1.000000000000,5
ddd,2012,12,0,0,0,0.,160630,0,1.000000000000,17
otserv,2012,12,16836,30337,61,0.5,151148,-13501,0.9104939703942897738475274349461427621187262410891639198166100000000,10
moodle,2008,12,267749,207831,10123,24.,465068,59922,1.14790223772864322085615059816832507207967468288557362749763736105685120476740065586459862650386122780505753399421441300964908300800000,7
bzflag,2001,12,42891,20990,239,1.,72516,21901,1.432697816879666205411133525930210151965210077097892662165863128033661038497213274612272058110357582329061277524036249352832614400000,1
flightgear,1998,12,105440,52609,1360,1.,22192,17402,4.665894249107338553601107841820585563671973676061967411979871707489723672894461206698216889719703002917401952145803862500000,1
synaptic,2005,12,9144,7266,502,1.,107926,1878,1.017818851173002723111634288220539404659805132513495950072697632672233102151575758930131946572748126775560740735331909246865319904383988460556200000000,2
ledger,2010,12,46254,519334,966,2.,320814,-236638,0.2623641702158217856264167469954540944629241645761194383705851805577401384732198208911925043662413261122191315187712000000,7
commons-validator,2012,12,460,312,64,0.,17399,148,1.00857921279900000000000,5
aria2,2008,12,84362,36082,945,1.,123348,48280,1.643150210419006643605637573340470568543641190046488459191577495509698977478739027498853868144758397159912530426648415511585312640000000,2
ant,2006,12,51039,54255,1291,7.5,239665,-3216,0.986480294265434234510214431287147697363757638727851439232812144658304249431051791062715822945204616764020359980101125391949488028522342120000,6
dompdf,2007,12,234,44,4,0.,19103,190,1.01004600010569342476890900000000000,2
spring,2010,12,590688,641301,6359,21.,1170925,-58462,0.948543494534451575211636757327965259312499910677104883204048596978646962095596977578242394560406149824868962774570322230078456476403200,6
statcvs,2007,12,454,248,19,0.,11787,206,1.017787755802830115268980000000000,5
freetype,2007,12,23660,4844,361,4.,262309,18816,1.0772753220899993353555720203834162518988032050816109600616272485959467255264071600126255061398160374469970403312015487047941369262080000,10
xine,2002,12,820067,408831,8368,14.,788624,411192,2.0894465756993589991577395673332976605469424639226783293389902968049350476868516641108500713957132206010471459491097421429184593920,1
tremulous,2013,12,0,0,0,0,211504,0,1.000,13
openssl,2009,12,15990,4880,479,3.,335399,11110,1.0342595647711015957977905141287337983572777550365214873056773101115991232951356168163847558296064025044697668492030129900299130966434513047427645440,10
CodeIgniter,2012,12,2150,1424,120,1.5,45895,376,1.008260286913738989039370997049581058369254201717621343914107700621228044172282427403255767525199534694400000,6
fontconfig,2010,12,1220,445,35,1.,26630,435,1.0166062225611189840845850187670845083458149665368280741780055800000000,8
openproj,2009,12,7592,1739,295,3.,91826,5853,1.0680795133347659084868135661485187627070657267644731452184129414801583885095307071818083482087451267579226061399890400000,2
log4j,2013,12,0,0,0,0,79986,0,1.000,12
blackbox,2008,12,13,2,4,0.,31532,11,1.0003489737000268694941830150000000000,7
displaytag,2005,12,34439,29440,297,1.,39784,4999,1.1500840638894825084167088678822309679413346553925062130620659027102786586643366465984879749029266438960687398400000,2
drupal-ecommerce,2010,12,0,0,0,0.,29372,0,1.000000000000,6
xerces-c,2011,12,305,111,12,0.,287000,194,1.000676431926199740260039908058531086395052194284254464000000000,12
virtaal,2008,12,10732,6752,410,3.,6194,3980,2.797651310089920669197989184835926235198333154676358550786381664935634542429788672000,0
ndiswrapper,2013,12,43,38,11,2,23400,5,1.000213720880509814196086245484377021900,10
jmeter,2004,12,34891,16862,701,3.,100686,18029,1.2181182477050684552885016170931632149936142794027364992560290439478810912009336103949364744744319739398958527689139340262703761154826240000,6
django-rosetta,2009,12,424,277,37,1.,1311,147,1.126288659779310253288780438977500645337732181666976861130518344901480779421832000000,1
nano,2009,12,2348,1194,111,1.,19343,1154,1.0634449392557322161783840587610269904444063036421766271286499606345856656166067328745268162177228392755200000,9
akelos,2010,12,171230,162650,455,1.,176078,8579,1.05128894947269276880323337608472188627955355491168658404316041295398630638454307907672309835381819207438950760229726291317675215498547200000,4
cdo,2010,12,744229,530818,5324,6.,2001891,213411,1.119554299447076140432135297174222672878674952995850587123488007504870578677452797768444727281791044020211018492094917005551299468083200,4
mapserver,2007,12,230697,76831,1042,7.5,117830,15536,1.1518759653626805082357712536860832597845508090747015792726792978175803135965203911045308997730464125711771921473429573131195036090612776960,7
topgit,2012,12,0,0,0,0.,4211,0,1.000000000000,4
cinepaint,2009,12,2521,1054,7,0.,893629,1467,1.00164432020200000000000,5
kupu,2007,12,3681,2265,331,3.,29824,1416,1.049845114055392540626812759711161771686915339445846202549908774121367513276292132513607985803688203149289129626597094789831685557214817200000000,4
openjpa,2013,12,993,466,47,5,498160,527,1.00105941573371779719662292462873321750,7
dbix-class,2011,12,10853,4711,257,6.5,46676,5629,1.13713547884412097542045166857651895571783977369541301506866314317896524810862581743819414166300848369767176911991843733058252460601788040000000,6
groovy_eclipse,2009,12,4558,2776,57,0.5,73359,1782,1.02491192752863579459567647737648956249779408894254972356279750000000,5
dolphin-emu,2008,12,601904,546050,1940,15,591065,55854,1.10435884165219702856924918092128245457296636211897841920,0
classpath,2006,12,342956,122896,3329,21.5,745298,220060,1.41897197078800042636443231113269921189062221898659651753617955507300889723853226518967089402518954075797131623092466070292692508282880,8
thegrinder,2002,12,22853,14592,333,1.,35000,5325,1.1805451956799021350690120198873464500349296907081651444987623030648832000000,1
joram,2011,12,44857,34648,503,3.,178743,10209,1.0623362825405959210055142519508743181723877780736301344700657106078439027782869497094253636030293171693177366161053744698041624996525169383014400,11
GnomeVFS,2003,12,17116,2959,282,7.5,67706,14157,1.2643746848682927452919875481963432301616894172870157551183607361456718153776190745026499080247475033665412878662375527822551981856025600000,4
slime,2004,12,25632,13820,843,5.,20901,11812,2.30102434188195567146868486253322061750375671957935715493226933400432703325074490487420271977046893900208940288393182862137677081600,1
geomajas,2008,12,138467,106790,931,2.5,71957,31677,1.80280298043312360503135622667757064550274053111503176133828189216223737058654346730170771623363363840941258077688251305795970229120,1
clansphere,2011,12,9571,11840,503,2.,93157,-2269,0.975587187843647812974071079297556391484107177554666076482650258613839911706983421553356212572241313637266612133332535579072800776995180800000,2
bluez,2011,12,50646,25937,1806,19.5,155332,24709,1.1891627048856742045722858501977641480661112505277892213062362645898410303834104822018961631793483375286123397317402198190892902400000000,10
cups,2001,12,920,69,19,0.,116522,851,1.00735707307870666882117964669124488631236911867392000000000,1
maxima,2009,12,56817,24598,770,8.5,455780,32219,1.076066965568086725397048632814576779814126926243739200704278318391420517382703157634906334021418656574311005370683423410275652092003284155277246464000,9
nautilus,1998,12,6038,1211,27,0.,6567,4827,4.1735700200709079041191040640592153419864320000000000,1
xlib,2003,12,0,0,0,0,107221,0,1.0,0
h2database,2012,12,45424,29591,579,2.,174190,15833,1.09998294991137360004726799656311850883401772771574968603229871076737558038663770580572287345177092872836766720955607646478549639422022288000,5
flashrom,2008,12,5761,2886,207,4.,6520,2875,1.788751714525655802610500482295801589401022904541340975351742515590123477282859971729590986267041751277506308764734574865700085760000,5
adonthell,2006,12,5398,1803,103,1.,88703,3595,1.042240447427669710964129109995674992247494497561535249868159151004569122445060885436532292622488776849489920000,6
nano,2012,12,35,9,1,0.,19630,26,1.00132625994700000000000,12
friendica,2011,12,384369,258914,5755,5.,146544,49154,1.504713009599546784592407784127739971481671261628444531231061263947577504920529919902282342836114871255868371731447028311121792000000,1
pylast,2009,12,6595,6542,49,1.,1838,53,1.03054755043036088908381905020018633935298948724474144617052562799745258255433614593226923751176925704550000000,1
vala,2006,12,84680,12475,254,2.,74210,72205,37.012468820163349392537983631612076695843393315176231548243827017201072364551446320000,0
songbird,2011,12,17017,13384,611,5.5,419899,3633,1.00872759245294457927410816673777462046320889132646592296300062089581830044942348739118587536004232307983291143175596686163099900919439378145095850807787520,5
remind,2001,12,30,30,6,0.,21540,0,1.000000000000,5
powerdns,2009,12,4683,2017,136,1.,73605,2666,1.03758158417445461256511040056736170365539080373921363473729208518304938819857742781836155646032094625471463406246310848478877323425505280,7
aros,2006,12,512937,313905,781,8.,3554975,199032,1.059670044732510188819780782534692628143133901744454610494777957742394506363072308364716725739975046992826236055835033692442790029735867375988495360000,10
warzone2100,2005,12,719926,43878,287,1,1333261,676048,2.032211569973487759156824625825458500744063785205176290073288776116029111713042400000000,0
cpants,2009,12,346,84,68,1.,14077,262,1.01896489323283736300927070723584747855084658666758991142237440000000,2
perl,2003,12,845406,450690,19527,33.,2939012,228285,1.08421541527325383771787248360777141473291344160299434192402746144340779802615275983834410076254009204230711956585032633363886002934906880000000,15
hurd,2000,12,335897,41611,393,2.,535209,66599,1.1421203132479668173908253381841433153607286090940537089785797950450108626664069281643956173380929688224514712045970400910390116985765666176000,9
virtualbox,2009,12,2498618,1323127,10803,2.,2535690,1175491,1.8642051640697393381219396438350817618396515034935976642494355820704995649336015930756076004212594121060607556907995027135099347481600,7
dtc,2004,12,15299,7475,577,1.,21834,7824,1.55845824406255441408980009315776579586380926327893034675262206668976329537415648361539894986661822341461963644881448282505999666380800,1
zope3,2007,12,190824,299100,1747,15.,298008,-108276,0.63223965765960742589822926729170359307130347159350611224631787358808348775143389032108579987420174483635708968753025715542523941337058508800,8
clamav,2011,12,1013623,36561,631,3.,3749819,970263,1.349071218541901821528835163048287816942700204372782298617891716358153359754884906857923292743829810456285443903901828929833760735707354955904371636352000000,8
vba,2002,12,15652,8028,84,1.,77222,7624,1.1095433776734959452672,0
rubinius,2009,12,692353,1384849,2423,9.,1130933,-355203,0.6791660193110307733098550479312060140263216997638084092394811255137824391022861276565456858321823164429475775287554574299026906549760000,3
squirrelmail,2008,12,4622,2731,859,2.5,214953,1891,1.00887535083687283102264101252439264366563924048086809041709656762187500989497074592874404479536099095675684609276997499399957884862520734250758526464000,9
python-nose,2010,12,3714,1009,111,1.5,33818,2496,1.079688397930503332166091501574928725840982009200528885102457504053386509570229050685563898947489406867457925120000,3
qtwitter,2008,12,2180,800,33,0.5,1448,1380,21.29411764989958774329379233360000,0
tramp,2005,12,3107,2781,85,1.,10495,326,1.032058216146714461033805221892357180594792652485267809411725032674216390808521228674062898347274642007453998033434701613988650086400000,7
eclipse,2006,12,679677,444161,11259,39.,1917239,235516,1.1400444663053251065591888642409968884254217943727463533155122261677899155337733648587699695276619956235955388930010534494977375900529880000,5
mobbler,2013,12,0,0,0,0,37746,0,1.000,5
looks,2007,12,702,671,31,0.5,18463,31,1.001687809659040066574656183026470274227945606862486118971423594909795419520000000,4
oryx-editor,2009,12,16707996,5532941,2090,12.,15968320,11175055,3.331407715056064944948493916604156691620169936293829577066267186631027732638432066658633149624732383788835928360595421084800572160,1
proftpd,2006,12,17109,4114,371,1.,242941,12995,1.0565132683307733857847188867735125224211042728260022677642813372463585697924958816111237079723662188138870356274591841409302580039059296549954560000,8
kamailio,2008,12,185020,105959,1602,8.,274745,79061,1.40402383430185481297453954269875745787060046651346807539128691163020633287112351072267774914010787874397815859785243852633810270125340160,3
mpdscribble,2013,12,0,0,0,0,3073,0,1.000,7
openwrt,2009,12,403280,386216,6365,15.,774529,17064,1.025733131863111709927008351442011759129534791377735795319105144832968604977163329962177304537668432530643765885549858309184032870400,3
coremanager,2010,12,47759,35946,368,1,67068,11813,1.213790607189008006281021252037480302221206088840465791240636737680486946936752,0
llvm,2007,12,220303,191756,6525,19.5,350758,28547,1.088597223563802209619025619087712042194551165966234019479488775439042136209106494746149991678540463919755046600259051279345597680000,6
passwordsafe,2010,12,218105,128585,828,4.,236160,89520,1.61047463176319145968242707646094281746510029514628812255966109051368639324609243370362082568151779916559092495161934944111925657600000,9
doctrine,2013,12,22849,15137,888,26,220527,988,1.00450033934966336011727225430465114,7
commons-cli,2009,12,4870,1957,80,0.5,8047,2913,1.568057722343689295441576696943336588452299720426810542000000000,7
orientdb,2012,12,150503,87503,2002,4.,192586,59486,1.446927122461567125029526634258979828161124798154918780374946801130004617664604840466102260168766356619779998069784156811120998739968,2
commons-dbcp,2011,12,21246,20571,118,2.,20795,675,1.034051354496461328325398909914611317244684208697177004572315352048102587422464269371600876208480000,4
monit,2005,12,5978,2685,498,2.,25279,3293,1.14977713088920494490318413965076924097396943980534454687356538029045331659357449246309626335395912854546102943722420043236254673128665600000,3
gegl,2000,12,13327,7092,183,1,7301,6235,6.8489681065728422730064667460665751193728327482629394101660195013978850482758451186855616000,0
swig,2012,12,7315,4421,690,5.,572481,2894,1.00508087438753686501317539440399825536601108974283326607369696272468648650589118657259196582011211819211441669032973837532362062608124759699955077857280000,13
HtmlUnit,2007,12,301536,52188,1174,3.,294464,249348,6.52681975383055754633474210327951581429861353286345160293928242496103270314161829235027616057101395237883503247077794607969740800000,5
libtorrent,2011,12,4998,2800,107,1.,27211,2198,1.0878743053688921512577667817648016309231538592568368098407919855280953288179033021041294361597013957338589070499758080,7
passwordsafe,2007,12,66134,43606,624,3.,80001,22528,1.391975362362178254544741773044026318533390084790057852489916614699988113582590738828346484998771322219564946409850043764517582888960000,6
forrest,2004,12,360574,339208,1309,7.,104009,21366,1.258533693128483240738831530007914121593290404751926336706113948160,0
GnomeVFS,2012,12,0,0,0,0,87982,0,1.0000000,13
openvz,2011,12,5809,3030,358,3.,25762727,2680,1.000104037077262934465766354868841993758125018195261763215347857274001130174039912642203646526582369439193695804533117399812659530996210140522099542204684224869118198427655127040000,6
supervisor,2010,12,1397,702,30,2.,25596,695,1.02793969849592394352847415870288702662746444979725647562087607997951835096718283409197745140566910356895744000000,4
alfresco,2007,12,555480,257266,2766,11.5,994289,298214,1.42842222466527325957165888187113931842232748089595128772025553216744111063719021483823045932285327212085397549124766110467561081112000,1
ldc,2012,12,390045,177241,630,4.,406150,15989,1.0409805182983609679808553186397547230286403819619973647986139408487504225749454123926770864293408560320439795932016025967760663689518789601656038400,5
lirc,2009,12,10444,8574,282,2.,58912,1870,1.03278286175736628785958738465562817355042410976914526613286828008228034368065213014232506712600817014782236607017083033792795714158887162880,10
lazarus,2002,12,158688,47353,2138,1.,213014,111335,2.09496552889521461468238374799161623617281906437533016071617351232224565505577709365789893779060006316984793998163077526404800000000,2
CuteFlow,2012,12,0,0,0,0.,778342,0,1.000000000000,6
libvorbis,2001,12,46266,34042,492,4.,49178,12224,1.335529205053490351507563966020943850045687439678839589714740131828045956490341433650762442587019486667844333153292032000,2
osCommerce,2012,12,458,200,67,0,188745,258,1.0013687946652126448136550799452985519040000,7
gramps,2005,12,165046,102751,779,4.,184137,62295,1.511276899647592015615699695297183798642503437705032856323077327604318920180071292240808886356024206354240785920000,3
swfdec,2011,12,0,0,0,0,131966,0,1.0000000,9
xfree86,2008,12,41190,7395,90,2.,2517239,33795,1.013608118402598695180351326421272946879235925749826457095268058986852976522482542441883434792034847204528057034016428500000000,14
freeorion,2009,12,79257,40335,602,2.5,98414,38922,1.682482903668038355702201939578934824751806158136156655569720995409033425083982425378242867998960035866193431956092272989937923200000000,6
python-markdown,2013,12,1586,1205,80,4,16281,177,1.01102872453344238178282469995821946,7
modx,2006,12,283533,237685,1269,3.,123428,36608,1.4216539968484073711686438635106550479433617603596548621623880130730215606707907208984047963045421385743921241910854395252844571412800000,1
gnome-do,2010,12,4772,11825,99,2.,81901,-8640,0.8949544072982487812898767835479313693613031610788677057223013675768349851042483809846361979839263539200000,3
sharpsvn,2011,12,11901,7171,305,1.,73402,4730,1.0688781453882109588028378374331319726186708395647248170697667080054860733953333619591137128154329816693632000000,4
mongrel,2007,12,16006,14335,222,2.5,14635,1671,1.129064648176539771346541673408302097432005958936461026299047342112331843700229334144566471030676002658135450104000000,1
Fink,2005,12,86811,51556,1647,11.5,277746,35255,1.14538683910285982736895475127725845199641802771046626163076601841671187524048075365218018719851781868429016821191725671433937654958088252800,4
freshmeat_apachejakartaregexp,2012,12,0,0,0,0.,4194,0,1.000000000000,12
binutils,2004,12,263500,156851,2232,22.5,1493804,106649,1.07688326106842731898343710492552196717660098267104444908079883555054306102918877435703464293001701692216672287699146215725269777272830175610400,5
ubercart,2012,12,8792,5220,1020,6.,119910,3507,1.03012808948320770707375411998248847505385382072643059284974647415704641395773913357528756727484374603539964614150872417285008317820663325091316480,5
gnokii,2006,12,14046,8707,416,3.,168342,5339,1.0327539983902069653786065945698700349102305783279065242923540326288619029253195887680790551466307259070475877367628294631087501071088906353429200896000,7
cheetah,2013,12,0,0,0,0,12674,0,1.000,12
cruisecontrol,2007,12,41646,28442,286,3.,134126,13204,1.10919435668805620990989254798274180307582669733480151741730269300823878346534282112700112805780974484821699186383446025649047621384035971366400,4
exherbo,2010,12,195912,176016,7871,34.,89792,12119,1.15602590346023422134855314930189109494157789281394898067321500254710030598600089538755460024915818261691751964906420060541725447675896320,3
olv,2010,12,5040,1441,61,1.,8239,3599,1.775646551775520847173688147729064933952590445262479445916193117185040048800000,0
gtksharp,2004,12,202790,147463,986,6.5,343888,55327,1.19173415672654541081677099258516011638332555908230044227084745038930449249617544774315140206460005116466431709618482357578145969768960000,3
libcaca,2003,12,20607,18771,333,0.,6622,1836,1.38361888842738723083310363388835313159075480976500000000000,0
pligg,2009,12,126294,124922,1102,2.,135606,1372,1.010588625744893492517461465901476452659304821242862939673782404001755205718635821682384921597095481959356977192750126154333656414946668000,3
outlet,2007,12,0,0,0,0,81,0,1.000,0
fuse,2006,12,11928,7363,334,3.,24125,4565,1.2345476031431987515391413557434544032160584724838425745961062907024132434329487898281522001614068510534076094971475449764322702773153792000,5
ktorrent,2007,12,45415,32775,225,5.5,49805,12640,1.3401049374166044199115529763287747622569576,0
EveHQ,2012,12,21360,158949,196,1.,320719,-125745,0.60822709090806753018188231772590099191411586789286788478993169169983897023958494852467083694082512264250,4
pentaho,2009,12,3331,1071,33,0.5,181711,2260,1.0125941777006560200350702630515721972776259862720000000000,3
xbmc,2008,12,7442221,5047661,5082,18.,5187052,2394560,1.8574993232363995341556523267853699548270150893705143248648401030900711501561114683805759605332668673693451206352575211484031571443712,5
zend_framework,2013,12,183087,45179,3540,39.,2382299,51400,1.022051577526924203010710,5
icu4c,1999,12,39810,21032,410,4.5,142193,18778,1.15215330389015571785886538393693034674863600,0
rspec,2009,12,127,126,14,1.5,100,1,1.01123595503330932016171379245044800,0
qtractor,2006,12,33226,16658,738,1.,30905,16568,2.155611355204217902719082156990316174954125995657699392957188533501991408988340788728562506610068396588282080121465682920008835614330,1
geotools,2002,12,165323,52987,1758,6.5,115615,112336,35.25922536588407037337025254770755970662385293532979315778344096149511780495122094488671742949704382848000,0
gmpc,2010,12,11902,8989,217,1.,37038,2806,1.08197008646492704539753043920635778238201355551836373215135212072358671326608718321495339490059415142694281164188772428800000,6
enblend,2013,12,0,0,0,0,94410,0,1.000,9
passwordsafe,2008,12,62967,50880,544,2.5,94304,12087,1.151085611395415864110437525573943197271130868096231355782123194231407297665976733913645896761531826482071121286701794374080761504330117120,7
freenas,2012,12,520794,744699,2114,4.,470542,-223905,0.4189236182689302273703363312572045125151459817545213257622909610028627580974236181840886325444586010944047916287140885908090590003200000,2
mojo,2004,12,6197,1666,147,4,8741,4531,2.0762470309381013002673203157736125631342794434201543359474775384917031648200,0
bacula,2013,12,801,278,35,2,354511,523,1.00147745121289591320740000,11
petals,2011,12,3743702,3164415,4567,13.,1721685,729236,3.6302091229559544190626658282594366373999772163602150542281293931390258996766315170712102833120542471816002182776046101197280000,6
openshot-video-editor,2010,12,142585,138188,310,1.,50503,11552,1.50193352185017508285557958155748129120763337516454549301204498226815311876893059889409102661663999997696024090510950400,2
upx,2006,12,617966,522933,1304,3.,96196,68631,3.681841272397489420546763969294499491607782790107803318267441477436305563844930652229104652839138132891451047208809144799318638592000,6
R-project_,1997,12,11566,7502,211,5,86801,4064,1.0491194991382725729585063965479524,0
lxde,2009,12,254874,217504,1532,10.,185259,35127,1.23397410277907098923872018193575423932910122351465731737944851248859146702119614783474881997428305868297703887873595323910294246146578440000,3
libogg,2013,12,38,18,2,0,43660,20,1.000458295142100,13
akeeba,2009,12,145768,83802,486,1.,158089,61966,1.64465320465156395364980847620372398956674195377093794413219699604096901598907470527716919139934976269207549354964285719781780411904000,1
coverage,2009,12,32394,17164,633,1,16356,14155,7.43116765182373206532683784165672114663784692050683775012075552816548197404563584312032094666752,0
Dancer_cpan,2009,12,11073,4142,182,3,4649,3705,4.92478813564504840364266801854545430258983790880760448,0
zc-buildout,2008,12,430,133,65,1.5,3274,297,1.099764863954509742027105583928448325699302758494429145753918432970711727497109461752532277069172581831168000,2
jelix,2011,12,20702,10152,780,3.5,95845,6768,1.075979209004406245728123027398135431837722460728633285509851878093787688644852970278307994616160433110850053977243333691390323571863754999595008,5
exist,2013,12,72884,34656,315,9,1036606,38224,1.03828594666067022648730431583093344848,10
nginx,2005,12,47710,26628,124,1.,58203,21082,1.56792651060966295303486533874782883605556460834775284338730278423240362640749987598916209552997881093713475330416769738460922842400000,3
openscada,2005,12,150399,118229,219,1.,108668,32170,1.420533870092639242661503047771666658115041952002401084620494721425314273475870153166963429965824000,2
gtk,1999,12,127193,111069,667,10.,211751,16124,1.096215584010690418322562123114981415836510854437886041104373099452045432393044816243997695603871853962242470291854858732111478747200,2
tine20,2007,12,3395873,3098806,893,3,558156,297067,2.173621207278560867449629480225159482015727514590957600,0
yaws,2009,12,18068,18459,345,3.,46095,-2239,0.9454221919009327392975956381723044076699683277115596725269888063152668233923561448142342264126642370443603442010099410391325085288347729920,7
biojava,2007,12,8918,2991,268,2.5,179594,5927,1.03412853334083162015045138005606362591365393907280028479306936652461870282658065822589070922735280915020601917983593111510671651948477154554967398400,7
pygame,2004,12,14805,7053,222,1.,103302,7752,1.08113029827389874659049645523057850851861638844443636651296369785645274596606049969376000000000000,4
heimdal,1994,12,1,1,1,0.,429,0,1.000000000000,2
quodlibet,2010,12,8158,3762,274,3.,32055,4312,1.155426594098595840983132342327478893709704912344596429481586916906948968902041189012757369034818788807091961140571628669638052970176000000,6
gqview,2001,12,0,0,0,0.,11111,0,1.000000000000,1
maven1,2007,12,1834,5245,86,0.,32813,-3411,0.902598515135407968786526702911596267434087077296488658534400000000,5
simpletest,2006,12,10566,12142,307,2.,49954,-1576,0.96941587425554899960591326349756033359759775256564745782834680640482964385109542407965731481039436547283305744000000000,3
yui,2008,12,706866,427842,4214,7.5,181325,171512,18.4780393354935694885653980670357687825719644553093939626837803547714388049325485664847254035111238299589343248460799560908800,1
xmpp4r,2011,12,2,2,1,0.,47780,0,1.000000000000,5
pld-linux,2013,12,25860,134,66,4,2884116,25704,1.0089924055730806001657839356959401036680,14
glib,2009,12,34577,14746,645,12.5,237945,19804,1.090785317754912178094360547968106301563473545205765142533457074551640309641192883437421844862117808883131350376423418264296573921810154720000000,11
translate-toolkit,2009,12,7932,15256,846,4.5,41802,-7324,0.82254742807096062263647323481184952777929151386179566559920319576850916972961907576595674420950494134610979160179672091498643891746242560,3
openarena,2011,12,0,0,0,0.,181628,0,1.0000,5
sqlalchemy-migrate,2010,12,8064,7504,85,1.,10472,534,1.053733145500156832404302934933633039812111178930750901814116526547991636974250325651442156746149965030508275200000,2
kaffeine,2010,12,17750,135160,255,1.,296268,-117410,0.597861380200054557207856923448192642148767133591654367417395856382161151347209105632977149534245298899109764792081621509258324514249694630445600000000,3
gzip,2005,12,0,0,0,0.,18671,0,1.000000000000,12
abiword,2003,12,172151,190874,2729,14.5,460047,-18723,0.957039406336068283297371297609950996561632840542050744589314518803924256208846993981565660795651821599279109956056647992650969600000000,5
grails,2007,12,252236,351507,5699,6.,417896,-99271,0.7303019435654041608186199181880915963991344565490559564339295525836173005134224871209064169886691777159158986438245775637621447520000,2
clojure,2008,12,33904,23932,719,1.,32248,9972,1.44765667084302100702268834118625177550122056329929190681416838957038250542064939390007865974310843147333668806804660174003120898048000,2
auctex,1992,12,1836,923,55,1.,1621,913,2.2895480226995850426107146861221321245451121503724854101003984645250000000000,1
gnome-boxes,2011,12,9083,4459,335,4,5454,4624,6.571084337276022643031665160364,0
okular,2003,12,12509,6042,196,5.,49702,4500,1.099553117131710617323020590052480907121877044891948433586093860431074981109039914731908198786147750077094400000,1
moodle,2012,12,1944028,1764576,14418,46.,703138,41534,1.064032634521701786900596989368051974164489888404527332653815810278835035036570313550472874441985509726319366686207038228915006103224320000,11
scalacheck,2007,12,3843,2939,76,1,1086,904,5.967032968120273926980674599354418247835039314126640835929192960,0
argouml,2004,12,127305,121428,1723,6.,275506,5877,1.021979624809432755515650158396001288576163599177041058340149058302629989400592357499120349014301652604678914934678121929102120399415932160000,6
emacs,1995,12,125129,39113,3461,11.,369929,86016,1.30296604951094057692075569886186394331015496157636630062419339131511319581980613998926030951118825495619801801673259399983033752359602200,10
jvcl,2002,12,995926,225150,844,5,833853,770776,13.219604610705810869793730320507591628571550067345409108221859302461309473835765081600,0
sysresccd,2003,12,13372,3993,282,2,10936,9379,7.02376364834409846501334853014328661338341173019200,0
bzflag,2000,12,911,389,40,1,50615,522,1.010420617650885684078481459334965179503782866509375289532272000000,0
CruiseControlRuby,2012,12,20,12,4,0.,19351,4,1.000206750400600000000000,5
mplayer,2003,12,328769,220130,2819,22.,384340,108639,1.397208836397604239669174258742161502703318534008340122739184029703536273725267256358397810443381557691799446808738495013742843290805600,2
cocos2d-iphone,2012,12,62529,36848,390,1.,153191,7794,1.05360495746153314957920000000000,4
libtorrent,2010,12,3559,1297,55,1.,25013,2262,1.09942420113220480813006447364733262793838377740065679811405273838674874000000,6
tcltk,2011,12,31512,28972,1141,7.,1234486,1148,1.000930897107254781174457362468980279803105158924159655109530678288400659075317719462658814662455043990070949579158370156510290330260408805902000,13
vim-ruby,2007,12,643,438,75,1.,2198,205,1.10286001004235676075444076181364822541227339857835484869988037704435363950183993857285720180000000,4
cyrus-imap,2000,12,316995,193760,5175,3.,616275,123235,1.249949294186856375220785356370132323184810840489443974074442387027819329091418001387822762193793005231073355806785517142009882632896320000,7
geeqie,2007,12,5358,2992,45,1.,70123,2366,1.034918901373365389549975775110527226828853871287213426230563621011838173080116794759600000,7
qcad,2007,12,0,0,0,0.,131333,0,1.000000000000,7
totem,2007,12,46402,35073,782,5.5,54870,11329,1.30069540289933945413918914012562737147635001107484141773551573507263510163257850587689480001810188752175445595564040105748290027520,5
avogadro,2011,12,72734,7040,285,3.,140387,30734,1.28028416913998778752895751480751739944375711923591949404250564009784916618511885518158917837501784532269764159622916800000,5
free-download-manager,2008,12,39628,105104,18,0.,295485,-65476,0.778411763700000000000,1
MvcContrib,2009,12,440173,175746,552,4.5,735943,106051,1.16836378295210455967441395380629275692906677476,0
perlcritic,2011,12,2093,1708,65,1.5,43943,385,1.0088387896600867816175433060770682903922685675203551838558882857170652744419035574918271586672744318301210408225280000,2
xiphos,2007,12,13440,16061,370,2.,67683,-2621,0.962719048696618777753132661993621429198303001208493548371369509494664919435963763197778329600000,7
commons-logging,2007,12,11199,955,149,0.5,19718,10244,2.081275068594199388566935662505216699918280853066903636534870037738720000000,5
passwordsafe,2013,12,0,0,0,0,306048,0,1.000,12
cxf,2010,12,69643,33018,1204,8.,560549,36625,1.0699051770849830024674934450445438365181240023654014206052757698674194928892222065332326538966321443604426083499305511366935890060816581836800,5
gnome-shell,2012,12,30323,31219,1859,20.5,80783,-896,0.988700849950582336737092189350428085274929212052327650099629788846717493723150886704374185767781905008140696252452686942486904997468816000000,4
maxima,2000,12,12905,866,24,1,134126,12039,1.098610007618460110164703441620121850688957392708632155824000,0
postgis,2008,12,60542,53125,654,3.5,137156,7417,1.05716862315697347536877374860711954629442774367256746192116086704756139326745073020972449487657560140357480022578551205691279606677379481600000,7
pardus-linux,2007,12,301372,259662,11321,23.5,232138,41710,1.2868204260423184549199692233932444021906868175517983656666474509230311095698534955589965912083122035733392402548167503501100384000000,2
re2c,2009,12,1982,1938,10,0.,248063,44,1.000177405763300000000000,5
j-wings,2010,12,452,298,33,1.,690833,154,1.0002229706054786860576564924281781749565680988873997854527452597645637049725195875190089723727033353735194976749350178913534201472000,10
umbrello,2012,12,21309,18079,448,2.,204742,3230,1.0160511250704307810450897183352175569600735167163450521019742326578068535713671157075012536606020910496106016177759700088432737946941076772215049350272,9
richfaces,2009,12,353069,270237,3539,15.,661109,72142,1.12248903589128611969184768344123171461048806505943609395224591775494328408016039084009462655813859610496715757454475657090403093646443520000,2
aptitude,2009,12,77831,26261,1224,2.,119863,37378,1.453149057343605385572016023721986965418394558914925122571992645282436957511960589856853740217492280584811469189810101730080000,10
tinyxml,2011,12,71,27,4,0.,5013,44,1.00885490038200000000000,10
mpd,2007,12,5061,2921,246,3.,27996,2140,1.0827852998115313613240533149364564652809886580956224188302390646764096873529175868456253127152669964548828456535357967490205468378344003448012800,3
weka,2013,12,6892,4508,94,2,534146,2384,1.0044832086540042605423660526244152111,5
virtuawin,2009,12,3011,969,25,0.,4703,2042,1.7673806840093226453180000000000,9
pygame,2003,12,21171,8790,291,1.,96243,12381,1.14886556292427601090428272982617652774683793906595180776840996761960162185532333028593459526814121849420732680233464000,3
tomboy,2013,12,256,142,10,1,44246,114,1.00258315961200,9
firestats,2006,12,3275,1398,211,1.5,14540,1877,1.1482271183779702124664,0
anjuta,2012,12,101738,96211,508,6.5,380144,5527,1.015118317860820768483985516107047581841334201048634325844636276739509061235137801454051502546981075959236872997526836024983300371279999710409735000,11
dbus,2005,12,52872,29786,517,4.,101858,23086,1.293073681008644071016231745771733643344755055773292586361434853581425958400491309113593993118924219572591949927006036296493398622337194800,3
hippositetoolkit,2008,12,60484,45690,500,6.,23169,14794,2.766447761103944491567858475336461016387033,0
spring,2008,12,1310127,888536,9375,17.5,698387,420327,2.5116413724104074494597565410495039394484297224372165639042675075215340760195337313437612973384626761295355268389244673682014142464000,4
buzztard,2005,12,46614,9494,644,2.,67240,37120,2.2324037183510662459141120802079872858984658515503009089544965559288096842824242798707414691475808947293335910948611217383337993700217600,3
awesome,2012,12,5052,3587,269,4.,20666,1465,1.07629810947023101768606723178672600924810509103205196537278388047513634957109430366419797524782400831932845329206144701408459339192593297600000,5
github,2008,12,321,337,3,0,3442,-16,0.9953730480050000,0
fvwm,2003,12,26557,16348,328,4.,168879,10209,1.06468843858392902505254808017139879803217446252024967256835056189607745741333822425377650813936193713548153271892374148339536302955938350464000,5
firebird,2001,12,1814417,290527,650,6.,2443184,1523890,2.7516782377140321570561942692836178291571536115095693421038484767119089744499587666207863078559868122706809480242917215317496853820282800865280000,1
HAProxy,2006,12,32222,24820,426,1.,20568,7186,1.5369899864586340061684840829044767519269715262460807959852168171369142886043709495757940050655153856059313408000,0
qemu,2004,12,77902,21945,642,1.,107122,55957,2.0936577739325233091672802897592263955208855239059560915127381178699931534853391510718058047946705599109033844702155052633218240000,1
xine,2003,12,883108,348465,7351,16.,1323267,534643,1.677944115296810820912647579818180522254709825241375136743543791520544889399854446288034028250969012082945425776807851987961116650672640,2
arquillian,2006,12,0,0,0,0.,2,0,1.000000000000,5
rosegarden,2007,12,20626,18310,177,2.5,219548,2316,1.01066141268319061547027859193655942639290835101347514516406951418936699382784413788420099600606080000,6
pywikipediabot,2003,12,10233,5757,703,1.5,5316,4476,6.32857142788133317091088924965747340003766018820546729927040,0
specflow,2009,12,27589,12555,88,2.,26424,11804,1.807387140927090241372,0
jgroups,2012,12,28592,14626,621,3.,115045,12126,1.1178208105407213045354411208206049180078521497941042528959770414562209033840250078567861351973563076591969503837722256842516683951910211840,9
ratpoison,2000,12,3650,2123,65,1.5,2760,1527,2.23844282234874792355961133535865492353868640,0
mapserver,2002,12,28659,15901,613,5.5,55042,12758,1.3017216914072763932143387747593959569773814088635235378908064773128526059424234427591722968767881675982980952399014270546957361140500480,2
grep,2013,12,5,5,9,0,9272,0,1.000,15
ant,2011,12,52309,88023,193,2.5,255206,-35714,0.86003182341534815230371245748712036458745055118966364282271918441692900667792296186983764350444678240921322996920009383880334879657042726400,11
PPI-perl,2008,12,3094,1437,68,1.5,9794,1657,1.2036377043060476760651659616527955105714877085820770556959490780173390374584379197770352275798150297842501228249374720000,2
bluefish,2002,12,52374,26274,460,1,74804,26100,1.5358902759240644504151209373428553506256520363791376918048825072790926833600,0
jack,2012,12,3783,3953,140,0.,126049,-170,0.998652526117262964598775760000000000,11
hazelcast,2011,12,124534,76502,1322,7.,184549,48032,1.3518389651208030091674860135697955826042826451394608471596809144338912333069226954833363564460435768046332208819025149149329430850000,2
grafx2,2011,12,13700,9234,164,2.,61046,4466,1.078932484980908483291738134173639123923525172665776765932605527396714214468562760178018035988089468920121211770871388088839373676673158184960,4
fusionforge,2005,12,85308,41611,1718,6.,172564,43697,1.33908603448889893761624404450896906152984363453094211578341767426290339071341921035433034101942603532501939370559497868131980088934400,4
grok,2011,12,3755,11035,270,2.,20948,-7280,0.7404727104111076767657965781361247885851167114771058706455844136413959923351541221131961801270765885966412603141434309288747457920000,5
wesnoth,2013,12,5095,3587,348,9,319490,1508,1.0047424068030140726287664026226908264,10
selenium-ide,2010,12,0,0,0,0.,11771,0,1.000000000000,4
datanucleus,2010,12,181383,181961,2632,2.,574219,-578,0.998977340484563420783259808385764702919305704293032290109924869186644641994721802722035281871724638009792440602796206225222066519130781706240,2
liquibase,2010,12,22422,17808,639,3.,65123,4614,1.076718433038794755507170722897559208226247867644480799284908473053956768469487667687091749824303697447882785412568091189008450371230843671040,3
comix,2012,12,0,0,0,0.,5880,0,1.000000000000,6
moinmoin,2008,12,379584,320031,1509,5.,112343,24536,1.282500316652903974971016992943342887134778803364511841957774803096417767597588106348974032184887962537136707090389712014526200590065895761920,3
wxmaxima,2011,12,769,333,83,1.,25952,445,1.017446191242834886117623101291215567713670384621250649824785551824754921696028554701484482101141427340318515200000,6
openssl,2013,12,0,0,0,0,423088,0,1.000,14
flowplayer,2011,12,0,0,0,0.,95304,0,1.000000000000,5
pisg,2013,12,0,0,0,0,12143,0,1.000,12
amavisd-new,2009,12,0,0,0,0.,7745,0,1.000000000000,8
amule,2011,12,12209,10248,239,1.,205097,1961,1.00967783327037786875680572156995419008208529734004466445161382264774077339837538211160625083146759260228848075011571774982769252141107763906510254080000,3
WebKit,2012,12,1901919,1160785,35953,166.5,4563721,741134,1.19388283379355132298882708620551067963848134927919658565936886959094471220508483324913220896853235060145338498843001815486858235904000,11
jvcl,2009,12,27842,91318,496,4.,2093280,-63476,0.96973310719129476285251060191127414101265612629131496411450861930166526381223896711932023663732234331497640652293330888255250320672255204065808936309760,7
DownThemAll,2008,12,16391,15377,394,1.,20628,1014,1.0525879058253691927711837058207625372962589567022612396216394930667281762945866604871625270812971482379184354550006045939215595857222433200,2
go,1991,12,0,0,0,0.,7,0,1.000000000000,19
owa,2011,12,28250,27176,439,1.,63494,1074,1.01817074410036026458078379609175750573936514878803600484541708913478871541431286200992193643736414950410430213100054625780169600000,5
php-fpm,2010,12,0,0,0,0.,94080,0,1.000000000000,1
sdl,2007,12,335072,186981,2197,4.,1723494,137513,1.0869485218548389171833295879423284627480919554579255887382654925735964447479753672100303510473749722073903021118558340306348000000,8
openfrag,2007,12,169185,39781,393,4,144631,129404,9.4983253437622776518341718364,0
ant,2009,12,23150,10440,607,4.,259014,12710,1.0516028972345208263487353415439080066470824356703250956744993044446585447775756326446628079914659947602081829951435492076833929711824245825072000,9
vlc,2013,12,11495,9750,563,24,614305,1745,1.00284870053563965584531353405322884944,14
netsurf,2008,12,49670,17912,738,5.5,102914,31758,1.446315138584193024879914126665839618915252620875524275173914143568503078992482153991784209479237232652339698440488679446623186395000000,6
commons-collections,2012,12,166388,156686,444,1.5,161425,9702,1.0639454795865775823841369081997444798255782428979270548178288315185421656334308551737038663361120000000,11
commons-digester,2008,12,2160,2102,180,1.,34446,58,1.00169660094790414704404549298378591946523466327379200000000,7
shorewall,2005,12,202024,499660,1851,3.,2743720,-297636,0.9011929770466384091115195532004123023093507575868423638374493386781680993496061463781899677452412805179404676536262076322657641469189859123200000000,3
geany,2012,12,60180,61701,512,6.5,143179,-818,0.99431932610251948256409931449602608971524177026829547134923109441365301611789136337186805110870174719597980141860540912125210900297062427891424000,7
tapestry,2009,12,98522,68335,907,4.5,652513,30187,1.04850673119810112615837487793410371052696722491702698018196819543538619047212988624890205638728085838752713505985444120783428096000000,3
netsnmp,1999,12,77045,56431,1227,3.5,82164,20614,1.33491470353688765064136395783596423199578645024111507756294935446071355333383711781033648432230317926182328301074160039714131437604000,5
mongodb,2008,12,58844,986935,806,3.,505218,-461667,0.07473404464605403831661414457182106899810134228288148546154301322531358374210602741785803940715958045668026330932860274704411344821256103078133760000,1
simple-invoices,2011,12,6398,6721,134,2.,263875,-323,0.9987691252375846234790903568276512275999699785386580520456627048075552447041597197883842038327702070443760864160000000,5
fluxbox,2009,12,893,817,89,1.5,66778,43,1.0006450354773163987146476885069606854439891900177135558854131063816216440249531087504051793880503114355406199662649716351262948657856795324416000,7
pentaho-reporting,2007,12,151545,8548,167,1.,172488,142997,5.848835237924743063984009251670051331808612320029245868959605946075633348341760000000,5
synfig,2009,12,1346435,12366844,403,2.,6440735,-5508143,0.1439822410828857543316447997886988452345139363542801466209452761183778632896433474945713512306389507752857262719957647684994180875911168000,4
m4,2002,12,578,628,28,0.,103870,-50,0.99951819303114102611175001026522611840000000000,2
mod_wsgi,2012,12,2847,100,57,1.,15094,1150,1.0824727481375933125397876974530343932766446578491029475244791105854026160000000,5
sphinx,2011,12,13757,9619,466,4.5,32577,619,1.01963334179849115942068685490457435846154741988714884641329093710922050392039280595233223253607604582039255008189362640000,4
Macfusion,2013,12,0,0,0,0,8499,0,1.000,6
psycopg,2009,12,2960,872,152,1.,28140,1858,1.070694772087125628200464386218599453922407067369222518017961391880494179362660473800929786314240000,5
gzip,2000,12,128,7,6,0.,6156,121,1.020049710025350542200551674145483502423256941014000000000,7
merb,2010,12,2057,5848,137,2.,178972,-3890,0.9782522404691861673390165954025035894827084794188755410771411047911749645268382322396632891743986611331331416195440000000,2
suricata-engine,2010,12,178282,67352,1309,8.5,207525,110572,2.14047012462981868246784309809970724308132386571031435949409186643271462839836499893563596387923573944378774312658600389430254387200,2
guile,1998,12,17566,10986,506,2.,64387,6580,1.1138270451651763379812728286353394633676458077840709217784475332310813846894651909496819702611765073547212422821279670819537279707943595409408000,2
silverstripe,2010,12,49893,28805,6751,12.5,113729,8791,1.0841324528661679299618693968593028308667592422100362051636574372858351475695169555792544057884321334183169013740421210136502149255155200,3
aptitude,2008,12,76972,36897,1208,2.5,82485,9449,1.129374555023463671642638175557104496981531841103464566997064827445823068567555819606242691840000000,9
hugin,2004,12,93437,71406,550,1.,66535,22031,1.4950341541521002858694714771022795043268782602169249011502945959309462216463710520791300057100382528465445363200,1
vim,2010,12,60878,44436,1035,2.,1704116,16328,1.0096742007889551230660247515839730406773560076381646365438461218470040613618997799615710105278149498380464738313069347534820236251484336896000,10
dvdrtools,2013,12,0,0,0,0,95824,0,1.000,11
gwt-platform,2012,12,64582,64733,301,0.,47585,-7654,0.83747053699984586618046638593131754629123426452525890003200000000,2
offlineimap,2009,12,3243,4361,34,1.,5693,107,1.02427404717560286262956850486149170487956378109731269763727095997748696682503634580000000,7
nifty-gui,2010,12,198883,103705,1142,2.,219529,78748,1.5593652552132803869255294811490342993974740354481518741782764974348809055165008799538698744559997562656910997719699149848523121812480000,2
tika,2012,12,15176,5142,330,4.,56957,10034,1.213839694827664372629241900649463078189767515852306856542503869969665403833637883116538258938233936998496093222521208946893461997289472000,5
webadmin,2007,12,26728,10655,684,2.,367563,16073,1.04572818572491556192529868220760814711066672139062605120211859192730920781555347194886025192000,0
fltk,2013,12,1385,545,70,3,1031887,840,1.000814705828197929081051136355970524835,15
putty,2007,12,3637,1175,144,2.,87509,2462,1.02894869895166276922108118309595305165234304470376194501120384647915422194028497824333458981444459382810632442313603366893116576287882956964228020160000,8
ampache,2006,12,36405,26352,1111,3.,62041,10053,1.1933715472786349998589998256838036426607768424479739977064082756825549011375549838603671598991834112270368836750032668196779449884160000000,1
koha,2000,12,35777,5225,471,1.,36040,30552,6.56705539260610663597606631702128491928440775122711812837274432964017754644716917636687246741562570352940411212779609436591840000,1
python-babel,2010,12,66,44,15,0.,6592,22,1.00334855403309852152598960000000000,3
poppler,2007,12,29037,11042,359,3.,113786,17871,1.18632122191417960226717600041774715856440400828237019516971545407986598933520114956764659507354068097497729362780872778967894082031575040000,2
guile,2013,12,6934,2496,144,4,197671,2803,1.014384095905003782441897788187369444,17
openwebmail,2007,12,1424,5070,36,0.,144571,-3646,0.97476938833273234706613446604326707455061770013720800000000,6
pacman,2010,12,44132,27235,414,5.5,44364,8853,1.249303032868303161106194323226075737832740007819890348896843642149867853237245782537247750666316502574706386505226408576752680960000,5
shrinkwrap,2009,12,13708,9777,147,2.,8176,3931,1.9260306244478197432104235454722943589120,0
openwebmail,2006,12,92958,82016,20,0.,144507,10942,1.08192265937839193097910182018118762439483827200311809414387500000000,5
mrtg,2011,12,301,220,41,1.,35959,81,1.0022576509285220326702227552142901980300132362262163915678317520509538650754584504647348071331874882381209600000,5
konversation,2005,12,76251,81570,949,7.,40938,-5319,0.863898057909156847219552528602586772844085400982935204698416465765783445475106146270100121406678948131581290200159323300358850209516800000,3
jgroups,2008,12,79108,80190,2508,4.,95215,-541,0.9943344259562113615104440009393740297693266059621976710746026590609040765258897297677215797024792292907561754487334165683711509519837256890201984,5
json-lib,2009,12,899,413,23,0.,34174,486,1.014426502023161312970620000000000,3
joomla,2009,12,862736,879241,6360,13.,1003607,-16505,0.983128362436575611898311538185283355310163261416109439121695614909630346767514620801884058722889848496927681108252077832960215288487705600000,4
jekyll,2010,12,4576,1968,143,3.,3244,1310,1.67735263709676840011066834744422487009129729551843160858580435163521203891750967353715846452958138624000,2
okular,2007,12,30510,25275,1045,8.5,59092,5253,1.106351102390341079260807476748438862022179446895469623896854378599164396775424807346341576138095203854208119384268939983460613469222142341120,5
opendj,2009,12,281840,162596,1101,13.,918056,119244,1.14927667586969637750655471084868979648955218002630634595927940779547409278797618915109256288543817358022093790712307859005405298306560000,3
ccl,2011,12,75819,40701,496,3.5,388410,35118,1.0999245970173143799313840539592669336563492828327323205684754989406638221929536348732264142660118808675945060020754351103871694553100482749024000,8
tar,1991,12,0,0,0,0.,29,0,1.000000000000,1
gpodder,2011,12,9619,15049,393,1.5,21169,-5430,0.7434201200312131832745680868809578223430415449448199034464227057359190173812174480215753190932051648015728787924095683589965785361381015040,6
cpants,2010,12,44,8,4,0.,14113,36,1.00255736307500000000000,3
lives,2008,12,29978,25718,320,1.,90628,4260,1.0538865346934377072524698793133606777860834039382095263330276891370478637853777527129804472001023806774495216393302037574082786642127967360000,4
greenshot,2012,12,82009,66231,769,2.,71456,15778,1.3132855468254058364736029653815577006001691918029687956660417667613355366127053997437906515136325023595093000988728020272012185088000,2
nasm,2008,12,11869,11434,513,3.,52210,13,1.000257716632550185026376472219863564010940507720944521618661471585024506226393938286956570648202069314684051958745865371255169888748531376537600,6
mule,2009,12,147648,83139,3049,7.,1046082,64509,1.065720022860215716385478037608907838596266231558519469498341966262877047791445026902978670030959600528675338722356213696145679461740509593600000,4
sv1,2013,12,0,0,0,0.,163369,0,1.00,7
unrealircd,2005,12,79602,46488,460,5.5,37438,0,1.000000000000,5
perl-ldap,2013,12,972,642,14,0,14815,234,1.0160482820100,13
fdo,2012,12,7748,4473,147,4.,1551814,3275,1.00211489668651854299689361399905493143690438556089261868499883486717590324081393185750806191220007478562201805813292966771587799227169312027455287176321672192000,6
libdmtx,2005,12,0,0,0,0,2872,0,1.0,0
sqlite-ruby,2005,12,1011,35,4,0.,6473,976,1.177551391700000000000,1
shindig,2012,12,18987,12043,388,4.,209873,6944,1.03421886472435284637665922856435563735522660136141068483085777115626190015452920201739455799561338165765925998119345200340015362006486042676000000,4
iptables,2002,12,4464,1081,142,3.,21999,3383,1.18172539751619209960979803201103433923741325731313513199378484420192896218357082891869109803462859459039655518382454425560678400000,2
dunit,2011,12,430,127,7,0.,74525,303,1.00408234755200000000000,11
mpc,2012,12,4877,2443,13,0.5,31923,2434,1.08253925192613006104978984354592818080927396527725693898285000000000,10
nant,2010,12,15219,12849,139,1.,82516,2370,1.02957103286510583312156580077414753073672881371544649419025215437423275749414339967472598008935760558933081352000,9
mypaint,2006,12,1553,926,68,0.,4177,627,1.18577777776251313460314311208316639090834209911413606400000000,2
requirejs,2011,12,301617,359590,818,1.,101826,-30159,0.677843530982360888576113628654217262402282075620970059261081193973671539303956990389825270842576410479184750978044950929847091200,2
etckeeper,2010,12,174,84,46,1.,1071,85,1.08620689655303844856983599239425447243332524555429116607977199127224804012184597261239766400000,3
config,2013,12,24,18,6,2,3041,6,1.00197693574919947836825280,21
dreamwidth,2009,12,95249,67248,1379,3.,168649,51,1.00030249469155679411208623664826156573570148917652520125000000000,1
opengrok,2013,12,1789,1870,55,3,47036,24,1.0005122294788064136280413228947245344,7
fdo,2006,12,408298,126105,1091,9,804024,282193,1.540774695245441251467655060753570141652553330026763038313330654552943018552914,0
freeplane,2010,12,429954,269562,2833,5.,252356,90236,1.556600049445727762666542025763356108207499197964124124827314379983354408814949962042883140686636831883309843795039554723276665856000,1
axis-java,2010,12,0,0,0,0.,187781,0,1.000000000000,9
powerdns,2005,12,28752,5586,238,1.,57020,23166,1.68429136880355787415784610689641920591031868959979830577607233719108936850950100552562508425652802408448986293469131788769945255314714450944000,3
gitg,2011,12,6454,4297,172,1.,29617,2176,1.0793002915446532306402258710639026055735062317267822704402845199279298717795260192000000000,3
kvm,2013,12,6490733,4190201,9853,620,11869821,175800,1.015033323443823657292813541988595200,8
wxperl,2013,12,21,6,5,1,57484,15,1.0002610102837902652182824870,12
truecrypt,2011,12,0,0,0,0,108817,0,1.0,0
connectbot,2010,12,12506,31403,255,1.,104984,-19020,0.80923150990256181531256042089696207344948013649789470882578038967638249130294931048553204200000732791884390760068910256000,9
dpkg,2011,12,12889,7851,769,4.,54001,4983,1.1016565343391563315134644799045643011758317767076431279251723346761398242059075532187099716436673706148525129009470466432577328379549280000,15
cglib,2005,12,509,172,31,1.,13840,337,1.02495926529360585185005700627633164899788361984607234493754964211281274394570738086021881974576752640000,3
epiphany,2005,12,35850,30809,894,4.,85087,5041,1.0661965542964524458708454330970236424412584589119933370091725824276269896542987068233858407945330953484567970303917907909324905332326400,2
mapserver,2001,12,30355,17960,598,4.,42284,12395,1.4147010605606900973917784435180234910120123737374737047098918470645396387218277315545309567207876523286742826548212641026629847697920,1
varnish,2008,12,27113,11867,951,3.,37895,15246,1.6731423020985525155794666089115641852300251124737674248731710191887566518217934137260371563267632519524640408112776351293468726832000,2
gtkmm,2006,12,26076,14821,274,3.,163717,11255,1.0738216736109702865958015377786529398136684055235300050849970018989305257328827095396610676591894283533518588532164838834464468309528532632320,3
GraphicsMagick,2013,12,38659,25651,113,2,570446,12991,1.02330412319837280587011493747527296,15
boost,2008,12,7727756,801765,6736,42.5,9929536,6925991,3.30593881580042360464345188981091155650785305416451353291344329249473304510736569972189284993499972695982966359870956025223290910720000,6
opengrok,2011,12,10427,5529,171,2.,44424,4898,1.1239184334369148789991007356575031182335477010658137270160479566679869141627982283390997935906368798780470491431380480000000,5
n2cms,2010,12,233470,277065,1739,1.5,413838,-44017,0.8874671479340555912214617957176379461318683601996402830988087425800501728593018455865066205116485424165050844711442467119757082874358306816,4
mozilla,2004,12,459047,474144,8869,51.5,2466299,-15097,0.9935213015593717094668490525359816901043751872735274678338293962930515516775578791239559271687598573284556955084023303653239268938690376499200,6
scintilla,2012,12,9125,1300,417,2.5,306226,7703,1.02580370691774755188478871074386114466781495114900565265275247834071439377795152968925330628280888824050346061359852596756050169460915200000,12
mozilla-addons,2011,12,211756,118096,6516,15.,368708,78805,1.2729224748588070932444459979417571110549587390473135248918149412415371084142429009901699737540868246429799404392180215227635651051520,7
eventmachine,2013,12,159,49,24,2,14508,109,1.00756997013698578473156300,5
commons-lang,2010,12,56417,50203,333,4.5,53864,6214,1.13040923399795545278303030610369393677933605958132759142890442963795427392336452431464462198243348325002899311638183783161923277272972695500000,3
hg-git,2010,12,1232,566,152,2.,5298,614,1.13108454312201145966685579415839945017348039534489349585584599893969842378232327544124133430476982360521083677300000000,1
coverage,2013,12,9579,9571,34,1,23128,-10,0.99956781052838309161829580,4
avahi,2007,12,9658,3895,232,1.5,58584,5763,1.109104333497293872077376993182176064947731932518773486987457335424642208962257401713938851970035825537293282458559362870905233971200,2
dpkg,2005,12,45025,22052,50,0.,68338,22973,1.50640361516089643449604812330485000000000,9
zxing,2010,12,118173,42214,622,4.,140077,75959,2.18467513019964255384514793941808273832230036268414967407063305025045906735535384286590016910004502050450378420323246661029852610560000,3
checkstyle,2004,12,99993,65814,957,4.,174962,32367,1.226985518439246432014850270452767849882850547139001268821829644800737068491865377561645278246282006699714677263088374579200000,3
cdrdao,2013,12,0,0,0,0,91723,0,1.000,13
ffdshow,2008,12,294602,298150,797,4.,1305336,-3548,0.9972281878005999979929647085021883974174531425149482400344767897635317790652428088598048119851031755014098484874827613522681174666145952564019200,6
pushbuttonengine,2012,12,0,0,0,0.,36677,0,1.000000000000,3
haiku,2012,12,730615,2472716,3463,22.,6979484,-1584684,0.7814121329839336465157595574688606462879899983925777351476840713374461218544437992596961732165801316814443270981501057896245946515756694886400,10
cpan,2013,12,284,45,12,0,21261,239,1.0113690419600,10
pyunit,2010,12,0,0,0,0.,1589,0,1.000000000000,10
amarok,2003,12,7882,4930,331,8,6486,2952,1.835314091610548716618120182590,0
sed,2006,12,3937,17210,73,1.,37060,-13273,0.63900674501277436976157391690619556736263072064339463667037792258884122524063600387375790520362400000,2
ecore,2003,12,4538,662,103,6,22405,3876,1.20918560095658394309064483534890,0
monoxna,2006,12,7267,4746,79,5,166397,2521,1.01538358271,0
gqview,2012,12,0,0,0,0.,67757,0,1.000000000000,12
simple-linkedin,2013,12,0,0,0,0,20467,0,1.000,3
nethack,1994,12,0,0,0,0.,133730,0,1.000000000000,9
pugs,2007,12,2015767,1430841,4510,20.,987071,584926,2.4545151623438220647166534872231407067194401439047287978302946872228586915950196837880815042065040900725208937424038203037199564800,2
reportlab,2001,12,155726,76238,1826,5.,113070,79488,3.366982311616516694206161478659541660123078671486000986071981816448264433588087419869749734121572981896064144104920053924345659200,1
blazeblogger,2011,12,616,468,41,0.5,3423,148,1.04519083969560005411646058536538769282005127348873953188450000000,2
Nexus,2012,12,2844178,3119970,3509,7.5,511216,-73068,0.8562332755673524123749546378672213773386107402881630776701477214103247182133664091396706942411817767137279889721879542885496423243790991360,4
dspam,2004,12,8651,4722,216,1.,27189,3929,1.168916594990706164106,0
eclipse-wtp,2007,12,4915225,1829539,6386,26.,5607739,3085686,2.22348182215287763997530552956934454608695616546978219933130552805669355956454521016007505438225252548810889383692818351456312527974000000,4
xfardic,2013,12,0,0,0,0,16084,0,1.000,6
nsis,2007,12,1220806,19997,848,3.,3900387,1200809,1.444813596793470185301758909103227435175463377786659273400243973868187079033778694730022843809596069248660688996284800631421568159059480,5
prado,2006,12,384996,216036,1876,3.,240455,168960,3.569343065760120506614377548836395307254655931116515775921844475568270114780071340851812440486380381065203078003046448111390000000,1
xchat,2006,12,10644,4667,287,2.,57841,5977,1.11524371433321632858181172459145937076729452714593174795030754178531951407576585776623469930850533543002293316528554939112308501730865200000000,4
jpos,2007,12,3192,52407,187,2.,93586,-49215,0.471590543077202724899459740994629527246497665588373388023984078295151216227281024772474833787352476208238086609267499763287273025118882863513600,9
chiliproject,2012,12,17938,16871,229,2.5,92697,889,1.01014747510999069133329825209798665553686873830313900221903834230383439169433959400358483381960186976896000000,6
inetmessage,2009,12,3910,244498,14,0.,11137,-240588,0.044242725200000000000,1
OpenX,2010,12,12592,7859,397,2.,1615070,4733,1.00293913999269910658176632188449477818213696314486233001546646159675353501240124055134156853916755263124896253899880165958733730260920372937765763891200,3
funbird,2012,12,0,0,0,0,8089,0,1.00000,4
richfaces,2007,12,1220525,904270,4887,17,361105,316255,8.051393532925611810963957658602758828240431027721393387756648459347387968916643133974246400,0
mrtg,2006,12,1217,10566,108,1,51798,-9349,0.81898270956784202438519219707066201287904181846129639172020499020553137512892146106444905906189703952220998956041296405761088000,0
mapguide,2006,12,143260,89703,894,8.,373250,53557,1.2020797723140340626180298638966667374829293465781020308021610465356272147655431760606983289416614565736973310080,0
aros,2013,12,125475,359535,697,8,6878131,-234060,0.965896096598858489122846510640774448,17
warmux,2008,12,87370,63169,991,6.5,100406,24201,1.3175775867315286208311120602031893413851368882148815295520125332317743690519353482125083767242938708365858420955965030400,3
melody,2010,12,313624,237825,776,4.5,332066,49279,1.1742619002937919517454098548093835021286404422508268313202572531525119591504711838035730104038436567483457785579505851541197943941962728641382400,2
cairo,2012,12,22793,13916,604,7.,250523,8877,1.036735555315201050393669361566323123132126923210272354719493517730057655437642728219822090368776084928255668749436800489551548673780645845463859200,10
MozillaCalendar,2001,12,5857,5825,36,0.,56117,32,1.002463623066000000000,3
apache-james,2012,12,238296,169708,536,2,3490603,68588,1.0200431617085360938919571805497659026473655780601884066195295753888041291639260022965898746412309646379174295072131256591722977801872311402322680000,13
tint2,2009,12,10266,5444,245,1.5,7549,4822,2.76824349105990876993781919289474949560017578363776997688474722456419548005885589835552986347302557195268481632890459821561650240000,1
gthumb,2006,12,22717,20232,290,2.,107964,2485,1.0235591918777184028237064246202314525829279608268784211557549055226196680042640154279150929175794952421684688860438539421166056007786918502400,4
netbeans,2000,12,48186,25069,1167,15.,67269,23117,1.523577640893569801510500078963210756047363076629273619657424901174134401119370887550966120430902784018925843939870554590312432926720,1
ratpoison,2001,12,7692,3636,265,2.,6816,4056,2.46956521729350697052148064393374149070493511686369769633500716110211113421449476322362610045132698064354544000,1
portupgrade,2013,12,18,9,6,1,9222,9,1.000976880495000,7
jogl,2010,12,447436,392809,1812,3.,267524,47100,1.21367909118709470703130214424767328285315126987907265212835884454621452092750194738528074487809588432548747744944000,7
autohotkey,2009,12,3345,2418,14,0.,60586,927,1.015538309391845970714035703564331445288298900720000000000,6
autohotkey,2008,12,72,16,3,0.,59659,56,1.000939550022600000000000,5
ant,2012,12,48405,5652,181,2.,262197,42753,1.19482419203578479423112713378566326181305567197264997997145944109892657135662093985986396185800899966484188597784283224776257165405520000,12
clementine-player,2011,12,81169,53179,1641,5.,100149,24572,1.3564207075759454383700139369523467434698555210471074849496669678907703601206339468186446419324538517012519955186590129475764696672000,1
dokeos,2008,12,1583029,1227448,13574,10.,2339991,355581,1.182775425571296664457631207875751803925552895364981763624150320105161922274812193840592780102909189870915728739081900111203355147728000,4
i18n-zh,2009,12,482701,535291,213,1.,818533,-52590,0.933988801070944409786328333667615782133975392236871979383830714034665391654883978831674787213400787382262814669328513920000000,3
tracks,2011,12,206881,842635,589,4.,261277,-235212,0.099022075142317487546163024440265853679069544337529285981769403276214288494214453446974645417618280709364281754341413652939011125170956516320000,6
gnome-shell,2009,12,57075,25216,1085,8.,42719,31229,3.71792863340802215164872682906601771083068382115580972522730877378618993838073750857635640852090450787395603881377785248755200000,1
freepascal,2010,12,15501,7608,525,5.,219984,7893,1.0372151576401569199341877890243760574190698601132588295756397097363186894968059016543258257737076318788054033845425882319463251229484048986192480000,5
plexus,2007,12,65497,30428,1692,8.,215375,35069,1.19449713266138786218509471485939357151965365318604291648251372191809932335567409000986464393783032945620870749606003707972202222572120473600,4
cdash,2011,12,129165,6592,481,2.,227870,122573,2.165652281406807580188313335118484627827122496072232204799017314307922092480087190534227504044218311399804917626212949339609267591900420086169600,4
diffutils,2002,12,2022,1143,135,1.,11832,879,1.08025931335954716887468343104111151513604666791186040793472316372984509709120927012403640175132238080632648673035442656000000,10
ocaml,1999,12,29717,17356,401,2.5,114653,12361,1.12084033942443743937177080412501329421803632804995683752632310588110643938070343758190633456724545083009868522748804042454004246877120000,4
ossim,2001,12,112530,35701,1537,5.,126643,76829,2.54231742067368018410585925760047810293468574640146732308804196580087639563469886712402971289349270866900000,0
qtractor,2012,12,62599,13097,373,1.,149897,49502,1.4930723641565084603662026390779309527943098304869036696904389377821036459703012551485521173298695185301647019016192000,7
monoxna,2010,12,20746,3092,49,1.,91896,17654,1.23778993024493972072895608529228518515354730654608613217488000183124417096819510081589489607700480000,4
ledger,2007,12,312338,300448,922,0.,41216,16,1.000388349514600000000000,4
ekiga,2012,12,11942,12707,504,3.,86547,-765,0.9912351054093776083254114712533566605649108999891143453697551798542857232272142762811153003155751285210629774137967112555727326463923338971888640000,11
turbogears2,2007,12,1274,1890,65,2.,1375,-616,0.578659370718213778709959481916190673806117531980798000,0
tor,2006,12,130271,70497,2639,6.,110419,59774,2.180254714171338575435938568217840343623821938844491789897490489790818213918568895576115872688504871226699104696290991141133522652736,4
eggdrop,2004,12,31779,17984,391,2.5,202736,13795,1.0730122101689333298305883009811141891999691804246712967191130928061423125713264009900540742934627094773701619845802600000000,5
planeshift,2005,12,157053,107026,2521,12.,229135,50027,1.2876453981263059582124650922708785526370427129444820615983519880465692844828033681772073804560700534161142921665160873399177099345920,4
vegas,2013,12,3485,81,19,1,2232646,3404,1.001526976434588967934402160,7
acegisecurity,2010,12,30528,109409,519,2.,76707,-78881,0.49301359999877448700461635491993059008134413895866685981423864331783754256313439938622116543693591395096181463048708046199670001324800000,6
saxon,2008,12,152222,447,186,1.,609646,151775,1.33147982733001708243768586470957037405890351865128465075098300193010691111986150474567446504162281147366248099041759507255610758425756654034171031828992380000,5
ncdu,2010,12,647,461,23,0.,1979,186,1.10402684564111003218425483756155895942131250000000000,3
SHR,2010,12,47142,24440,935,7.,95835,20147,1.2661848642167330730106100149390837931395460184717614972399674519954834737352084890171824970679190501305542840400324888044360977072318296560,2
gnupg,2007,12,23542,24067,232,2.,156434,-525,0.9965189831504319486746525063658157246286135645621115056114218647133720956322233699425289050580346609684340062224533074166341466941014240000000,10
coldbox,2008,12,642208,427569,1151,2.,557403,214639,1.6262005344506880215477870680798611960622097974309312996921554576592846568447941061732713112574771559418172984295318096900351694382366720,2
cs,2006,12,1902022,2064963,2616,14.,1575193,-162941,0.8797275692057194951847988767725381104808247676805245666228434483972510041836199292177481269284451059072616483330348615942994855936000,7
varnish,2010,12,30567,16074,905,4.,56249,14146,1.33598555920736332363277596729990653165615826511322068636332574690075765131462203859850368918330378362417613264181902400255581964597760,4
swinglabs,2006,12,14284,7185,193,2.,10680,7099,2.982407148953606276677945860881055656418863815112148865252465154927853833032090072800000,1
axis2,2006,12,820187,651133,4387,16.,329694,169054,2.0523779880308996368177365219112568022555727531539646054338636766032983984656225667881336277739165409186665285442264076242208209920,2
fltk,2006,12,75805,49362,1160,3.5,823509,26443,1.0331906614749160055758636797408927827676203123065762723991049934544940477422627644996567248796894384543620521849993643325413326268479646398577868800,8
bzr-gtk,2009,12,2427,1767,101,2.5,10943,309,1.0290577393223716535148313568876914362071591368054120066517561444786259751121397880710048540735061630766782425600000000,4
erlang,2013,12,104038,70119,1109,21,2381656,18504,1.00783021997720569023622484813145316000,4
gtg,2012,12,39375,331577,789,5.,216569,-146675,0.3226268270664013271517016009177068442254330700343599968188629971130971775804166256955830589275627263118708339893415936000000,4
dolibarr,2009,12,141473,163634,4484,2.,362433,-22161,0.9358397920056193553416493755239330286314652639533685760820944374154740825154380744304680449636970077806792070946310125298805840660636042240000,7
xfree86,2013,12,0,0,0,0,2517239,0,1.000,19
firestarter,2005,12,0,0,0,0.,11472,0,1.000000000000,5
Tulip,2005,12,164418,115504,617,2.,173504,48914,1.39422294217354575773137474267562044382174557007439450099853901969038592937881419491447798011040,0
uClibc,2013,12,1867,1083,62,4,342830,784,1.002292223398343032910743362771156177600,13
wxwidgets,2010,12,105978,81521,2254,10.,1680997,24457,1.014763905490062254516673486101671638325829524129804825447901882973630813219590441056486488019159184900685510439389337960553185181100232090128875520,12
eclipse,2009,12,900245,763978,7545,34.,2384714,55177,1.0236858225967183767453835785699737530760238875694508404836080444198393825819069834490381221080230860539568364740160032224764448332636160000,8
xtext,2008,12,451830,301911,1652,6,121942,86049,3.39737553287836271949553232659009678456439620529553645354376919285993472,0
aria2,2009,12,45156,39047,1022,1.,133589,6109,1.04952654278626643228523935158838520633515982834355308427507049230387740929176736541977887520286706211193461388600903894702453322390320000000,3
unrealircd,2010,12,9742,7346,276,3.,37438,0,1.000000000000,10
maven1,2013,12,0,0,0,0,31552,0,1.000,11
imager-perl,2003,12,566,335,10,0.,33053,231,1.00703796234250900175750186604133663632000000000,2
ireport,2006,12,106713,47446,323,2.,167287,59267,1.548666913522653025741709118738852314496816852461691847480421009509222574441933596099215317097538249087500756404662124808566375329920000,3
gobject-introspection,2005,12,1621,1603,8,0,10264,18,1.00175970280621260243883500000,0
gthumb,2012,12,28258,25049,450,1.5,165163,2370,1.01488198024841380877754634300680304190126780610732168921802906058768392407021167119387983717789552969690890349412192532444378763945092138926080000,10
stendhal,2007,12,380891,256891,5383,10.5,202406,124000,2.58151161890221329181367889145006038759535899299475305851763615828151452150818588476287942574741107814475376690150221062914250000,3
vegas,2009,12,3084641,2354270,1132,2.,1600718,730371,1.8391721922749368126663642511891587529598999359104040804620336894426053934168286067275400125306348534051419689178807803584875506665472000000,3
fontmatrix,2010,12,13276,7173,193,0.5,122502,6103,1.05243172192392197210965261436060118920905823013327925172800000000,3
perl-ldap,2007,12,59,33,17,0.5,11025,26,1.00236385125878142556381347715090793453782368582964000000000,7
pyside,2009,12,161200,3524,206,5.,212612,157676,3.87017620432216265312014504601463953148055896,0
pmwiki,2011,12,396,307,81,1.,6712,89,1.0134380190245379810459185520213518638785971178662321443513326328777770107586478114044488244063944236387666344960000,7
GraphicsMagick,2002,12,336200,239149,4836,4.,355732,97051,1.37517637551934612497544698741553614067797374705796313176236644353841205024514508893205205453750376968309842364288796757069331458790400000,4
distcc,2009,12,1535,137,34,1.,36985,1398,1.0392840082038882049271925180156073003293404306169841812101194418225726435328000000,1
geomajas,2012,12,216006,155728,1860,5.,406559,60278,1.17432824425316435524769066277304457370573421771278360190674700090537028823114136786203500620201114071111404664360827781899232473325367476000,5
kate,2007,12,270879,153247,1131,19.,723,-5,0.99292786421215876206022460367546249657927888270728297885372542923512327826163461037802851532578814234250000,2
xinc-continuous-integration-for-php,2009,12,0,0,0,0.,23758,0,1.000000000000,2
aolserver,2000,12,45293,20452,582,3,188821,24841,1.15148798633817202340470355575325220741169887519159707079564185050696400,0
hibernate-validator,2010,12,25455,16053,374,2.,29034,7952,1.37719381464476700712898041299742769153932410258387764189099644695607099194689559058620287627366416511391257396520152574542619826343116800,3
pyjamas,2009,12,192743,129734,2277,3.,89761,63009,3.35530053837643069025788066861235666864901271348448836690465694890493621709679090678114949700469521122665487065992276403450275840,1
lm-sensors,2011,12,1066,549,77,2.,12982,517,1.04147613317583048104950958298929195014200082126526574647405080768928692186315920769631394731717324860416000000000,13
xmms2-scrobbler,2007,12,138,123,14,0.,467,15,1.03318584071421170636100000000000,2
SHR,2012,12,2753,2434,178,2.,108451,130,1.00120013663047501567841907736833860877562112890716434818094826972470456085637329210836500000296830595778840820797371842986483028669778991729271492178045448800,4
xz-utils,2008,12,19289,18704,274,1.,22439,585,1.0283608862281200176532547808249951468948853933222442855931111154670041406928855878661510698935303726203798042130892628836666818560,0
panda3d,2006,12,123727,90676,1835,12.,486370,33051,1.0729089228535795968693102835672297477434617428894018764568144813333745090822508980220871962014912866987347252670490063326326970897610444160000,6
tkabber,2010,12,4298,4286,67,1.,49090,12,1.00024450874069693252095698854542727387892409963853209879375878247880819963641683601871424000000,8
groovy,2011,12,65797,34510,1303,5.,213255,17885,1.09154424938657431763550763085498239557818534294690905099535280165093082229480410177392925055631290459248697809283742920864757184277762616000,8
WordPressMU,2006,12,112566,94157,845,1.,61009,18409,1.4321361502557918774137217563566112238231055390981805423142973255386375182657167275588934750652703570603335603149604436587243749951560960,1
fillets,2006,12,4628,258,77,1.,100095,4370,1.045651606163170449031248349945923500421936651662664000000000,2
shell-fm,2007,12,8119,3610,125,1.5,3874,979,1.338169257347222505547534302349020724907630995983148827083450152823649336140343256606759083326903377920000,1
xcb,2009,12,10250,2790,202,3.5,59843,7409,1.1413014456291967652598558174075075025278981903897851750228324556624640581109657109942563221486791021301534459209400843214052959212693372088338184704,8
avogadro,2012,12,16452,4337,168,3.,146394,6007,1.042788862213697205878718865714874088672266078918822052914193996848999662256829745404581170330336000000,6
jmeter,2000,12,219,61,35,1.,309,158,2.04635761604531699767727703008466124531424095048728607428195840000000,2
naev,2010,12,311017,128760,3025,4.5,118493,38217,1.4760700582673143757987826937269392456604179129610613824204611042111488547993072917415825817754963130925551003511936512271360000,3
cake-syrup,2008,12,855,553,18,0.,5000,302,1.0655951346801424268751344000000000,1
struts2,2009,12,103649,57509,351,3.,256265,46140,1.21958358123136264127923090736554608288293721406010165338491496380307505312028540405472451558195488772065403175410451506850090737740800,3
gmpc,2011,12,24055,18806,620,1.5,45719,5503,1.148577136987909078877231418165904605965219516388395473687536331576870672697203124450648699099827754716005663445604844970156181773478112000,7
umbrello,2005,12,23090,22129,316,2.,76832,961,1.0131797298292646503552897971600001979407814314764331798128786254700814513772081624895618999660212039014146523645788511936602182246400000,2
openssl,2003,12,13992,3939,511,4.,231069,10053,1.045485394720106739237110709429224568678499760161627382106967051041510814875293465359790613412869609821601198567346858111986262120907157824322600000,4
commons-cli,2004,12,12200,765,70,1.,16284,11435,3.358218189796524710258670623140057953364465134553129715696573671391140587618956054257390144365303421560000000,2
nano,2005,12,15247,13814,927,1.,15821,1433,1.0999651203435008886380249541700980025854680278011005839232640331404856397926844474236990869885550410378146869361007360000,5
couchdb-python,2012,12,71,37,13,0.,3445,34,1.0099677513929377728594400000000000,5
zk,2012,12,106604,25645,1378,15,778298,51110,1.07028443812791895406707368343885792691629105843451986941000,6
windowmaker,2007,12,399,141,9,0.,112118,258,1.00230645449689592687846500000000000,9
pida,2009,12,103172,32134,1068,3.5,130848,25378,1.241327500943140365545110273085129819968083932398519286155320704117266493877581933374499083259672852439188540027878410065367285867193549762560000,2
dmd,2011,12,162823,63762,3312,10.5,462300,33749,1.07875142048634960291274568609562875648124007826494239541093089412635405264512635325665817035791831777104336817910906955031133324776215530750080,3
abiword,2005,12,122337,56390,1502,10.5,553722,65947,1.13524843161026570984796428211446833197044796823972830988121287608783390934724605586740546284932885841906691630645841739618664889507873280000,7
android,2013,12,965556,389831,2756,67,15551534,265974,1.017417658316708369530459570382691648,5
agavi,2008,12,13877,7214,242,1.,268818,6663,1.02541626137470065403001752776762159149238159868654904403890712281663133382042326460416000000,3
virt-manager,2012,12,27234,23774,159,2.,51726,3460,1.071686073015004846110660795968989540016531125772304175580002833799362706130110868705710602285166448910265816068048134501438976000,6
thegrinder,2006,12,174034,114733,371,1.,120144,58706,1.95553240661047260329259868626253330080446361040953517777427229426781342143606106833972997427526677017711453986816000000,5
sequel-pro,2012,12,60110,53109,673,3.,253598,7001,1.02844616721316748548666370338359340256044803670811088859152647797122858009654840744667457619349843537387148680552283667966555337959570999633120,4
gwt,2012,12,145008,115804,536,12.,763792,29204,1.0409960104501956341518894731465329026791707706430760057256866177784048057018770777079370847782249038134658027342976332061729068776545628160000,5
debian-installer,2002,12,17691,10870,697,5.5,23357,6821,1.412493952561927165207299087165351216255388447014669643396880414807818212842223482370656946527395756212186069970470541162800000,2
moodle_lang,2013,12,0,0,0,0.,1030307,0,1.00,7
tracks,2012,12,44838,62863,348,4.,26337,-9201,0.64407566436646953190796586720251718840481706297567781650601327505762022394825477220285400735499844351525620533083831016892278681824337400000,7
unrealircd,2006,12,90489,45675,663,8.5,37438,0,1.000000000000,6
grisbi,2010,12,452769,441460,770,3.,263202,8473,1.0343531567803991945344752828902287582304707634224709329287548793226667923925121916575325978435040875420818238295708622977385951646505591606784,8
oryx-editor,2011,12,586212,570061,153,1.,25926408,16151,1.0006233438803171978516236858996235201717413649721691163451331405244392713720918406310584899522000000,3
pango,2001,12,19097,12619,291,6.5,53596,6478,1.13748461312708571962600816540376606818726382369480329450486527723160791204481106560716479767365118262719893217182612679706360708269520000000,4
dvdrtools,2007,12,0,0,0,0.,95824,0,1.000000000000,5
com,2013,12,2842,1801,21,1,57727,1024,1.0180653811543444841182890,9
bukkit,2013,12,666,125,43,6,28892,541,1.01908221932175640206374149680792000,2
bos,2005,12,24115,10579,274,2.,69995,13536,1.239749198519381656146018651093904243979287444865009139529517188732342562181917757445109188966565067951965535504113280544800000,1
taskcoach,2012,12,17768,16891,105,2.,233341,877,1.00377262716534175554709389428904421361272087282520811443759234851453222101869442019249354112281857357090678128640000,7
gthumb,2009,12,130204,146226,932,3.,117233,-4877,0.958362147719319483805152505660002284903982469229764206054139792878431400755278788496800000000,7
fura,2012,12,0,0,0,0.,288911,0,1.000000000000,4
ac3filter,2012,12,0,0,0,0.,61406,0,1.000000000000,6
pmd,2005,12,59232,31359,1231,3.,104559,27873,1.36346921210844229220070034030960255647741451359929111914842100485006653847950464693260654316563754163307724225929394865726230769172480,3
cvsnt,2002,12,15114,0,20,0.,146632,15114,1.114919630777337800821646379920342304259894084235767423837500000000,2
h2database,2010,12,44066,32823,1276,3.,146957,11243,1.0828433323064748513271686117129629401000547682250014621187829066740336583128908941886269408448546459015654162417949299228596688000000000,3
npgsql,2003,12,13183,8477,137,1.,11676,4706,1.67517934006903175996858342401454378281097967122729187313025151347002927516422465634493442701162789998661109180352704768000,1
ndoc,2002,12,30069,13766,444,3.,27987,16303,2.3953269428472634843404351652018310916043736653701411374483051115777390621865034500266675850924870369308709413685910406236733534144000,1
mantis,2011,12,7144,6083,639,6.5,184835,1024,1.0055709397154367762235313517314017659738236399702527067645534466955024249987370831351527373577121270445007256017658609537598443207480746294856104763084800,10
workrave,2002,12,21925,6642,253,2,29214,15283,2.09704974514038899904698223990000,0
aegirproject,2012,12,5094,1976,621,3.5,20664,1745,1.09245522941426035922113291074816467161572587892720834140205488779624403210086156503873542590851545334711814440197476697307898368000,4
coq,2001,12,93060,50061,1273,7.,124662,42999,1.52654200795006768877964325703597674041715143488247578373061731147977736599332841016629285635436484481299519672435527058668950556928000,2
ipcop,2001,12,284,343,27,2,11408,-59,0.994854800733,0
gwt-ext,2008,12,59732,1206763,632,2.,1203416,-1147031,0.0466315084401953070782891991100376918876067902798599028478963329720978419224962228443355134052616783631347698595735281223616297740259200,1
ingres,2012,12,2668,2448,23,0.5,3750302,220,1.00005866663538597743844533404140008862828671129666640903199685308238254914461544184320000000,4
zope-cmf,2005,12,31549,27609,409,4.5,43543,3940,1.10053072055775796618935963058788976647882291629251925027717645261182603192234668926083004008021472763872855302803382128041501188915200000,4
PeerGuardian,2011,12,0,0,0,0.,115940,0,1.000000000000,6
telepathy,2011,12,408619,305357,6639,21.5,758995,60117,1.08601930522464600372675849966043552406422000083634486437057896670975080905162951570702621891388133130750919973058225653463626823729152000000,6
drizzle,2008,12,2454668,2003532,4839,15.,434074,-98275,0.7961822673185402296788920504827221934675610193106097452013100920832,0
grub,2003,12,8291,1214,43,0.5,23796,7077,1.423290866660568652304035728866477465164981602119338423489674970488000000,0
request-tracker,1998,12,6435,5172,309,1.,16224,1263,1.08549959382909763662778826115137195698262036139464825347907707476874698604405878505257505680060855559474664633900166847704643200000,0
ilias,2009,12,802556,334485,5172,9.,1376915,468071,1.5150179787967745477553104765529858626621964355709236015076374487467523608800242124376944129206673537031842365555607943628776064205552000,7
smuxi,2009,12,12401,4679,217,1.,45466,4631,1.113407616027429917985769061733680239568121633656308728678443605149149502187289033426158218240000000,4
eclipsescout,2013,12,325354,289950,370,12,474980,28924,1.0648438761016314445636073468811004,3
dssi,2010,12,879,223,22,0.,18306,656,1.037167138807653973771908665195124613766711262412800000000,6
smw,2007,12,28476,21275,1329,3.5,19980,7201,1.62217038181615187399925225739892667964814435950349864367186052500425053811210887792763486727512231888956648215414691500093710745600,1
gnucash,1997,12,2385,1959,116,1,13861,426,1.03170822479,0
netbsd,2013,12,124098,110044,1316,42,16751858,14054,1.00084036955008941437423553192144857970,27
gcc,1995,12,50092,20323,1943,9.,332251,29769,1.098415773498667438370496791920572117374683307061683048778782119004000118156160904483123329886127193830001733050404893812649172768618106502400,7
mapfish,2012,12,0,0,0,0.,154625,0,1.000000000000,5
ejabberd,2011,12,4391,2123,238,3.,92965,2268,1.025006339791074674259066453320075535934486537457423413738869612904175215299127588429290802576728382624006054257244784769733954759365852273618883200000,9
perlbal,2012,12,1051,55,39,0.5,11706,987,1.0920794850292863860604947259609302450355251269650000000000,8
apt,2009,12,15542,48448,492,3.,48720,-7635,0.838399017878931666841392246836064177601065816625933401646270011703355996704899275781720850560000000,6
taglib,2006,12,12807,12205,107,1.,10409,602,1.06138472520312267488066729590073353443407347141013297312054413977730270289734302932579472988731653644810224193534239682080000,2
seashore,2006,12,12546,10420,169,1,25347,2126,1.092806006635312041190781404502646294642070121609071826733100456495472900929267473600,0
spe,2006,12,21129,16193,50,0.,58763,4936,1.09170119084774797340020000000000,1
commons-beanutils,2010,12,34906,36219,47,0.5,35606,-1313,0.963104504448877358383749329977360398371907552924532220173775029926640110000000,3
tmux,2012,12,15017,10606,480,2.,31931,2180,1.0732748479003565659953891848193607364275653625378901023084526584454291750481543633228985972154521152157051291143047640623225709089056939493265408,5
kino,2013,12,0,0,0,0,97307,0,1.000,12
asdf,2008,12,451,291,24,0.5,2078,160,1.0881057268663597318244875603723015118864421777207255247820687069352000000,7
wmii,2008,12,19337,11868,281,1.,22375,5923,1.363798292474170657611774597604112090743993053795967983539139573566349708047537549437893744154596962487852308452413654422302617600,3
parrot,2012,12,126532,107106,1617,9.5,283432,8131,1.0295349453867253795425238618974313031894005030559352259093180459780688707793667309447193141371977738010897805440000,11
Miro,2010,12,197192,164752,2938,4.,138432,22406,1.1931118886991720112076702090517372262108236165118623449281039716298637539946097084870325112237906407070780064724750905506377061620342800,5
openbravo,2012,12,7239023,1864767,5252,22.5,10384527,1419460,1.15833233599940293015437953477159476758926532987172449475400984361396489842295633687706848856321200000,5
buzztard,2007,12,36668,8154,555,2.,106781,28514,1.364317017366212210349983413479195581718633409530917481678918741907984413193345368688474506946111379959423599948742569890185542274128000,5
lilypond,1999,12,532816,497381,6092,2.5,712177,35435,1.0549613324151898056048775949198508329264618355312622569299052237756884280307783338518149187821676189744193484942650842466406643517470700000,3
log4j,2001,12,46616,25082,1314,3.,50878,21534,1.7338467828668646056717391770535738545537161813912119530624996788231256195196734763623243144485509329357493158933441818535144652503040,0
flightgear,2007,12,27273,15892,714,5.,196573,11381,1.061455138448880250199490006197825518497914517980310714745215005679259371212467464798447283121621605638434017318124049817287966146075446005632640,10
geeqie,2003,12,0,0,0,0.,11111,0,1.000000000000,3
widelands,2005,12,18225,11704,180,1.5,57853,6521,1.1270357671658763272995133979450645434006484151351908920114340813595453977978710602727862031105115249616147094313798679648000,3
hibernate,2008,12,502434,392914,448,3.5,1077781,109520,1.1288734399484300972566362795434902428209887991878454163054297890364270445147635943119538276519814548326714040850230355324430637199443387577548800,5
flex,1996,12,58,8,8,0.,5026,50,1.01004823151094915558039800000000000,9
kmeleon,2008,12,7366,2050,203,1.5,70569,5316,1.081467518731109052718327291442375417136138050362724137112112089382462537953921464457806280771326826185572372223534519030292364424704000,7
sane,2009,12,68873,33916,527,8.,479313,33809,1.075889329848320434861247220777265669531315009778101545640842820920902659906131587785441616224686213382319043399251947623943555352023386936683520,15
KumbiaPHP_framework,2006,12,0,0,0,0.,126,0,1.000000000000,4
dcmtk,2008,12,14282,8072,221,2.,293687,6210,1.0216017281386188401410298251251553303520806560973589403307046060338121744312195623586020143866414273048246158061458743261073884709371825485071788033600,13
appfuse,2007,12,50513,32923,883,2.,48935,17590,1.561174030975183961253873429925705536730498216521804630842318401107194528988683557120037761828529913496348964598993565778104320000,3
pitivi,2008,12,11617,8866,246,1.,17776,2751,1.195452930742223054757777041393035444214885504713966722534426410523528286015053607057680384000000,4
jbossaop,2006,12,1523608,33915,481,3.5,1585183,1489693,16.6005131445015484343955877876454171211547867997597694337310223138685033338353532620961745446224509653371085776823598292088142468426785177600,4
gnupg,2006,12,116240,81118,443,3.,150818,23769,1.1870852978527859445390158891896843795086035155956041766749812987838830344128492663051210299238243158852794380243876209715310019734118200532992000,9
rproject,2007,12,92911,73346,2087,8.5,607863,19565,1.0332569548094023579640348180466498835505509085320397991932282439318003012363125033639518274355870898628748664477992531188671503031152383369117400,10
rsync,2008,12,6335,3501,362,1.,44394,2834,1.0681905678461787397129471136332018096416007378095671426076349332736358377137384999069163434705465827817859098861204298260123964041885124286655000,12
joomfish,2003,12,908,532,17,1,2608,376,1.1684587814,0
sonata,2012,12,37987,26421,468,2.,35317,4406,1.142538254980238365176832988485468451976281971884707189776395063903967086458266928000000,6
cdexos,2011,12,0,0,0,0.,307583,0,1.000000000000,11
gnash,2011,12,72736,72413,1585,4.,304362,3448,1.0114584233354357332133539880183975637880393835300500419413572382304925872100043356391147186220676055477937812470953844761695237483667568800,5
fldigi,2008,12,102065,64420,985,1.,81549,37645,1.8574389576557472645413881570349506860887530782434988747546174518256260460041138049413098570225198698305247008978979719442480000,1
cubicweb,2013,12,19048,12192,350,9,576132,3757,1.00656387857576571775411959244274926136,7
gdb,2006,12,182755,150692,1771,27.,1832799,32063,1.0178218074950099241494100802820816993335976237672325685988041697574423243582712177475137360254926455203094446980619066681197323340243055623040000,7
emma,2007,12,0,0,0,0.,38912,0,1.000000000000,3
mason,2004,12,5268,2592,163,2.,34186,2676,1.084925420504028453958722381178680398984457757476249165751529534795942118402243653977907352424690772020270114248966998400000,5
metro,2009,12,192029,53250,860,7.5,642353,138779,1.27558809628334825099240962628908357083531330396745683258026455301269698135620194307008290752939716780043655394081132909461728128230653952000,3
syslinux,2008,12,191402,40091,549,2.5,213467,131355,2.73874195864486785218540321501313071816978108690512515591551415068255617408628918347983079243717105339916919375275136000000,10
vdr,2006,12,6665,3522,95,1.,158201,3143,1.0202698345133585034862969637979830395321743807128045141337341764059924773744964656751493769832736815333176846204618480449665524337200332800000,6
ncmpc,2009,12,9483,8856,514,3.5,13811,625,1.049031144634342545096583395706891263870605432785533333850792130603344868523142607557904318591054008460910690866118675456000000,5
zope,2008,12,24376,55288,946,13.5,312080,-18353,0.94182202032754104366222505348613387403589163769039966645306756424506700866904461043286254699828664003331680131873336070278128859772290035606912000,12
Centreon,2010,12,220812,232559,3298,6.,397540,-11747,0.96766228042218056167241984136698797171796715772469708220800860667060013804809590627395327336886676529880890654186527116260834752583610944000,3
screen,2008,12,1567,9087,109,1.,49073,-7506,0.8463836928450191234806595733548201612062127080592737239147254080950432000000000,2
unrealircd,2001,12,70658,57775,1015,2.,37438,0,1.000000000000,1
TimesheetNextGen,2012,12,1005,1214,14,0.,14902,-209,0.9859750369031061557495220000000000,4
supybot,2011,12,343,182,65,2.,36005,91,1.0025338308182395766995614501656663293887343654876404171267206872997744778276464544684087552000000,8
fltk,1999,12,188101,151697,2234,4.,219312,36404,1.199029020037637671984607535822887459753811565874225329085814429268418090013393390387806425294702189319458004820084463041909559076867577600,1
config,2006,12,110,63,33,1.,2824,47,1.01692473892666099576190334373701652939404737429377296928189940649450928515921285672774799873514691918701812633930943692800000,14
libgcrypt,1998,12,33817,14509,470,2.,40088,19308,1.9291626564611152104374916534219148070692586736318506232870956335465749350731618312971636520296571395654572777678104642791445113077760,1
flac,2010,12,0,0,0,0.,86361,0,1.000000000000,9
scutil,2012,12,1744,828,68,1.,8986,916,1.11350681537441837827874594458800934342604298927563172525237832319982923084744160000000,4
openwebmail,2003,12,121931,45205,33,0.5,111762,76726,3.1899189407884578944430356708753684724452205778806679113387282000000,2
automake,2001,12,19310,21133,1178,3.,28705,-1823,0.9347039649809220205653158071837425326214039331758669177980923729833631683346966131402398487020458613058847634771113591877566135679539200,9
x264,2005,12,28056,18272,374,3.,36659,9784,1.3839723715533855148964108070382960022970339715376690728540922894806496106566572359010340353119717168670715611169252500354457808000000,1
stackless,1995,12,104419,24923,1212,3.5,225284,79496,1.5452849342453637216888615973519638312300212276891721697797901858425784815372027195130853327446851567061997921164862256718586139755827200,5
castleproject,2004,12,312255,111195,588,1.,256644,201060,4.6172279798784692460,0
openmpi,2011,12,288559,203401,1256,14.,700633,85158,1.15047789694975554262498117402511284086816521326491356535733293179678220236744064058737670154299311894032683842959907187078790073198182400,8
asdf,2012,12,0,0,0,0.,2036,0,1.000000000000,11
visualnunit,2009,12,7330,3507,48,1.,5991,3823,2.763376383357350697907071778740000,0
fbc,2012,12,2695506,2034686,1900,2.,1016118,630818,2.6372125617181457729804572369078760286633812646705299101707520521528103054033659061523386298585055906326464382925115034869592814918852551414400,7
IrrlichtEngine,2007,12,473248,46069,588,3.,593143,427179,3.573925670868502808715187537270022529758184123731935686030053524585048532617755818453639040000000,1
emforge,2010,12,651,112,18,0.,86145,539,1.006296655413219281614004710016851863745367497514336551013275896960000000,4
vuze,2005,12,202722,114522,3270,5.,272109,88200,1.481577740353482129118569212580518999357368428271073267104167475463963142638264374997781075878893359682678847778097508082310812057600,2
bpython,2009,12,4704,2939,297,3.,2745,1486,2.180301826921576784436635279975068297986514566966662330016321318139648968060783285633024,0
dbmail,2007,12,90953,87803,223,1.,35125,3145,1.098481290115223738614244163007994071703407889488252029567436061855922468435005431998755273275432505400000000,6
shorewall,2012,12,80787,64870,1180,1.,1007339,12035,1.012091783013208948156410052696556301087278321261635957894110906317292432957843287406860946167533977813494229119734923365610885529498463895441580066800,10
pnotepad,2002,12,63432,21064,588,1,125050,31776,1.34067371400094307004117325297730433922402865265468053958484542873014451768844800,0
lyx,1999,12,43525,31988,240,4,84918,11537,1.157220533926922284867009327966128,0
editra,2008,12,40877,15136,1041,1.,51053,25741,2.0169484828765527893328011799785050970879693419777045636916048577524025472316383608316603343433441301635320430646600635881053532160000,1
apache-james,2002,12,224922,0,18,0.,328276,224922,3.17622927026969423550000000000,3
kmymoney2,2013,12,1986,1813,22,2,384364,173,1.0004502968575264225260103169854100708099660,12
bottle,2010,12,6181,5371,313,2.5,3229,67,1.02222222221564117743843773706619690149404357850062193451722608376220268743397218844491541979892785887242208879873691684574438400000,1
nethack,1995,12,0,0,0,0.,133730,0,1.000000000000,10
glew,2013,12,0,0,0,0,51597,0,1.000,10
e2fsprogs,2006,12,9936,5829,173,2.,98639,4107,1.0434456057254468585870598827585700766782738248314648459396698796445854292994135642632974526852326600161654667243992585551705580852215808000,9
icewm,2008,12,176,41,3,0.,125390,135,1.00107780128500000000000,8
cmake,2002,12,95464,59006,2984,7.5,103276,36458,1.54563141662881538312634247933491413381602989022541171785152094765421366275726846624438616515317721122667718316722609362282447764595200,2
phppgadmin,2005,12,101417,64842,1104,4.,196315,36575,1.22896581946365746002897838948834938064517674298707744831346363121002880003688197109055800909507315539959998372531506995490328845211663203200,4
kmymoney2,2008,12,70027,38976,646,4.,164659,31051,1.2324037483339236649172363784247685173291688412224330888611719323611150375257081939444657757298908294312618157034423297301594206173044998144,7
dotproject,2006,12,74385,39937,2267,5.,366747,34448,1.1036656745958110327764523737563088371385721160284916890408186580116984700268681018857987454054937188620618929151229304150372862628081800551424000,5
freerapid,2010,12,118230,95409,1101,5.,196453,22821,1.222728647961259757197655159138734200372913304977770124104611707234512340935442300780664485430624082953552696155033868463321598771200,2
postgres,2009,12,63053,46311,1363,8.,562337,16742,1.03068576507888635518210903812942473825452250355592293197198844415597006656570824361372926874886440140801922100304018146718490294713103770419200,13
brlcad,2008,12,517893,420867,3174,8.5,983728,97026,1.110051846623963311319271043856313557386907990343958694522567783100085467609742414228563932802152375639363043147953471795963990818941409689600,24
dvdrip,2003,12,4356,573,141,0.,23074,3783,1.1961018090907552517100000000000,2
gnuplot,2006,12,14657,5407,508,4.,138985,9250,1.0713294262815667653796645091797901684012831213266983163716181548822654817497310772733827296816077879014669545209790656013321575541139119104000000,8
chromiumos,2010,12,48056881,24164703,63110,782.5,10508807,1178899,1.126356980160484057664760631631665370228369571700884186818465062283386820572322192446997405113013809249273403427103045997714492545766738106000,10
desmume,2007,12,41321,18167,614,3.,48800,23154,1.90283085075848648615612339743362314640917943143524557749356037350335221804905976250878558067063361756170577033438676574568665066265804800,1
x,2013,12,14150,10637,831,16,2242389,3453,1.00154265143071488695657498084593814224,14
premake,2004,12,6991,5795,74,1.,12593,1196,1.10966440492271601767358361175958490001152089780787740670095176396022127156370212295633268796312296330421379160000000,1
sysresccd,2006,12,31610,21583,38,0.,43811,10027,1.29679730049229882487305565628753850103490560126302281600000000,3
jmeter,1999,12,125,83,25,1.,159,42,1.3853211009029790551119886242593279421811802000000000,1
tycho,2008,12,53405,34866,607,2,28367,18539,2.917761456511350888895469320356650745246843916515766322039537442271285912203780197639740888055040,0
oprofile,2009,12,3076,461,94,1.,41773,2615,1.0667807344626018353656829383999517478280165680957001469025494717170468041375487814039391099993248685085586373024621704070213102126144000,9
xmms2,2005,12,81344,48148,1283,8.5,31105,9833,1.46225084621516121240549225604656819318209620658630694156643417311930086180356530204289422675737751691307002369944913718323200,2
vegastrike,2007,12,452783,415529,523,4.,1435659,37254,1.029060189051848736915309853547276642722900704944747086475287531273747895733611240285167561777865132358787337114939653013901053557160926602411532733644800,6
slitaz,2011,12,56442,51437,1681,6.,102208,4203,1.0428855670529626208080726473896598490201682181128586486708613557147091381408051177427597972888349564625474942939342638043047470202617856,4
iterm,2010,12,0,0,0,0.,38184,0,1.000000000000,8
openstack,2010,12,630768,830042,4337,25,467991,-413059,0.11271429836452168689302119623583122269262742686633468894935855063383956480,0
desmume,2008,12,132429,103474,698,3.5,77755,28955,1.5933401639317324569782057842022162979898438622032792567581623856144874107226307309527139501748601003880283212889600,2
joram,2010,12,281372,266917,660,3.,295886,14455,1.0968068149241566349919328481548949500673382673512692531516806869128062024168601768045238780828816204947950280255076459170884177222781520000,10
evince,2007,12,40887,35515,363,6.5,59610,5372,1.099044950040061478912698833654507208238028034051083990321881142437460568404330202441978342633072083819809647606548425381444771240839164641280,8
kget,2012,12,298,150,15,1.,42981,148,1.003456086682518745574796007843845020325207476424514101216069542531122134552174416746719792000000,5
wireshark,2008,12,369900,186166,3063,14.,1727438,183734,1.119021522261973718398877572920728604213802380796680699219062410203928412401498765887951484813197945362510395844552878870212688281600000000,10
scons,2005,12,25236,13045,223,1.,60484,12191,1.252438241584572255630671505066027261748114414731203884518015433772048154737470096351732339276378985692301488366528063036823182672174944000,4
YaST,2008,12,122643,117531,1929,17.,484346,5107,1.010656478293010647325147795735059381831909351818420475456496770957914872062710066250998443213774716726417867118155600446743978460119040000,8
asm,2006,12,24347,8056,199,2.5,58160,16291,1.3890945568023902062064374202282392042945091977005915733092790859673499796348953451637315975100964379275136870710127796264395843711216000000,4
mkgmap,2011,12,14824,3980,145,2.,49429,10844,1.2810418556598494924544920844273303840921700656971809271731487979077254709275879192916002942062584001505966354927042850685613035248612935680,5
kss,2007,12,29074,14773,374,3.,30073,14301,1.9067334517063233485178668085400937884733154728392323805193919132963418495944431626828053426148832939686660601406917981755211350464000000,2
libglade,2011,12,0,0,0,0.,16265,0,1.000000000000,13
lilith,2012,12,1534,742,88,1.,94574,792,1.0084451174001438685956549982465092282049664013871633160170905780395889647616000000,4
kvirc,2008,12,430414,487740,1910,6.5,305962,-57326,0.811644488252270441305658701088671186133864093767537171613375035003438933849180796139663479851853803777112133633040903717300717281182515200000,1
centerim,2011,12,22,5,4,0.,178935,17,1.000095015593732330693442806840000000000,10
diffutils,1994,12,1980,1444,122,1.,6927,536,1.0838810641691913943553293654358325060661332315101239482918690000000,2
planeshift,2004,12,150950,104124,2934,10.,174757,46826,1.3684388597430892497196346623637990521111948182723220788596712507011649283269357721308791150486878036489442739348739300611412694664000,3
virt-manager,2010,12,20061,10397,406,2.,42937,9664,1.2904457066927352168758678650668901937341701122455647012561359283282782097113814503106714199805344723469463711856458161058319523262361704192000,4
go,1977,12,0,0,0,0.,3,0,1.000000000000,5
bioperl,2013,12,917,35372,60,5,420909,-27813,0.9340425582386136177696807329664000,14
xfree86,2000,12,862951,394136,1753,6.5,1932012,468815,1.322097828617805121812273573581053216864938116806028339613078250970558892239866349914354442855694029629026515784119950956166533297366090000,6
asdf,2001,12,54,13,4,0.,965,41,1.04437229437000,0
django-mptt,2008,12,1843,1082,78,0.5,1060,761,3.545150501453142469506956646257594795379067500000000,0
AndroMDA,2010,12,379206,210990,667,3.,505860,168216,1.49820521026324941739275682381093930909440450206304374883282211588325358703621503258530849139437856933680452311259540909280215590341521920000,7
xchat,2002,12,4414,3925,115,1,68647,489,1.007174506294,0
libglade,2002,12,1588,727,105,1.5,16040,861,1.05672310428416720197456157770309190528361554679417482712177438844582508433828843888000000,4
tidy,2013,12,0,0,0,0,42503,0,1.000,12
Intellij-IDEA,2005,12,838108,675650,7186,16,666345,120285,1.220277991420851109177701791693814822941191848757735104722708127486098588383369085053890134872317630068468214030639811694592,0
ninesixtygridsystem,2011,12,5709,4281,24,0.5,6714,1428,1.2701475595839284729825239202598845349301904053089941694720000000,1
wtl,2004,12,15230,1418,122,2,96560,13812,1.166916420933955050104496523716035573604127927714315690166299613921280,0
bricolage,2005,12,44437,29801,856,3.,117503,9623,1.089210887384200096955180107213015609361038134482749775569265538566649417504310157768320701478834109600752529657048616066581684676480,4
keepassx,2012,12,24442,122862,749,2.,23357,-98420,0.19176822264066817147164732072326097476127027457157496337411209356000386058878271350108191668281593870395120640000,7
jedit,2006,12,66719,32730,949,6.,245739,33989,1.1605147579660360358654509305773403123000966558107674300525071422252804061992990197329680789082452788828864731452133146998359405430310705280000,6
coherence,2007,12,47520,22830,772,2.,43640,24690,2.30290237465757923795825351023827592482413962067455210924618816934743679296208163410167355401975618577531748840625886736046173037527040,1
kmeleon,2010,12,895,209,26,0.,71447,686,1.009694605784929217728412925674360690350933462630400000000,9
seam,2010,12,637334,441964,5493,21.,541461,195370,1.5645047111720042767871414886270622615671761154297066460043644119867432264255175524063985726771271454537146753306164546499356131840000,5
atheme,2006,12,54496,49207,1521,4.,79971,5289,1.07782290104099240704736986398477433523700547472309089997170359451481674715044530266622357802241016716510307417293893601466895904558695920000,1
pysqlite,2004,12,1007,295,30,1.,1658,636,1.62230919770,0
sound-juicer,2005,12,4510,6225,212,3.,9464,-1715,0.818537720857128818202309666166247148899938152552977730792986853720146244419440496770858063039120576930231082201163829905232819200,2
nagiosql,2011,12,0,0,0,0.,31121,0,1.000000000000,3
iftop,2011,12,185,123,21,0.,6169,62,1.0101522842600000000000,9
yii,2010,12,47036,21577,2006,3.,269995,25459,1.104402634364756928617265299338062448936190647762343506347120904442636468118022147997479333775434155776297502536509197395951803925068103294400,2
libdmtx,2007,12,116031,1889,29,0.,118284,114142,28.5572187300000000000,2
ekg2,2012,12,1166,730,54,0.,183085,319,1.00174540122373021313762073153284685231253118870387897400000000,9
tcpdump,2010,12,11787,5949,166,2.5,87563,3501,1.0424286493369931238569331670713474928964161377542739539008273744156379665133869110344830755040755805057302000000,11
ZenTest,2008,12,2892,824,58,1.,5848,2068,1.54708994703759621710297591677967744368438020209883752436276288537003306027788592740668692736112165545650281842920381605917200000000,0
poi,2008,12,144931,95655,654,2.5,268108,49276,1.22517730497455465714124817177753457094284143754774774825194729262988792861121976925071522006582417176673662039827002690466313677886348800,6
pcman,2009,12,15307,4267,209,2.,22651,8797,1.634979067491101219223487127498196537025358616379358400,0
mono,2006,12,1433681,3371977,9664,39.,2544146,374274,1.172486672020298461940698441481299489319036138144322354399725852467488625743982051479790506296686650982296776520813728459500088116082933760,5
dnn,2011,12,745863,534042,655,1.,556013,211821,1.6401514694169320415170980630961566506304368199530958843057834523378598209723844535425691698651497590682230419240998209060473600000,2
oryx-editor,2008,12,5327291,564026,455,2,4793265,4763265,159.7754999799727871714273326240399968031852446953023299813818343258729778144967953144591766472960000,0
pyunit,2012,12,0,0,0,0.,1589,0,1.000000000000,12
atl,2006,12,52946,36179,105,2.,179830,16767,1.1028252883812648191308863296795255855866721980567953366408264148779550069485989134109738794301140064219912036096522967772458631514260147200,2
busybox,2001,12,132935,119902,1300,5.,113311,13033,1.23495583204919974821807464474028523128645794757471416143970425508441697035665552010391861148137468272241684063100381696467532800000,2
flexunit,2011,12,9314,5545,53,0.,147972,3858,1.02677047337913087301762601218889341612402057691400000000,2
mame,2013,12,454830,368623,1531,25,3016650,86207,1.02941773649463418119355841853551964,5
arduino,2008,12,4708,32359,88,1.,40574,-27651,0.59389319706659003726514975061609319247828439283770487321448882492953353399074937631399625884107610416129485098754872150873750274751959323239680,3
libdmtx,2012,12,0,0,0,0.,16290,0,1.000000000000,7
maemo,2013,12,0,0,0,0,1312237,0,1.000,8
scummvm,2006,12,795999,583490,4953,15.5,561854,212509,1.6083069745542852629981889160429950944482348801413355040672807870948937731356423046185322639297451557652027338309275218159823363768320,5
cvsweb,2009,12,0,0,0,0.,3923,0,1.000000000000,9
openmpi,2007,12,141504,108020,2143,17.5,402465,33484,1.09174050511101133935132968556910164848055965989192547921793860268611726034770133011045098593690573948307048364012701427444050708356773376000,4
google-collections,2010,12,0,0,0,0.,131264,0,1.000000000000,3
vlc,2008,12,408302,347013,8235,27.5,524614,59125,1.127016964960029479415801529247806544871687741411593909424079824725699656801775715306109536209558670915033675286973135451476678192527555296000,9
rst2pdf,2008,12,6358,3998,289,0,3038,2360,4.480825958929650331655220911173290933848431739345664000000,0
FlexSDK,2008,12,905690,403097,1672,20.,795414,502593,2.7163830463434788465904398574786552187730193433499420368536041333341504759434560899871146939919938014162115962586009857705483838595136000,0
xchat,2013,12,30,283,2,0,63743,-253,0.99603093673000,11
quantaplus,2010,12,240318,193820,493,2.,173836,36182,1.26348866504914045222951557358135250568127155895789491671145450713596520537309329938799687989995706430026767068807332864000,10
freepascal,2012,12,57517,17690,1166,6.,271112,39827,1.172198802345957079194263522179812912511529210196307630621260552058116381573676301372663417775716396430090145585763418703262354632170610176000,7
jersey,2010,12,74798,43024,787,5.,164006,31774,1.2402897936937398508470624172975163791381701351378248448060365110695311434195754504854620121683623314424311106046158154374750475323965440000,3
MacPorts,2010,12,371226,158255,1503,13.,1592940,212971,1.1543302784381718878940780694086944217466557287070779420181955351254419450907698405034137926960184058761584510367915417459108143824395701593159008256,8
gtk-gnutella,2009,12,46125,22469,1142,2.,297511,23656,1.08638147925636148596623468352446078564095755587642907878280714180915458768054671351708085418579589753273308218580440155514255472000000,9
mdadm,2012,12,8392,6046,291,4.,39112,2346,1.06380895392523583350100111301118308776733720514103169488820563905871938082741431325445358584942479976925220589710104995458247569321955382788096,11
truecrypt,2013,12,0,0,0,0,108817,0,1.000,2
thousand-parsec,2004,12,6810,1238,202,1.,7867,5572,3.427886710422739480620474196711570601975366464792458488095458402189104243609298444736370476724273093744640000,1
dejavu,2005,12,532,94,40,1.,924,438,1.901234567745750238728299600415688249931543292857960382797884728228484298042906287995519911660160000,1
freebsd,2002,12,684288,550268,12770,88.5,2575634,134020,1.0552214151341558988645088097518199283835792357719295964153047783986619067732514536239371664341473203158250761835318399892531193220193760000000,9
mediawiki,2008,12,557586,376492,12845,30.,505687,181094,1.5579109839072954240507807514700939036443452426125913027673050681920139145860245483804667475139493716016401684142550966781003520000000,5
virtualdubmod,2004,12,1614,917,13,0.5,347085,697,1.00201219441786202865713173467577567487786805198523478990889681339505352244761440000000,2
scalacheck,2012,12,434,244,28,1.,2624,184,1.0754098360657297571663907678213186534825022107234969566425201318331003591937331200000000,5
lua,2013,12,0,0,0,0,21067,0,1.000,5
makehuman,2013,12,53793,46797,562,5,98017,6996,1.0768613836341685860856731239227854,5
pmwiki,2009,12,327,173,122,2.,6495,154,1.02428639015991363403501538588744611344696904447295733173439203869672097013515873592000000000,5
yui,2009,12,2532052,1887395,7119,12.,311697,130372,1.718996277447992060093241633478010792151063448701543974832601273688177558499321237374984076165827432407892629186715614739681950800000,2
gtksourceview,2005,12,1923,565,104,2.,25758,1358,1.05565573770505192264710592785294279980653517588774058485001993067624418649561940202522404473175854604341028609800000,3
midgard,2008,12,212901,171632,5873,8.,495609,41269,1.090832856439398341307134459294519999591300401402252888901794053960684898286829869571490948302611111009928945441077822032265865200270983680,2
rabbitvcs,2010,12,25687,16186,578,2.,28182,9501,1.508591617169273451226945274846324602141821198349153546340144263681230450045736327390198673632505866248042496141695912960000,2
kettle,2009,12,197244,116369,848,8.,542459,80875,1.17521187910404589741854596269546414560390810290491322968194645333578173364167568349147998784441862555771165739911031493524394000860160,4
thunar,2009,12,18636,41975,157,2.,104117,-23339,0.76857709466391603974553786916878346598302053902827562895240844734585610103040000000,4
powerdns,2004,12,2008,487,55,1.,33854,1521,1.047041722081188307094679136892718131346598559345432787350611471379607603780844537890216444000000,2
jinja,2008,12,16366,14616,359,2.,10057,1417,1.164004629649009143002834741805937115623984868376532151285043929785104170685511673507548500650771023016738857745977896000000,1
libglade,2013,12,0,0,0,0,16265,0,1.000,15
capistrano,2006,12,3201,2130,94,1.,4227,1071,1.3393536122188993202135118665772332305539562020410104464885933978812587115281519379104322333835271979499673300000015492082688000,1
bittorrent,2009,12,0,0,0,0.,8633,0,1.000000000000,8
tmux,2008,12,12516,7901,271,1.,15670,4615,1.4174581637109103931412053621799127197289148057394136875105650051703786853605774275979160068634832724860349168030720000,1
kontact,2009,12,5253,5316,238,4.,11242,-63,0.994262817626586758023172455340317933765090782665368648395656930561632056148430807646938963158653811182877829622174996789969192907468800000,4
openembedded,2008,12,8009465,3357298,2472,19.5,3092314,2793313,10.3421527009913110864651465170543096321173600944081670367550935212567754581854462512435076369294284565367878301676530914728255168464220000,5
viewvc,2008,12,3014,2135,212,1.,20450,879,1.044913392260005949267378123830247302066063261941835358749509784609349435227813262873725439657915062860314189374099348721698401991190565780480000,8
sane,1994,12,433,349,15,0.,163,84,2.0632911392182296509968564610100000000,0
pam-face-authentication,2008,12,989887,930628,104,0,124477,59259,1.90862951950000,0
blender,2004,12,227502,166837,1783,15.,382170,60665,1.18869068910034035250710089851195115847456480118607422265029326742046074914661843323681920811142956844848880452718210492839206681971200000,2
stumpwm,2006,12,6035,2003,127,1.,5504,4032,3.739130434777232303127848910576636891790436708445872986551990124521544856108769563080237239842302283028480000,3
emacs,2011,12,1104756,741276,7829,44.,1637105,61051,1.038736616896508278459918282740526486782085711360164355354484366858178240258284992642793490706863603119761578614515335413585006974840730661626112000,26
dbunit,2005,12,1829,129,22,0.,32100,1700,1.055921052624000016197829498572919854127747858760700000000,3
ruby,2001,12,27561,13421,611,7.,104090,14140,1.1571984435783949010069208007616784878082545447308772586337342911996323665435846129315855045336090650696692635124035439658402070531621555200,3
phpgedview,2013,12,90,18,3,0,363728,72,1.000197989308600,7
make,1993,12,3270,1183,323,1.,11591,2087,1.2195917508400161431082928645526797215637692440589814858260500440254357541957733599184707838845959649254183163288315481073207498064926720000,4
cvsnt,2004,12,210988,84082,47,0.,319549,126906,1.658762581596049990770063822843308000000000,4
netsurf,2012,12,74088,55243,1199,5.,187983,17821,1.10472961059990542180960627894581981790233137201672395116087874213708454168709237761786886954752889631178059341106212978270408455480036802560000,10
elmah,2012,12,17937,9246,179,1.,44947,8597,1.236506189826915822884384141540533649206289240800780268409216444653264783094260258773238898485787299077474560000,5
squirrelmail,2012,12,1054,812,142,1.,230743,242,1.001049886985301025236946331713136771148838175885701216805561481606998755407892879720740264000000000,13
commons-jexl,2007,12,3603,8026,84,0.5,11557,-4423,0.60480700499990705147483227385568000000000,5
meld,2003,12,22036,11862,493,1.,20126,10174,2.022307073931572214156071100310532491344511309280257020226952141108926240338336402896962872355197033661303344691499614624481280000000,1
scons,2009,12,8744,5164,326,4.,109811,3580,1.03370014402952322455861546943366597072513260356208021189992220340264729806862567778410836575362664947165365696011414727229657986869185212777134080000,8
gimp,2009,12,85708,54202,1770,9.5,711626,19590,1.02830777589523308236588352239377735918762865342669053962869385903406275310093672305783470840436105030959516879791140780157502109040400186593075200,12
wayland,2004,12,0,0,0,0.,7,0,1.000000000000,3
torcs,2001,12,54167,24198,168,1.,107879,29969,1.4069055410565707810121869970883953728220417726654618028522498409400,0
dblinq,2010,12,23243,18112,93,0.,151762,5131,1.0349926004745966987592917113776088262000000000,3
zc-buildout,2007,12,1244,627,81,1.,2977,617,1.26144067802208607566080256313171797255681922864947782683741729437949202529925941322907092074437526863894382577128000,1
scons,2003,12,23240,7691,325,1.,34641,15549,1.814424890116836514930581725282535677876193858988033665523024465516055573164474891739046213602720492818495283292335932063813046520000,2
squid,2005,12,144466,118988,1212,4.,823760,25478,1.03191603968902017572488375570217638116430148314518573211926187314026346789704193291700606502680962867959037571689148808769478521270605875200000,9
virtuemart,2011,12,145817,155603,5153,5.,66861,-9786,0.849742046443371064745067737775216933264657091949243426031568580061396057323182118970353201259729328877367507446574330587236626432000,6
lokalize,2010,12,3107,2293,142,1.5,22994,814,1.036699729485119318262794033657459187140110778299735941560654913866373017253401686501991992091636130791502643200000,2
texniccenter,2012,12,0,0,0,0.,89818,0,1.000000000000,10
gthumb,2002,12,15808,9834,108,3.,68954,5974,1.0948555096850021776632,0
compass,2009,12,13603,5931,338,3.,8158,5355,2.9104530860604817926257922372907962176485361440407291000963951780070557003716028446565328563202691766976380213943200000,1
rome,2010,12,699,1356,31,0.,1133359,-657,0.9994203072460170188909340731479906656766609686321121742500000000,6
satchmo,2010,12,60265,33950,695,4.5,135223,6207,1.048159959032537835368819616968748645290406814091598545521446250898833752513512789320990564635604281380181158439699753026879054356886754198467820257280,3
wesnoth,2005,12,59423,30102,1476,9.,96654,29321,1.4354625517516896340873753586290266953683678081273247156468049239840721194066640183243697746343199634271746694595192995770201612048384000,2
uClibc,2011,12,19708,12865,815,8.,339452,6843,1.02057370666508973181575214001365943226568349795414699434610082346505890593477900380359995617515292132329007214439049447335071269769484202021849906352000,11
suricata-engine,2012,12,57355,26888,1071,5.,294461,30467,1.115407925934564276790290851035945284840455579857671103603888259926401424081125347123284825286409245242709219435416592689150460654920663680000,4
dokuwiki,2013,12,8878,4432,435,12,91309,2945,1.03332805215129127170087110181089145,8
ramaze,2012,12,885,2261,81,2.,15868,-1410,0.908495035340635006601018944848793249182209632683235726893366487606690888795450902808346991534103734933478570430745681900000,6
joomla,2011,12,332992,235579,5681,9.5,1230697,73978,1.06395503142507404683845860506071323274774936584741620601389086694633696496362891720967023718671862399682444067141711413487359710803001527500000,6
xfs,2002,12,60847,54446,1114,5.,101295,6401,1.0682911736770908859486606719807721214570859566042509656944847337926941119307395603376784255033890976333053297643363562022004463531085748480000,9
dejavu,2009,12,7,2,3,0.,1937,5,1.00258799171800000000000,5
richfaces,2011,12,1750375,159844,3979,10.,2748549,1568471,2.329124854382589773975383619358527784174152029928132607462101852462914295049452957081513603572601488052669810850658180325236299264000,4
zope3,2010,12,9449,10252,1003,10.5,223439,-803,0.996362071305685474952037567102244197888457645484135284419348225167462511552428833483121504475550213233372914317454264817260743972897936684351210598400,11
swfmill,2007,12,3840,1722,64,1.,12839,2118,1.1975561981331627433804353060021990447714579974040272020656272555679348960090436025368550546775815888640000000,2
iceweasel,2012,12,8030519,3301640,847,2.,7916616,2363452,1.425604574211661841378809701865959027295968265196369050670349774809217984199638509908839371195750080025412590023042941331073268925070597689835520000,4
libjpeg,2006,12,23885,22421,7,0.,57819,1464,1.02597817408000000000,0
OpenOLAT,2013,12,50423,25225,292,3,545330,11995,1.0224905547141435967860947202979468920,2
ganttproject,2008,12,12797,11949,211,2.,54828,848,1.01681438741027780690789256084684148793603270539757092836142246827174190045720995467471166870656143198889162509654555268609748480,5
stendhal,2013,12,20043,24316,414,5,352710,-4273,0.98778996336787675290349250896998240,9
olv,2013,12,88,26,7,1,30743,62,1.00202079462858101740367463517888984968,3
gegl,2006,12,46181,22786,915,2.,58360,23395,1.6690976690818767653217122854273872105601975282115818586052288238813515730797081131193278205423267453540237312000,6
serendipity,2004,12,89024,30941,2986,6.,78203,58083,3.88682902583000536672420260849167437523724333730803704950716712252253899945738373497129937111603594521085581718106654186937153344,1
rdiff-backup,2011,12,0,0,0,0.,15929,0,1.000000000000,9
gdal,2007,12,196366,142765,2001,9,598028,53601,1.09882354243271738318531377602576516760128926399505614327485205043864538338338372566832244568674974797653447088510296404802597600,0
seqan,2013,12,35840,48861,467,9,343247,-13021,0.96174221166979847299147200572389508,6
udev,2012,12,31037,31863,111,0.,24032,-826,0.96605153918988765914678764904475840000000000,9
rrdtool,2008,12,13829,7145,436,1.,30493,6684,1.28073417612710422227548303065750415541407206974940012377100481054287898744674570431042603712628762593051263794636673008721285513527071211520,7
iat,2010,12,13,16,1,0.,6098,-3,0.999508035421400000000000,1
ramaze,2009,12,35602,58077,722,3.,27483,-6301,0.7720580255236797052542432102323318913535838030291081400004146326281338778298414790313513639932500257992638887755428389881622461490765824000,3
commons-logging,2006,12,5495,2797,270,2.,9474,2698,1.3981700118189271302919200541824306534344317540987961436131472969947827670023272269539926804156972436019420945203200,4
PyICQt,2011,12,0,0,0,0.,24655,0,1.000000000000,7
smartgwt,2009,12,51228,38254,546,2,83407,12974,1.18425051481767043623738611701324494891607898979166841231195651953266383489709429566029509971447712415539816549024015451353600,0
blender,2005,12,212186,136289,2450,16.,458067,75897,1.198594866166138868240621399459008030084040734433362450050934943080780208421499686848939129096674384344849355599209417559618879925555200000,3
libev,2009,12,1023,468,127,1.,5559,555,1.110911270986733363529128664072568275860784389362859994706164030482358122374655514860038567664324123119003428010061856000,2
ocaml,2003,12,24242,23527,604,6.5,217614,715,1.003440626340220110037345370593128487075188084606644042333639360795775585024702794163020212821333467515905081551268962183380094161270116864000000,8
gnome-terminal,2011,12,6506,9870,93,1.,27923,-3364,0.87924907571552100063503994928742718810539452393428632089619695364578384020314964428879227110612560085664646633284243968000,9
binutils,2005,12,423362,223349,2824,27.,1693817,200013,1.133895075921673944401528178638384984257274743603896162588497561502785518171501522851515126567358530342509245295095941909685218737536962692953600,6
arora,2011,12,36,3,12,0.,92785,17,1.0001832528458139138535237500000000000,3
dcmtk,1998,12,29647,11007,301,2.,80118,18640,1.3031978919554718850183634841949815704076515499347425803932925926636803404005693779223682907034289568347825859495196048595282356736000,3
openbravo,2007,12,333949,114061,169,16,2112058,219888,1.1162094315,0
WiiXplorer,2010,12,444910,441358,324,1.,147287,3552,1.081992567115706396010048257617450348818992337237565259264702350095321363621642735926802147067047811278956679205134096000,1
civicrm,2009,12,847351,798887,7927,16.5,860981,48464,1.069010494551531429868937556135158857528637898000549596084714726824467785604433964771126229135403701471891922638148528098230298094080,5
mapserver,2011,12,321380,220081,2513,8.,317507,98872,1.4522240263055470763097745088540531931646460488478300392785435896163458492911091734320375130504509659979462029542107592077699957888000000,11
mercurial,2013,12,7613,3658,403,18,79846,1837,1.023548564911286925654290,8
flex,2008,12,84,86,30,0.,50824,-2,0.99996064851256217871282166439904462252522000000000,21
vim,2002,12,21929,11483,636,1.,282686,10446,1.038370555395703847063461569831270870254259832878788605775567515696951911377123485433041310692115940388347573811107620197253044728607382400000000000,2
nifty-gui,2011,12,263341,108297,1337,2.,320709,101180,1.4608958269611940045324752605724598792798675783846559791413015846461270186664174480187616982743222565140475000000000000,3
diffutils,1996,12,0,0,0,0.,6927,0,1.000000000000,4
totem,2008,12,21911,11137,438,4.,59779,10774,1.219855116832097100294257136934547212251825283811033530199329184050979100293189577337417201575870537588981921799836760685625555050619746918400,6
dbus,2010,12,19305,12870,412,7.,97358,3401,1.03619740945335315078742103370459325083964696107500521812521392273221345680644409333536046221550234404385041260900410692905057638977417313657980800,8
audacity,2003,12,33086,17009,586,5.,53783,16077,1.426377764861127470486146503768863301709848888700530225944374616306946198113943645180165307343519348157280076397461332867200,2
oxideshop,2012,12,60476,59969,155,1.,287996,507,1.00176354573562818714549849052317328104637107383380635714180821608874974253157538364309909113843841409964437295053917040000000,3
jforum,2007,12,42132,17127,614,2.,77923,25005,1.4725235270249572550924736691856102096746812770861039539053049022830573892678581454374325134519608422763120435947781611884856064000,4
hsqldb,2009,12,479895,150328,1062,3.,611262,329567,2.16994266853362465546847709185149477695043350281843327768684467405944139303114462193319239465596928157711779100568309387092218800688472064000,7
lastfm-sharp,2010,12,0,0,0,0.,4482,0,1.000000000000,2
TrinityCore2,2009,12,1781166,1519310,16134,14.,1450074,191134,1.151821373551734587499535206079284276460289538749594005586539897748217308011922799919481421135483722886124080611593548614224753676801634000,1
fallenswordhelper,2012,12,796,508,19,0.5,23078,288,1.012647665888363831544936021103509981942331310210059567088979732000000000,4
silverstripe,2009,12,64636,33861,4319,8.,104490,27518,1.35750662577453546449661518301633706007405121998187456040839380986356343112568776686820002328650530058470071197537085619433319305851371520,2
joda-time,2004,12,76641,51144,525,2.,52436,25497,1.9464716581557908871941047945363935223426847775606353859293589957682523782712977638041584855393929085595892220595656673525742394368000,0
flamerobin,2011,12,8055,7187,137,1.,74212,868,1.0118346422360169218664410293378817512074037684233407418610220345194672238947231047408892842143881025421032680028352000,7
rmagick,2009,12,2243,998,160,1.,56593,1245,1.0224940377245843456878737270729097665565806923313758806749239323860882915839221471040309029024360649740852248704150167847610719441312171206680576000000,6
scintilla,2001,12,49133,26299,1939,1.,105212,22834,1.27718565633828533417566168974752943068695341483689217058491354163171157065200703159752657442112374811901727467601757162445764198492160,1
Syllable,2011,12,25610,67,38,1,2704719,25543,1.00953390146803085466222701175593985881314959454336806883179228973156770762137706600955710386995200000,9
opproject,2010,12,33215,42848,202,1.,141764,-9633,0.9309175140985143575994120526643115370907606077439828387791075435172892346345300991901766065979202894726940784639766400000,3
facebook-pidgin,2008,12,11774,10302,317,1,2590,1472,2.3166368515375330338453375555334313190391878675801222748947881760,0
aspell,2002,12,14518,6655,190,1.,20895,7863,1.65788152608535701889555658131792444049586617590930418782572288107134233600000000000,1
kdevelop,1999,12,175218,144158,1374,8,92236,31060,2.052061104872937279113077675255517899775306366563457991447443790900757503721917202750074974060703060508729613352960,0
bluez,2003,12,2631,999,114,2.,2894,164,1.0600732600774709768460852283510908764175976467471623879283304325643790080000000,2
anaconda,1999,12,59478,16766,1662,4.5,44186,42712,29.9769335207793547189006104461595531582921070820422069838857400019633758482104096000,0
asterisk,2007,12,229827,141586,3301,13.,395315,88241,1.2873607013406299071271518451653402586102500472254680025860966095418352586694907095036645897319715095036886251513264820341393018016848800000,8
rdflib,2005,12,20286,13808,442,2.,9288,6478,3.30533807842263084531556542152968172174017498899524103625692094294830969078176759509530935132392973317966352313650280158968123591360512,1
ankhsvn,2007,12,2783,10103,63,0.5,106081,-7320,0.930876228783960640417605802650141195663692920441195741463622583293680444000000,4
jobsworth,2010,12,298639,137869,2176,3.5,160395,81164,2.062634196975103582164665430315541311204916187170872256072906529260264205547944242824909300005884630627402541478501042910511316249600,3
nixpkgs,2006,12,31294,24236,1340,4.,24198,7008,1.41974125540624356166827621765420601196613442629322135390858154970178956717180928536341504159055905808159379459951982630833411725312000,3
tremulous,2004,12,5036,2091,128,1.,57078,2945,1.05440304435403529287957534895625310279487347372362830819669188487964626502586370058712304683106022576505500379209216000000,4
gwt-platform,2010,12,212858,133926,1056,4,38588,31400,5.36839176390136733580576501717962747295581257550117217559306495835236190789402564182691133504000,0
CEGUI,2005,12,184111,77251,868,4.,165096,92655,2.279040874665348508148420460599131280657385381700632566796450648682481832338983304365174165255469878312582978757683657856604307077929435904,1
lua,2011,12,25,21,6,0.,21019,4,1.000190340233168310545332092136318934221250000000000,3
bottle,2012,12,788,430,103,3.,4997,325,1.0695633561695825379457910255438417607517017407145336090100307385120577068613876290688455369835867175609127418933447437948985977600000,3
ogre,2002,12,328974,292191,666,3,88310,36783,1.7138587535947990199346183762637061828295883671900200,0
apr,2000,12,187375,45893,1739,13.,183171,141482,4.39374895097739307561325020519161360137880042057245121394465757272037747657623801055561708290025694426939552707410380181415502848256000,1
nfs,2008,12,0,0,0,0,4913490,0,1.000000000,10
habari,2009,12,27746,22942,1618,8.,36725,4520,1.140350877197323244588110632615942118764961172628138627207023320286765388206670198975264225649209499105345365101776222383345430032712758735360,3
sawfish,2002,12,5971,4434,104,1.,68243,1537,1.023041405573737900750648492468188201415914889464871026893869945931484562655807490942282822573138619936329932011038787567579968000,5
twitterizer,2008,12,902,667,13,0,1886,235,1.14233797695848395741900000,0
aros,2003,12,1182161,359258,3380,10.5,3106957,822903,1.360281762211892137307129841568991349340888473339005639531969074398049106754937027793236438135171354686093115106559978306358508659015680,7
phpbb,2009,12,261946,166002,4262,5.,384665,84888,1.2831704900588377117382491198806746341138940328095687624394157341832366920722503476491283868765868572810803562560667611573023110903561287892992,8
Rhythmbox,2011,12,25706,36709,348,4.,138132,-11003,0.92204967624546541574952524419068512178587816761692330096435851304020930150283320299069497346737825201650736288030483653246785032830851586457600,9
dcm4che,2007,12,21012,12613,320,2.,53812,8399,1.18494704160349943213930908285552912682278311849070039744582186319826982869525173981198299155068021698413674889761558714041320988291638067200,2
shareaza,2008,12,172773,94351,1085,4.,573276,78422,1.15847502491041516113717793103240389590842243089048230762971127857178373378535977592473325084401509137911943008140537179996658572363180026500000,4
xfs,1995,12,35467,18218,652,5.5,52165,17249,1.49412742068750164273046299334550866375143309292014099006123257172785035187620234308238375023126764528138453439346238653878951372360232960,2
Tulip,2012,12,1878087,1293379,3070,8.,5004584,584708,1.1322905892086570477879865238847530616596525329745574774768589745827388895810003595622642852371527775107326269925748102170343316944272767360000,7
proftpd,1998,12,469,210,2,0.5,25278,259,1.010352132380,0
inspircd,2008,12,43560,24304,1843,5.5,75406,19256,1.3432442067618555609432543763939335858167061395642492086053028010128367867018225158174299680192948708437560232617470816223124797157539840000,5
asm,2012,12,42547,22738,65,1.,96130,19809,1.2687751862529885270190624781468209494617327422324113662474724804439411290520252175749623776746476366732051215858235479090300350290036480,10
jquery-lightbox,2011,12,0,0,0,0.,479,0,1.000000000000,4
quantaplus,2000,12,10212,5569,93,4,27484,4643,1.2032748128077134178685339335896,0
pypy,2004,12,85898,58307,1028,3.5,47414,26335,2.2493476919010674081938227848803459870532375122791303175849080038251829067965117076047259196146200858178677278642128306053872340736000,1
biojava,2004,12,13593,8276,291,4.,140815,5317,1.0392404315994137190564949820732615464400026143530789075364527130036299182192316071409573557191378883216772154375300807055283150469078252748800000,4
jbossaop,2009,12,226259,215227,226,2.,665333,11032,1.016860741464095649977383572247109278724833201342892858620817969743759406234184930973140182148935938944430838602328336808494594350241710080000,7
lams,2007,12,61090,51309,1531,5.5,555886,9781,1.01805515303902538696872814028259243833140884582778934030715599988945727644264299834693125893567158569026972049871142680173251270603684377600000,3
ehcache,2006,12,66804,49742,477,1,39976,17062,1.78742846588976172179687213261962166305676413855432124046309110510112411498960892414155663933440,0
free-download-manager,2013,12,680729,4683,29,0,1336832,676046,2.02309371000,6
mojolicious,2010,12,39152,28088,1619,2.5,25638,11064,1.7591601482496537480961960504668551882772625991880115739749314333417977864171393644356508418051220723910855462948319906053310867687424,2
jclouds,2012,12,886088,547325,3337,15.,536001,170510,1.50345756143735080173069240453815999601256683745166423547239337918709509779576808794386196373340690678086791739529115897739104747520,3
Gallio,2011,12,298407,54089,344,3.,1519174,244318,1.19164360526261628444201285762072739593244685284946468354874406009394989186530500086736757111589483777024706526741787457352469237453263628539002880,4
wayland,2012,12,14627,5851,493,7.,12533,7881,2.69411006014545383275358404604483202609121378051863709418566931284476162493963724501604724175568637913570525151332679157483260000,11
windowmaker,2002,12,5878,4058,144,1.5,107083,1820,1.0172900259347266749430070845307457397922059672200570322552756794158764906425706447379784849865297980461241873461760000,4
putty,2006,12,4082,2156,117,2.,85221,1926,1.0231710398050184134279827331609122852458241108549550883196822824744499876085628744980132610005199030426487206165769541178124503685843751785083246483251200,7
taskjuggler,2001,12,7956,3145,59,2,28459,4811,1.2034421516,0
cvsweb,2012,12,0,0,0,0.,3923,0,1.000000000000,12
launchpad,2009,12,15852580,14996208,28687,35.5,426601,46248,1.121592310301383381532389752309835523296701458610909714092373714633559053051269925703483913691156512895055655382977561029872003234120600,5
squid,2007,12,402617,476267,2506,6.,937282,-73650,0.9213211634898543635194703439929329221523696978078635874379166725073613406973369362265325037578570877039178486614053723728825736684948986299481600,11
cvsweb,2003,12,1992,1305,93,1.,3824,687,1.2189990436745017844305080022133337902802772464037379307378710779007794273271117615883878400000,3
php-gtk,2002,12,30668,5481,356,3.5,122887,25187,1.25779938581483138203214009046328007142054561097655560177485951228599299886608590963444794028587831331122392025877662400000,1
haddock,2003,12,938,617,58,1.,4113,321,1.0846518987268164423685216382945263913258115534404321016655089062441888388718504408184350875975920557777500000,1
muse,2011,12,29,5,3,0.,27412,24,1.000876296188110438684262430000000000,6
ntfs-3g,2007,12,1894,1386,14,0,20510,508,1.0255958079339156909365379643262379698477927733129600000000,0
tortoisegit,2011,12,162251,176582,1384,2.,440695,-11273,0.97339190120988492739966070098266805948727727857901906125858563991003731156894130558630275057301709904214957624741987221078158191099639525572761600,3
django-tagging,2012,12,0,0,0,0.,1577,0,1.000000000000,5
postgres,2006,12,95100,59101,2011,8.,469342,35999,1.083072762216836499796889345356580718119626814757848124616657359769075817563855510758836234047587335625181367332061019134211859384380246720000,10
gnome,2008,12,2912711,2020986,36380,195.,6549688,840750,1.147269071771687268144326447774105807542630376448379098773713506980390935253707887238971645165856872254208925584405710889405615180804833280,11
phpbms,2007,12,26289,18669,399,1.,32978,7620,1.300496884621496782656528170301234878822011016832699261715033287678411634561721481121436417000506087193230679848599777121266275619706727946240,1
gitx,2013,12,0,0,0,0,20026,0,1.000,5
aircrack-ng,2008,12,46549,18724,200,4.,44941,27825,2.62567188554014453126648859116390542101147922233834587644382776880187701968722728630363952255722210615371425238757368658754293522451326665600,1
emma,2004,12,8794,1104,13,0,30349,7690,1.3393794960451335055008114952078140000,0
util-linux-ng,2011,12,87553,92393,1530,11.,90405,-7103,0.92686367381269717696746725640708150702146472262382827414166957388466968289442580557301049434874363105539927538846145228668276499140608000000,4
tortoisecvs,2005,12,103158,48903,522,1.,201474,54255,1.36853259426612192583526066912122080884987405829061754613198446524623894185785675275773749636382328161600966469695879204834703788083200000,4
mobbler,2009,12,43862,15170,295,2.5,34914,27387,4.63850139576358487427228709261907313111341773161789563465864632131909845926826024457681383950509904831061830048890470400,1
openshot-video-editor,2013,12,0,0,0,0,40626,0,1.000,5
speex,2011,12,0,0,0,0.,83969,0,1.000000000000,9
masstransit,2011,12,752787,692770,721,3.,389139,66830,1.207347607407766240014210642310761728678986024789982386562326449904230289969545600000000,3
freemarker,2011,12,61942,64948,137,0.5,166127,-3004,0.98191440044543367103945308438807055660695565062713466853520517600000000,11
docblox,2012,12,240980,946,59,0,276616,240002,7.55492434600,2
grass_gis,2002,12,253306,64774,1488,5.,567972,188532,1.4968690701727343810504720568174463770797283886719395649394425248949510659395962152570989056494812026263176805892093265658199967625011200,2
davmail,2009,12,14465,7682,602,1.,14188,6783,1.916002700820142819372433286409537452451230263485540975321310615649705375438173467197142927051713998275081808574678369462239497837056,2
dolibarr,2008,12,117863,107062,3242,3.,348237,10801,1.032280334731689312933016296369796391927518224573228523436809087401469685813609756744957966272379125879537311645043215626947343266961141816160000,6
expat,2002,12,12536,12212,274,2.,20439,324,1.016107382451392789815001414726955414768812075681097582053797615547898151534028007809041541589600000000,5
rack,2008,12,70656,56244,856,5.,26836,9112,1.51410516811550193599249416068473871245739797782891660149957312049517312314392522061338573171266191217169792766541045157719431680000000,1
mldonkey,2011,12,2100,611,29,0.5,225677,1489,1.00664174710570313160652893893588291014827018133898589895902705000000000,9
swi-prolog,2012,12,40989,23033,2141,4.,502512,15257,1.0313121466163051253833874173058752793014689810224667234635633575883396929462679867896263900685735596050560065039198529404503942380219562955776000,20
openredalert,2010,12,803,974,18,0.,35420,-171,0.995172219085067975487663740000000000,2
php,2011,12,1383436,650220,9463,57.,3614415,679802,1.231649624651720767459112294004939103327814713995940894777915100924623950046778056893644441818468727798851815017352647069279015982422288448000,14
gwibber,2008,12,20882,12871,294,1.,7135,5244,4.0259665320422797647553384932488671191994740762853708051430817875348953431196668234307840348025684472576091313151744000,1
edje,2009,12,13376,4114,260,5.5,40381,9262,1.29763167191483270799721383666292678385797919560778785689624748417460044971709123845855711292835726638221595352071548713025000000,6
cscope,2010,12,6,6,1,0.,30223,0,1.000000000000,10
clisp,2009,12,275990,182332,1790,2.,1407294,93658,1.07129676714244518947250299009547386038736251261705289775891941928483543310630483267503572064145300587390049177504377398901882559883812711974706125000000,11
AndroMDA,2005,12,308824,156103,4592,5.5,220774,152721,3.24414794338670126737446122028723835434087931729750196541159903474315917262764755631549948357073773625935370523498765408923744000,2
ossim,2002,12,113263,54534,2351,5.,185372,58729,1.46373664553952190178836932840525298281133376199230205309620564096895058891883697615347500362232165624956394766060486010482504403150000,1
tramp,2003,12,1952,1387,115,2.,9805,565,1.0611471861379502810679868665430146610935415192158063010473230587581604549607372502755135444022360882403670275298688000,5
zk,2010,12,334674,303460,4973,6.,642448,22058,1.03555505408043065400849556977174674414253558671624122715668526834411173095159975169089263921810974012677202964863685193266367377344632777523200,4
GeSHi,2013,12,0,0,0,0,84186,0,1.000,8
perl,1988,12,56982,22240,194,0.,117650,34742,1.419042794455471907336618697357510000000000,0
clamwin,2006,12,480668,194617,896,2.,356890,286051,5.1772076119522126357136201800627257002815604309469606501185717559070506927483492194099989327242934568415485655165486946073455727616,1
scintilla,2003,12,40201,18876,1730,1.,152076,21325,1.16309626695007779148520758266367828253436332508603503586211871628214060283682038185269714127791635585197937654089378816896000,3
android-astrid,2013,12,24002,26020,562,1,194017,-2392,0.9874541067829875145413367562418750,4
kismet,2002,12,78396,22970,832,1,50969,27713,2.191649466835248052929668437464024245868129576595472000,0
diffutils,2000,12,122,0,3,0.,7501,122,1.016533405610490152389534362383523840000000000,8
eet,2010,12,15550,12751,199,3.5,17318,2799,1.2281359523564636179591831752005525649160616732790232247008042916690894205258228386911186904006016875804922005991574073926361450038680000,7
indefero,2008,12,30890,7164,986,2,29130,20778,3.4877873563366614133638766061771224077340440,0
geos,2003,12,32214,39917,232,2.,52647,-7703,0.8054159192971966341416640841332977774972484772734289455285320344127817065452217270548930983068455618462661107140334389811200,1
Weld,2012,12,18929,10187,299,5.5,189738,8376,1.046183875340693356076024093467021137704268296036676660757602585548284874296457610145519514076168641147658781238635200000,4
system_data_sqlite,2011,12,0,0,0,0.,199026,0,1.000000000000,6
auctex,1996,12,8266,7569,63,1.,12243,697,1.0603672267683896263389036900971193829161648361415971446396983727595407571200000000,5
eclipselink,2007,12,913835,865425,544,13.,640876,48410,1.081709330160774662958153109879572715958173760,0
swank-clojure,2010,12,2684,1234,152,3.5,3217,620,1.238737004231093877645572739344035257579922406136099909060307079842275971477765832560464893835051188700380747158734465038336000000,2
pil,2012,12,0,0,0,0.,38274,0,1.00000000,3
cvs,2005,12,72763,42958,811,3.,219687,29805,1.15696590514910683267002800936079796080793211348830328413507885161762735421010155344292500547616818608060634691706657272376798836342729875680000,10
wtl,2007,12,28845,3636,325,2.,148023,25209,1.205261615125075718841226785973618145888939374556349982761072164717246049976014748855046270815707787509575616000,3
redmine,2006,12,43049,27848,207,1.,23623,15201,2.80491569696877155104403348990338860262406902598501033880,0
debian,2004,12,5509024,1643168,19716,59.5,7940773,3584251,1.822732216134337395847145791587413929678182166986067155556848819002156594701490933140938092837204682306382037994491165277918855168000,8
xfs,1994,12,49254,24386,1194,5.,34908,24868,3.476892430474446784181637662388591613144856023205929772468473550404725399713415429106353820500405709293906811316994677000355840000,1
davmail,2013,12,368,59,11,1,36515,309,1.00853449704513290640247980,6
pymongo,2012,12,13768,7349,402,5.,18793,4977,1.36023451067492084306583224900762424507341029027573014154753602687183895792830182292478553481964884685630715051108921892517692092039078400,3
htop,2010,12,9567,2768,51,1.,16112,6799,1.730054762106496125570356933824932748368245512209856565457181089106548550150535079621026280000000000,4
perl,1991,12,96826,34974,452,0.,291762,61852,1.2690270105687326299087276244154433695895614913767868800000000,3
rubygems,2011,12,0,0,0,0.,21184,0,1.000000000000,8
YaST,2005,12,109757,73437,1796,17.5,357019,36307,1.113356645545025984066792224696428896926566254510465314894330315076450834013716537136271975853377468075137212901872797312047297319926840192000,5
auctex,1998,12,3043,2278,57,0.5,12748,765,1.06384044062532834071848682913770884891130038352332319298641871984000000000,7
bochs,2004,12,83364,69964,605,3.,271104,13400,1.05199764070709382436392185305582439676724040135887215200919097577876964477769213195682411059704578811763940418976974734948170301441448193228800,3
mc,1999,12,122067,44208,1649,8.,288508,77859,1.370249372316033759768846928280011967951956489404770476136314575007237476773099457093194491064943305819776399137320522348098222463567290368000,2
pylast,2008,12,786,496,26,1.,1735,290,1.2006920414819960935259378199484940,0
itk,2003,12,517577,393929,5406,18.5,515039,123144,1.3439084877134756838165904413518428388614760302774673553160078252378545339465110508761607846806856313380141302453755051531632499200,3
mod_python,2005,12,9224,6403,285,2.,20420,2821,1.160293198459408466041562755577129293405751762479441342807136723492354318387231613505529303584921297411771267597599490642752000000,5
ffdshow,2012,12,117366,107280,311,2.,1530997,10086,1.006631682557442331125848053050639066530624630589950472055351859485562055372381990503916623448900034341717077601890613403230500064000,10
dbmail,2011,12,44692,9178,81,1.,70226,35514,2.0231044019072498455028440896832177706273093494015743797203281899228371261244029379235719721839673657355128641339876964493568210897055647078400,10
cdt,2013,12,43471,7911,251,16,1430319,35560,1.02549544401519814952485415089628640,11
haiku,2003,12,725013,149393,4056,17.,1301414,575620,1.79309005033331968388597953392358218557179704543336713346420338086593388406153849577894946267458898451222927387967503927831275728000,1
xerces-c,2007,12,64674,21977,182,2.,537555,42697,1.08628131707061588241965962446490581960761348711803764163210144360140548291426916925291620748609285951250546306644774532809903826238964898952805400000,8
tryton,2013,12,16135,12496,279,5,193272,3638,1.01922345282169027399475183654319324,5
WebGUI,2009,12,471620,263897,2881,11.,1034703,152001,1.1721996777646829372126402332737767423690312209878622704368863107993264278203719152263684251167838062198444700723252332542212827506998282240000,8
cmsmadesimple,2004,12,1149978,967752,10452,5.5,312930,182226,4.962813152462513929241441600935168519249707057085809305238000,0
sinatra,2013,12,70866,54522,264,10,52940,6474,1.139327680411910911503078814230977,6
zeromq,2010,12,14753,14145,721,6.,12751,516,1.0421740907111352488177155322928663861674650170555272021836811566263313518546251578769623731462869293457825898193359433745079949044472860,1
eclipse-jdt,2009,12,82163,37829,1975,10.,1895317,44334,1.0239515976102731459258347789973916221187998052200611076252305182300837488385381536262433063852969041187916824608299085073871972922399321267044352,8
scintilla,2011,12,16660,14256,671,2.,304926,771,1.002589403256503269777859889744023796720117389736134563549518028721742964864108321734704713285372544710057077735908960208367430989942506437280000,11
eraser,2007,12,273,229,19,1.5,40495,44,1.00108773577911905879034688,0
gEDA,2007,12,40176,51736,659,4.5,150421,-10247,0.92831709210034167631429848069387121871710558303654095789293191816140608206506603862883790796659199483716400136016968860208332800000,8
google-guice,2013,12,0,0,0,0,1035522,0,1.000,7
libglade,2003,12,153,134,15,1.,16117,19,1.001184538652515237107574579328584133105708570284398791554103210062243067691513425783712000000,5
xampp,2008,12,42933,7239,55,1,49145,35694,3.65363169968537367307731105305846730471598596131185920000,0
supertuxkart,2012,12,59452,42925,1180,5.,113120,16527,1.174859283093593861884554242312180921104484556768438088795229910941943445825648604722365974342037690345699192088716262159859443011944448,5
xiphos,2000,12,62253,41182,240,1,38686,21071,2.2419544971988284691525025423645719382320484714792023829846709314853069624960,0
gobolinux,2011,12,37,247,3,0,55815,-210,0.99623757054600000000,6
arduino,2007,12,35223,14841,95,1.,68088,20382,1.42724185635921500696097217061771810306750344352358682688738395193020599421783215611284844897137519813828347717553796026027871368563029959005504000,2
weechat,2006,12,132845,45714,578,2.,150827,87131,2.36791949259580076921921999362011181876668055508754253014208186516264825717758438886192319162724344512730618911980035851953840000000,3
gcc,2010,12,723110,214065,9177,68.5,5588791,509045,1.1002107191973219800992519796062030519085013694639474021905798388313760174481805258277756634689819236195851629354068904581643795061389754368000,22
gforge,2004,12,69511,40335,1610,5.5,128867,29176,1.2926643327986035790301728085610398076326914074713517811338596851627656544108034143414777890822278216178960147931013560674782017802240000,3
PyDev,2009,12,880015,509346,995,1.,434862,216285,1.9900212848974661806466735465182609312095585952127761369280022083809252811631348832167616104216948194107603098478406549691601428512255659200,6
opencms,2013,12,14587,41696,243,6,1382076,-12505,0.9909337281314318702590072791809427912,13
supybot,2010,12,927,579,110,2.,36021,343,1.0096426864569758624994395641513460603999700239350272999985200271274812835182935703064279760801568236942246816000000,7
dspam,2005,12,16923,9418,574,1.,34694,7505,1.276030747708017102300859725851534607387124760050032790891202408639021106255532747935856236522310260857304534417732665791927693198282444800,1
cubicweb,2012,12,432020,24490,1120,13.,572375,397131,3.26616032461323457303643557750296198681559780963556007001234278076716494787346206451282351716364426224102507244330014453470809045204929100800,6
fest,2007,12,342373,309250,1028,2.,82114,33123,7.91936494580227156237247559801760652526216611654220137313008636833171625043744000,0
webdriver,2013,12,2304,1373,60,0,686808,931,1.00135738623700,3
hudson,2007,12,62896,25092,2325,3.,61408,36952,2.510958456088787256365055664011229293473415258777812275669614093292774538961952820599014177158236193189928604017827286675281080320,1
phd,2013,12,0,0,0,0,25246,0,1.000,6
mondrian,2007,12,241942,92478,1242,6.,623994,149464,1.31497270980458422723671561867578625834959950283675703895850842548652662322959117739628304472665297575536834827353615061209361055610880,5
mojomojo,2009,12,61510,34532,1137,7.5,18390,7172,1.639329648865717310896412675814612396015049123859459683848535366844455313875683208791504335854578906668530695836909003028196118650800,4
prototype,2007,12,6568,2476,517,2,9498,4092,1.7569367370411966014946310775019994097304926319898865254052655144736103314869635233292309710612598612880153600,0
jbossaop,2008,12,74530,42696,746,4.,654301,31834,1.0511416669487678174593332782864822750407298649249972328712015028495467378188208043293825063643884488007463398067437949835947844068544265084160000,6
pygtk,2003,12,11972,9160,230,3.,60999,2812,1.049683734413266370243623960829476734787628036909716376828410871938683628212565764748337663204363789531984139792577471734778331136000,4
amfphp,2004,12,2451,1558,78,0.,4056,893,1.28232690480801227072163361614720000000000,1
intellij-idea-plugins,2006,12,466,532,10,0.,11266,-66,0.99417578538677077972910700000000000,2
fractal,2008,12,9290281,6812097,3907,8.,3274415,2478184,4.112393262710283222999328641608283939945509760034725478569327420211398962544274105217220071140336201748306688260714629713832940686540800,6
opensimulator,2007,12,1434323,1276948,3080,6,85234,83358,45.43390191201721781536174210552628041923381260371236350300694039446406154121239520327364830506299760093724825088000,0
bittorrent,2005,12,0,0,0,0.,8633,0,1.000000000000,4
gmpc,2005,12,28566,26737,394,1.,23311,1829,1.119847978640520039859747475210050586381165620544615677571554450986648756830968776202421062184011240738551786202306609118208000,1
ehcache-spring-annotations,2010,12,11807,7410,176,1,7950,4397,2.238242748651371011317169753020334800209486186386703376782089023600000,0
kget,2008,12,19826,10024,587,7.,22432,9802,1.776088677713721439588523815168048233271522882683152583552345594436840388829599706718596756512141635157354399732965042454982123656250000,1
nedit,2013,12,0,0,0,0,112989,0,1.000,13
www-mechanize,2010,12,147,110,26,0.,3546,37,1.010544314619296065153412305067985863331851822813200000000,3
kdenlive,2013,12,2562,1728,143,2,97654,808,1.008343142720368937590634425819635456,5
xerces2-j,2007,12,3055,1447,183,1.,170897,1608,1.0094985498159136712014921918196168579470558168813238197396809410884806821236096982123023115279845908366975487018139039860970265480283552218961953607188480,8
mojo,2011,12,236183,220060,2406,15.,558857,15422,1.029632333866713972888944781813516886216177804663045349420585723715246426020902143891794068588282101073318462152612341920487630833729501440000,7
btrfs,2009,12,122527009,60495461,119289,696.5,16473517,3247912,1.24557757471155413472971309685319162615138707606367045197370203768914531764983143614499549268789003337255002641470693867248223525740231622656,4
gant,2013,12,3296,6464,19,1,6885,-3168,0.684870188000,6
go,1988,12,7,3,2,0.,7,4,2.33333333300000000000,16
port389,2009,12,62495,43147,462,3.,629396,18763,1.03072713069886222679537393331354413501007101816002955508825612424519541571835616028687151946606744727714030609917173971378070088616951862428794880000,4
umit,2012,12,2179183,475517,1578,4.,2327797,1627309,3.3242324135642205015339078643910563645170610761338825639385868085589774466002291185529869574014251385333837260825991456410859932396800000000,5
dotnetopenauth,2008,12,61340,29180,364,1.,31693,28073,8.75497237765396756288637179013659682320,0
docbook,2001,12,212306,55367,860,3.,178017,156939,10.37396965780733445408522827867107059988812083676588980819467601097867978300116883496782781836155086557480000,1
mylyn,2008,12,199826,147949,2880,4.,190563,51877,1.3740608280102487632456803791266763550161641260217969509814668944066972238836156368151034366111112336335472693169605095479853529600000,3
taskjuggler,2012,12,7699,3832,220,1.,127991,3412,1.027388243604268020266806497687728519465651675481878031770542420686636379183619448603898325200917399133395238106559779987343411792559324293234519244800,11
cvs,2007,12,31462,26828,146,1.,254074,4634,1.0185776138507227490843779003918395626441548514172372805720582558549260563743464960000000000,12
openvz,2009,12,46890746,22668045,46859,641.,25708378,1404106,1.057771983458998180978220217000984720027678386577733499290004126689925009875156537055157834362865101227136241850954125061968712526494213855620176880000,4
typo3-flow,2008,12,299592,36997,835,4.,271454,262595,30.6416074155004131308209284069449710499567109292743590209042191029054036528105128510198279500305440073318400,0
bos,2013,12,1063369,1060911,148,5,2080146,2458,1.0011830457701363957769424602417989609472,9
lwjgl,2003,12,54300,49375,743,3.,36252,4925,1.15846203345988082471041802997761801498682501005482607022250352952031623090047849207712121784647342356498232896383320683984285147782400,1
PackageKit,2012,12,33489,33491,948,6.,101684,1079,1.010759979653335702641930183422133702370490884862773332629256605269121729491171720882490975392986415806342504339996600888593290101094556927038390272,5
windowmaker,2010,12,8808,21486,349,3.,103924,-12678,0.8785818265406625881043875609979589653924689441279435757198535763064888628381215767577324960000000,12
hibernate-search,2007,12,48880,20413,238,1,38404,28467,3.864747911184669633014321139416164222062328681713323049556954536976602829855020730233049296946176,0
homebrew,2009,12,20925,8295,1482,43,12936,12311,20.697599998976633044506295362705907156847618894992763674189351680,0
nekovm,2011,12,3,3,2,0,57018,0,1.000,6
themanaworld,2010,12,28134,14491,302,6.,145500,3107,1.02181989283281678659355797032721340485752460023546933528252956826309609739035500556786713801722385148426426628296271557387718528000000,5
sbt,2011,12,24202,21312,858,3.5,30475,2467,1.088081976620977773140350676543922469476585015645319589195509091510906632000371203588022466259560228624322576381215434617443370336256,2
kerberos,1993,12,42337,8899,245,1.,94147,33438,1.555947195157435478078520093854664323195819932306338513923938025989924273927759731579676191335834143145178162090649669048589352960000,6
gtk-doc,2005,12,1285,181,26,1.,3400,1104,1.48083623695421007725833598806937642380131762644528130369482116900468180867455839704125377010000000,7
owa,2006,12,39689,40085,360,1.,58926,-396,0.98883626520662861499577651644721469371644499388217828000,0
warmux,2007,12,55924,34101,1738,9.,76205,21823,1.401290868307720618258651724918505946542783346636841085805419757554210007587831007021647974744824456145129910091086681955860733838400000,2
PyDev,2005,12,95109,81119,971,1.,79185,5578,1.10070955279326016506810284817557878576195301184443588693233642431940555165762520096054162590919299402254672525432839306611200000000,2
pacman,2008,12,8900,6965,563,5.5,33723,1102,1.03378191962089913468607765668853171628490654454305402894590661498237084345908734377512720011105879544450337946103203362631538174384924616512650000,3
scrapy,2008,12,24582,9717,541,7.,29477,14865,2.017314536057078653907376933592348885802632569767401021752918240000,0
textpattern,2005,12,43572,18194,1940,3.,34165,25378,3.888130191846848207500103229401412643782414219116194302765469443343923351284135095783990000845645761416663706960976000,1
ganglia,2008,12,27103,420022,1822,4.,706555,-392919,0.443765563227350601720189341100167020868893224809543464561981965945823757278090813308480905284856044391357521096341404220751014602342400,6
panda3d,2008,12,97490,51116,1443,11.5,572275,46374,1.0881800947355488732602845199665986555156822534288797946542251402862822033585239792738890877407497859025235513062313472319916015854144386007040,8
remind,2009,12,1680,413,28,0.5,25047,1267,1.0532800672876716508112218079787500667899994081845653145558310700046789760000000,13
haddock,2009,12,2809,8199,191,2.,13764,-5390,0.60553278686460828651320128697303347264837288487444010865059607664138117608787828390916248588921296680110092564912853309790103534310400,7
krusader,2007,12,18652,37333,301,2.,73830,-18681,0.72808256069524665053834097211727514701179280861066665714104156300671901016654175793330585743002296997533560054304000000,5
eclipse,2012,12,545970,203033,4303,30.,2752660,334841,1.13963565728040948218716253424106779958812916288203252678220133674937092985868869811142719471667607907077061502437307266491480095432906060800000,11
gnome-terminator,2010,12,23254,14237,416,2.,11572,7251,2.67808377736535014122418431637223883629325169522173581578867588842708148855373255135638983020108928000,4
apache-continuum,2007,12,6664,3396,50,1.,13817,3268,1.3173123604061752397208810243650553803384073298111537278413584153006879629037559062440472461907640519159757017636618588252280253317120000,2
abcl,2011,12,17260,8542,478,2.5,114048,8718,1.083091087580713357091331874402140300285322886953149907085171605761463777688441714704201714722615831232540219123537430605256080434970891622400,9
fretsonfire,2012,12,0,0,0,0.,18978,0,1.000000000000,5
eventlist,2007,12,24374,21060,890,2.,21376,3314,1.183479127448386437272901455217126774410872699548603612707090379451524421061344686919958737382170242654727881720000,0
supervisor,2008,12,5448,1920,87,1.,16906,3528,1.263716549554883460969644910888661750454044110865751013410834372492859987791306175488619713067837437108388525890995200,2
cython,2012,12,17721,8062,1075,7.,60928,6666,1.1228484021948951919632575731266167344928031763821365123647445540282423483010278228687698325824274735545131514966126906842156637399488000000,5
deluge,2013,12,2201,1463,54,3,85425,719,1.00849028753580865969328850829969192320,7
coppermine,2003,12,166638,95289,520,5,205427,71349,1.7782989542826227074437413401980,0
pf,1996,12,6561,998,69,2.5,16061,5563,1.5299104591905490099110475725087605215817231579442039149051662308035969374767458442891754618455720236179366140340961280000,1
m2e-android,2011,12,33807,32135,242,1.,26224,1236,1.05249076315708168738411532638439955657834829025586968470468997217727280366226279709660554582366501176496000,1
boinc,2009,12,134025,172720,2298,4.5,296237,-33227,0.8849934582709301131638314553721880888904027497950585879889961545733564091965292851235864326910746877984212499419888937066869925267783680,4
request-tracker,2004,12,133864,127801,2743,4.,90645,13806,1.179674384110706132208967286943154532943471478531678442133257041807487837721968376702000000000,6
ArcEmu,2012,12,24994,8452,172,3.,363432,15517,1.044605358849271064451666515095639660250974271746050596271472366416453211649807783255009779348164623594622760751304776199275068185600000,4
netty,2013,12,62307,47178,502,9,99398,15137,1.179644200758333072554355350719356,5
sdcc,2006,12,189515,100090,653,5.5,1135008,89425,1.085526447927804991469468874116197562971795786594281555040042916650372691168193759843422023210311384276984514729597293941315299296084079835179920000,6
xchm,2012,12,430,334,6,0.,21887,96,1.00440548850459331188589200000000000,9
virtuawin,2011,12,172,50,6,0.,6638,122,1.018723143031442061798600000000000,11
tiled-qt,2012,12,13145,4704,210,3.5,74374,6657,1.09830618604163360976487162708588610817688939916730282352417706886446890530810188842347539826033082954140395602149158286449811240960000,4
marble,2006,12,1421,773,68,2,13109,648,1.05200224701298214714939125485661680,0
latex-beamer,2006,12,330,3,1,0.,16355,327,1.0204017968600000000000,3
oprofile,2010,12,749,316,28,1.,42206,433,1.01036554712315998253142500889273688653689784617652106490267941338646005803476645657486922860469191188528835062158780718560397000000,10
maven1,2002,12,105356,114561,2634,10.5,49173,-9205,0.65943986094337168863934411475447605232952487180434600087925300956669848805175871404918723366399826895600,0
kdenlive,2011,12,49610,38389,1129,4.,88743,9875,1.1254270871618406672520189890365878577785187885553261485747571812532195585318109358651109760060520953225644697055107638895788000,3
kid,2006,12,11194,7639,179,2.,7952,3555,1.8085057994209279010173288264586739017086666182919588612275152581539503182361795180673855697477989810788252039904581978112000000,1
gnulib,1996,12,6686,3138,292,2.,26283,3548,1.156058939957474353882040956163647503407933730673026261755223497087981077263596566847299928095024416475678447937940073382670553621892521574400,4
pnotepad,2003,12,139156,26977,1157,1.,209191,84141,1.672858856462526178479499308701482224778089580457736709624664801673738840767065056241375337201428230516255141286966836204404736000000,1
nano,2008,12,3135,2103,99,1.,18190,1032,1.06015037594632188457841184591172139132978303367682780726067613945175306820439840000000000,8
sdl_ttf,2008,12,607,322,2,0.,16742,285,1.0173178586600000000000,7
eclipse-gmp,2012,12,344044,269280,248,2.,512562,34367,1.0720184745546072209770970698435027178879852364439281886652095759807586007306951984522048712717096818437258357248000000,7
agavi,2013,12,0,0,0,0,294615,0,1.000,8
cs,2002,12,282009,219981,2668,13.,357145,62028,1.2217368456633986260203742156409261625751672256345400343706145387851769390575361142279322614118844889087194398461919496307879587840000,3
lutece,2013,12,21397,18766,200,11,1908576,2631,1.001380417588,7
hibernate,2012,12,300489,257078,808,11.5,1041760,41381,1.041365322542184657519798432393481491822991797844135235300655473792229732323426623731656982408361047517325913956918238823113160985610696838348800,9
do4,2013,12,0,0,0,0,521562,0,1.000,9
kstars,2011,12,34674,13641,479,4.,101657,7823,1.083370633243191797476699315074940229757009947708386046269827845675269434757195992177451153872827576388642000000,10
premake,2009,12,29268,16144,656,1.,81770,13124,1.19118375433423214814249712457810956622570819908412901223491779197333997708558652590626025447781210787800156420420169695499993171414136832000,6
ioquake3,2011,12,33429,24066,427,3.,268159,9363,1.036180473440077477293248324747374111588100019070724819426529002621992643832447879903067021625502389341101679439505034786077151954911146762061997056000,6
agilo-trac,2011,12,3561,1840,125,2.,64033,1721,1.02761907818692360984526019157364181198525892395596989504529505018766768261878662127293529878483684988724082309037787054080000,3
noosfero,2012,12,189703,80173,2162,18.,423597,27070,1.06826773460242974434989768099818956102483260939166687010389652684345020038124165150288044468723494141291884281126459369291459214287482390900000000,5
koha,2009,12,408218,33336,1649,20.5,503048,174460,1.5309384396339830166926771260041865475267410867840354687804487907282279133091710628771824455956695536060205068177457897468998658378117939200000,10
freepbx,2006,12,70358,44653,3628,5.,78534,25705,1.4865698763660725619023737800909472649029480708423496877611978843664632610855689364876947441215534338567383766235434197251943392542720,2
xchat,2008,12,2551,1187,87,1.,60487,1364,1.023070547840768813933371090620925131416246168109153181193517366629497523485181752317780511974490713108995397179912939900640326728398683903776705787083776000,6
heimdal,1996,12,49200,24635,954,3.,53160,24565,1.859066270295848426037705406707385945746285890873194181783042175082881442910520241869416062722025685688377380603629810012928671744000,4
CEGUI,2004,12,84084,14177,410,2,72441,66811,12.86696270055121910598536431991975662520099220082651414562409995451023627206726133454822364560000,0
tao,2008,12,100923,54541,1451,10.,1037418,46382,1.04680152891415485164547087458743043799615633506115023565218342999243947326114254857647280647934131478275738773493460825966074318944721902733312000,11
dashcommerce,2008,12,31827,8104,287,1.5,131335,23723,1.22044939226294173103242224526403991502712913462486211840820408407389090143004000000,0
Riena,2010,12,126753,74377,1332,7.,189444,52376,1.38211690551869470915212846074279338368348272344551320928407398053545156368463827575649049315088289108274008812237657621594058014720000,2
zim,2008,12,6329,2471,45,1,5495,3858,3.35675015338255509930956884800,0
workrave,2013,12,193,228,17,0,73335,-35,0.999522965789800,11
wtl,2008,12,26033,25643,54,0.,148413,390,1.00263472568459103162732270000000000,4
gmpc,2006,12,29623,20036,800,1.,26677,9587,1.56097132825436492172100093272105231942834339644648393563809919028811952476224546214841426302661108185853549385369769064268914099680000,2
alsa,2005,12,40601,15032,604,5.,205888,25569,1.14188131885568567447279178382874576711543750910313765202949507362477238104696231632008510935060015038876564850107054602083056531625513533440000,7
commons-email,2005,12,2554,1116,228,1.,10728,1438,1.154790096876657133217376876994463068630288753007829214218048857908787325141316668000000,1
gwt-maven,2010,12,583,262,4,0.,17233,321,1.018980605491236325483260000000000,4
css,2009,12,0,0,0,0.,13,0,1.00000000,0
python-markdown,2008,12,20831,15221,293,2.,8927,4821,2.17413541143994661390084475275210349699870566599285672224586479510295986508812375136413155463022856086487040000,2
kolab,2013,12,26724,10403,539,5,206490,15314,1.0801041971849770070340688590652669,11
gentoo,2010,12,1629363,1479616,65625,205.,6311016,120742,1.01950511399056647565374791261306125085770873325119091715996161657201672634338516602690080736913619563837367973492164093966404589531298040998923264000,10
pdfsam,2007,12,33000,12580,157,1,20519,20420,207.26262625910552056213344610462322918061399190800692444704094560,0
ruby-on-rails-tmbundle,2008,12,12330,3992,85,1.,14646,7304,1.9949598147144611836942915515833253538287449951545151162564750075639452146360891715200000,1
shindig,2013,12,2620,2216,62,3,210277,404,1.00192497367495815114756598581418250304,5
cake_ptbr,2010,12,9297,4637,310,1.,8032,4602,2.341690962181052357136028539452027228667473734482937899927879142515146095910410709291664000000,2
kerberos,2004,12,37457,16621,695,5.,270816,20836,1.08335066804637704834629955221431359518224773936060773380921629830277147919708745225626705554560773491072082872947038342592579787184328246809600,17
rxvt,2004,12,6488,2664,19,0.,41390,3824,1.101794175585253041569433513800381956452475214131200000000,6
axis2,2004,12,119036,49727,303,5,73132,69309,19.1294794721755643089676456880,0
pyside,2011,12,31930,23179,1072,5.5,289322,7836,1.028051736052915727935701926344931001180556962948490322789831264801907614072584476839290956325036832148208381762755117025884786973655368735890864,2
pf,1995,12,55,70,8,1.,10513,-15,0.9985731950920,0
mercurialeclipse,2013,12,155,75,14,1,55006,77,1.001401809609034542526467280,8
xchat,2005,12,12094,8409,347,3.,51864,3685,1.0764856057673327972256182485877790400729916911318049180994403489024630596783275371992500130670134443517844205258887493803629863112704406528000,3
oh-my-zsh,2013,12,228,10,1,0,641,0,1.000,4
monodevelop,2005,12,516668,311001,1322,7.5,367301,205667,2.272424118707703563430009119714156552602591297664151331400020028076792711040181043996923523038037433639341265565892625049512620063360000,1
dtc,2013,12,39,11,13,1,69130,28,1.000405198112862072656017340,10
pharo,2013,12,23439,12427,324,4,391781,11019,1.02894351823879250632568900927246880,18
sakai,2009,12,347544,378431,4173,18.,1342822,-30887,0.9775156164774308649949704696953113022664007512401463483286625426660298292774910416235036201153391502268688544031863028358393003592888903526400,3
lilypond,2007,12,205548,94244,2359,9.,1086305,44612,1.042826437342700136919882957218429011687017818035014267788363333577048787270904796645645460185705824179450766271363078155996569638037746006656000000,11
fbc,2005,12,809328,371174,4354,4.,490212,438154,9.41665065740939382299523947254456976433969397674639181732314606185610913888242013427093671123246913199203384508188673856512000,0
pulseaudio,2004,12,122976,67228,848,1.,70140,55748,4.87354085610388947745546621176568965455365406796203990571452160,0
phpgedview,2010,12,21027,10677,652,2.,361412,10350,1.0294819718454137638872904484574164344597194884221317857779869282931373499077488696290375190344018106344459321986538394893418104738508800000,4
layman,2011,12,57644,30862,164,1.,39965,37160,14.2477718369745013598797198386691981989499732314595660440933743682294491759381040963692985422755780074594048000000,4
pmwiki,2005,12,3579,2094,572,1.,4577,1485,1.48027166884524161838763573372475860963013181655224371391627293862831618866104340052200895159232105929496587890577751920699893839056000,1
marble,2012,12,92209,46247,1597,6.5,270915,32311,1.1354168413002207128543964295715394682080983694538321886775998170247660592483574619893826234080958811765569861935023849518319086512635206400000,6
sugar,2007,12,461327,374373,9770,12.,110408,45203,1.8023963788564792296682046538593858534692633658031830585612296591180568487601932747199892576471064978179914998054471034527283200000,1
ApacheFelix,2007,12,149536,113912,782,6.,129201,35624,1.38069183661709414334837873126437225792960416960647459236914577376883156392140863708810244673514490133525501689023795781760421168365600000,2
Dina-Project,2009,12,41978,4886,146,1.,37329,37084,152.363265307084442841974234893014846369066,0
eiffelstudio,2008,12,697553,510752,4791,8.,3478610,186801,1.0567472171087665981155677265880274518781542994753951365016773170875424579388149773760324736357988445154722589452045337866772068927313920000000,15
ajdt,2009,12,30137,11409,344,1.,321357,18728,1.061884353450539216588131218465596080863607994418553453766453698712686365676083909073105055494443091148520625284490739554171462260000,5
xlib,2011,12,6301,6432,163,3.5,226846,-131,0.9994223017965437281758506921182534622773555583688197795785352792323973521562349117744180463929698106474578584981405913717420805191669282234564822400,8
scikit-learn,2010,12,805058,644219,2292,7,77604,45043,2.3833420351637750463968124629987510096529533290302140095486527450383672324306538826242790330483782038060961163980960,0
bulletphysics,2009,12,197499,122706,336,1.5,783682,74793,1.10550735023216333395565511409222245452809929456246895666446116797922137296936167389917185229516820929347657553481064096012780961792000000,3
nagios,2012,12,51220,49940,737,2.,224764,1280,1.005727479373563558867893166609310214881772564126264360971651030269031175137896362336382899150203921287100079138033264076600399852340117956000000,11
cakephp-debugkit,2010,12,453,206,101,1.,4126,247,1.0636762052012060743970461911384378224008578935249018576459610038859102084156667991268389809628218184064000000,1
xinetd,2008,12,0,0,0,0.,31536,0,1.000000000000,5
pentaho-reporting,2004,12,9399,13443,33,0.,80103,-4044,0.9495149994398389893284012463693969794882383231441000000000,2
dragonplayer,2009,12,1252,1227,73,1.,4271,25,1.006084205404821807421557425443139318207763024798504441837251022499104893712918384000000,2
poe,2012,12,538,249,26,1.,23157,216,1.0094154570426030982095285127567912334657112353751846812418975952003725462949417780105574400000,14
imager-perl,2010,12,13710,11181,132,1.,56096,2529,1.0472119028591189844267332334724149268501479044750642139441932160749934367633804445505622793812385988410063203007391651369220642809600,9
obs,2006,12,34840,13421,647,4.,41463,21419,2.06859908198236960168239451003131952378102966622658269934355346386656170680953051974476071080123603992765301760,0
coreutils,2013,12,1099,619,72,8,81011,480,1.0059611037984084946312274654128226400,21
adium,2011,12,48487,82046,521,4.,231648,-20286,0.911176303170565296076269354250405691678694123401962251975368516722152722558492260158978220666749876389465088000000,3
phpDocumentor,2011,12,916,1188,22,0.,70733,-272,0.996153411019049824404328416068426642744370968342040000000000,6
galeon,1999,12,0,0,0,0.,1105,0,1.000000000000,2
mako,2008,12,1892,601,65,2.,8348,1291,1.183693796212968784199551027555602609468835645780332421139790953365466903303261996463674267553149183499034764769206567389701017600,2
pciutils,2009,12,173,93,46,2.,9757,71,1.0073316811226789379661412805848644834351817131218109028957734329472572220253565000095328000000,11
reviewboard,2013,12,6753,1860,154,11,75682,2930,1.0402738069042905934687439277779935,7
kismac,2009,12,32912,49467,54,0.,98740,-16555,0.8268685748923908632196363125506847831527061846400000000,3
atheme,2011,12,14631,38084,708,4.5,111986,-11344,0.894160345538182145998138441257815972199051508023724243074674641065060494411422214068449205603762419565194123916160811944637890115224096544000,6
mod_python,2004,12,2866,977,48,1.,17599,1889,1.1202418841744103313110153816941214864345808748896300463660988631290637679039763558374400000,4
openembedded,2011,12,76978,83522,1013,18.5,4163350,-6592,0.9984162229514701644804866466570994295703886516236826194007787129499021996030590110180061729854366289288903639393543058132572704013961708549352308050695311360,8
pugs,2005,12,527235,352429,8215,31.5,183012,174806,22.302217887959290917515332963657551554242291706283487927551638753266807581211186441381194490033264032000,0
umbrello,2004,12,47557,30432,687,4.5,72915,17125,1.30695465137882939942243995223416073036524158591849396802213143941907396848959561630181025145099921584230062542862559688634600536000000000,1
swi-prolog,2010,12,150963,498030,2452,4.,835599,-331185,0.588222275590605329026616157722874759679327535388248203349180942020731416311383537975481147158438317104589589174638116796317071193068599504100,18
seamonkey,1999,12,10987,6944,539,18.5,5422,4043,3.93183466325406709200056248018475501635886431830456366061497600,0
xerces2-j,2000,12,84975,43984,940,6.5,87033,40991,1.890295817003047927869100240808744949893499556750975158950297797257568422118646978936201878106018587006852732018966487506567780515840,1
etherboot,2013,12,0,0,0,0,368183,0,1.000,15
xinetd,2011,12,0,0,0,0.,31536,0,1.000000000000,8
jforum,2008,12,73611,61500,1294,1.5,90034,12111,1.155422660814012802896536539935692389131082704832068024763019180863865070826939937441032983015882031451820045618884831129040000,5
kdesvn,2013,12,0,0,0,0,43792,0,1.000,8
obm,2012,12,519512,317929,7056,10.5,1922890,199104,1.1155038966580486728113938355929483244145047806719368408917426271404075924505778719624730754274123462498708304529650655265854866479508480000,10
gnulib,2010,12,40045,14173,1530,10.,412654,25872,1.066890393040115674405173382098226435851502860646388419813453391050199819630760026411627038361943851476911192604793299070323138339930184425440000,18
psutil,2011,12,6241,3163,347,2.,9672,3078,1.46678798901809820855597894162343557605532312418728956250156773441404291447279783140468672663380203708864373115074117016576000,3
WebKit,2004,12,224503,118288,2529,9.5,420339,106215,1.33813080181809033542206549810366159383742482911158479730273939076296075546369846386905045180350435792802480018686750953380813456351232000,3
Hadoop,2011,12,1363623,682751,1565,15.5,2168110,680872,1.4578097117208437047191223162210208659668630695858547432641171928383809117086197033798314201274746331101543110812685993193765414376859120000,5
vlc,2007,12,247327,253579,5124,17.,536130,-6521,0.9861846146699573935681342847793355504815251861752198856202787651676704426204151079542758438329464176237815944218455989530225781452800000,8
clisp,2005,12,288457,181169,4781,2.,1551580,107164,1.07419192254440686714849467226689719177044903829937220997677359276041048933076933606949715441228967355971925319586467864660123415746376558520800,7
pygame,2008,12,280878,55203,2173,6.,294967,170998,2.3793609692470268633127010862091959029505896277719019837959038283130457623770854921316129869413155308915122290337078965380521656320,8
b2cs,2009,12,1928,1611,55,1.,30551,317,1.01048488456673084615179570866097124858660485598562714536513139891590268999150666692250000000000,4
diffutils,2011,12,1182,507,50,1.,9473,675,1.076844262300518416599719169694474062772341100439396563937386723563291296371543364023831819660257476334537580544000,19
hurd,1993,12,2512,526,156,1.,3154,993,1.45950948641509315525079939021174203733730579966175950373623186557363222460652800000,2
cocos2d-iphone,2008,12,10757,7406,368,1.,13686,3351,1.3242380260173423710123420011662249805539544547294161719554187264,0
requirejs,2013,12,5854,2134,173,5,91723,3457,1.0391657036665287968159102778957824,4
SharpDevelop,2012,12,430374,151288,1325,5.,933504,79754,1.093416105414566606197383249432830657188457338321223099772322784129636668223059155534955748133251318072716841013718459238840373683313564582750355200,7
nhibernate,2006,12,282593,184685,833,3.5,320642,97908,1.439573661901454273790063491769961057102863125523274432510940378878924962764924809506931785083936000329891239291331336805454746252625000000,3
geronimo,2008,12,249062,200257,1810,10.5,350982,48805,1.16413538436861678252944569932474365286277840997290667636080031459956772105190239136323328417914654025473917383138788356948494343593629040000,2
spring_net,2012,12,0,0,0,0.,1808069,0,1.000000000000,8
magpierss,2012,12,0,0,0,0.,2259,0,1.000000000000,10
monodevelop,2007,12,1580327,1483487,3073,7.,680348,96840,1.1908440573205236496678687639135543475341812871782954381529562427073803240397925463255379198264670298624536970562732957505842880924064000,3
geoext,2012,12,8395,5116,258,3.,33738,2239,1.073253721569379685302151185910711682852034633846316652843747654373879924543702729607749426138369702400513399910559920000,3
lyx,2013,12,6696,2804,334,10,464853,3789,1.008217948051021219934117024277487616,14
windirstat,2009,12,29930,4576,22,0.,81074,25354,1.4550251256541870339960000000000,6
thrift,2008,12,44249,20974,843,2.5,72328,23275,1.47448677961331721794046731941202721787995595250628621524927389161029906950489605839345106973339166266121320531807711769571142376981000000,2
auctex,2004,12,35961,28212,785,4.5,28519,7749,1.37308618206643589366120988266521342395301973478357139506310699456674063259569472724537183512668545592831855896627770867663200637440,13
tao,2011,12,22176,102589,431,5.,1004120,-80413,0.91973669107487764286197142301591732049840564705728658582868702920474597214428420044709953719145184240782490277977185995858128025192655685449717625651200,14
autoconf,1999,12,8803,4794,169,1.,23417,4009,1.206564303408146183251717274374120915278941566263954369007720493245744143638921645273691505607051147934805432263980800000,7
neo4j-graphdb,2010,12,1400046,713781,9188,11.,193190,165789,7.0504726100169697615063397011649695457163779903691992775294373919505000414073319036465077717603249378203060260525301088686822240000,3
swi-prolog,1994,12,247094,15478,281,1.,264776,231616,7.98480096535416927562237162685653195855416290736847217802930120163659889253971340888108320542220217862823686438912000,2
PrestaShop,2013,12,0,0,0,0,592216,0,1.000,4
seqan,2011,12,365362,317654,1471,6.5,299051,47708,1.1898123281683812936118387218269367688687177003270979632571062016770301061803888052064913022364374679876319419439692405829765408192486400,4
wcv,2010,12,895,330,86,1.,11829,565,1.0501598011397088712401564908752754619328102207046246542114723201041453414827933133187233302874624000000,3
VMPK,2011,12,51988,47531,120,1.,39844,4457,1.125950207707943907516094125271650201411715762519317602976598941074376000000,3
openezx,2006,12,1453932,939934,29389,455.,5337007,513998,1.10657205906819295023350923902779399305936903826999112533231016322662976334756588131700685591931393356269795870246071855871433491313725760000,4
cia,2007,12,0,0,0,0,60860,0,1.000,0
buildroot,2010,12,24471,30161,1581,11.5,58596,-5630,0.90382808629637458788824878602520658526544812386981869582879145311239915351213969148152169528970139521666373493772325714683944548834703088640000,8
virtuawin,2006,12,468,154,20,1.,994,314,1.46381093058408601076203563463299116475119980341851784595915841265912491013360000000,6
pciutils,2011,12,123,17,10,0.,10192,106,1.010509617290947012043829544625451784000000000,13
nooku,2010,12,935403,645998,4642,4.5,623773,289405,6.85520059973277529655384914303826066597416263208560554301734211664713616083556452324074098568892813122221363070669162680320000,2
cabal,2010,12,5123,6301,228,4.,28888,-1178,0.9566640915456635665822056846810273526045270503212323262138090156586479427136420399672218105390515348906275430092800000,6
ant,2008,12,18830,12055,790,4.,246304,6775,1.028284675341329256875499774099574505907741960397903480229682198455694798848575050475096970534712645840236340444172114273908793491618381079460947499520,8
django-diario,2008,12,983,952,63,1.,879,31,1.0428769017585714890930400712100521259025708733640181781379383749695975486945354580557164800000,1
nutch,2012,12,3010,870,161,2.,99861,2140,1.021899080034220721891682677376129298131551816596233994869781869430511277696052091160198757594463538700566837820503380105501549538944145058351050129408,10
ekg2,2008,12,59640,46264,1922,6.5,173886,13376,1.083872585901125452852045052377343503754564419395658964343320021169374799214898245049981513805908029358860591657919881013202217344000,5
yasm,2007,12,27391,17490,267,1.,145760,9614,1.070615368788028767412630743801123072204180686498627760957490108736846979398367231039630277946612293518159449754932696262776634627656487744000000,6
prism,2012,12,0,0,0,0.,17696,0,1.000000000000,5
jetty,2008,12,724531,667249,2370,5.5,343480,18125,1.057456325263340832881670217761167570992316343750263587179755986856224222594893345567200234855673694566931711476560707694073463704401326080000,10
jetspeed2,2013,12,0,0,0,0,286297,0,1.000,5
stxxl,2009,12,11506,7332,598,2.,43711,4174,1.1055719958428203479593562556693433551428852617856646652610909094767746875872279691919710859369042968967471794936143654945684318879285127200000,4
ncdu,2012,12,32,17,7,0,1969,15,1.00767656090010147547920000000,5
Mumble,2005,12,18524,4319,344,1.,14225,14205,711.24999998064835784406767227398454500,0
atomikframework,2008,12,27192,9998,74,1.,17500,17194,57.189542481435135506269065225970001663959427566159809962757221633158800000000000,1
shindig,2011,12,64234,32077,804,8.,202929,32157,1.1883037031910546716553785569200062899781202956683512504595519069472904515373313728620489783171316118553555727405123720670611435394262630400,3
hurd,2009,12,761781,7449,339,3.,1155931,435575,1.604666303913311345192107879729069174570926169477816711952107091185486592885390518092073006179096044695327145542968796984971053060895032946180773480361197174784,18
freeradius,2000,12,34408,13169,846,3.,36218,21239,2.41791841909318732090721966717214102715006011532593564112716906817034786169872332488873312694943882787598305492920227755176597104281600,1
dia,2007,12,73561,7793,286,2.5,342792,65768,1.23740903319459803807948625538405585689339463263152918993089507361546596112521206220552326743749595772652043410085410204561189259468499785748480,10
chandler,2011,12,0,0,0,0.,272804,0,1.000000000000,9
pylint,2012,12,2959,1316,127,2.5,21003,1615,1.08329894780577549165198296840316729476470374212683562784917540297043715910610389205658242128860810370198208000,6
GCstar,2009,12,34181,20143,230,2.,97102,14038,1.1690022151715368401431693250906518213164461455715340314544222988820459488360166061759079734766308218915590124669087230743862013855341760000,4
pyunit,2005,12,0,0,0,0.,1589,0,1.000000000000,5
yasm,2004,12,9744,15446,124,1.,124310,-5702,0.9524963968235575263582360077848701246671807194233665195116690776265614067011773763115257677039468072056826126147416072960391248242278400,3
yui-compressor,2007,12,8242,626,43,1.,9025,7616,6.4052519520632035466834643144521700,0
thunderbird,2008,12,734736,136382,3077,21.,943498,579852,2.65651648538818330074569202963013700594215636690697710388042283711674023596868252649282286883080850477121337762728232022379445276998105825280,10
gnome-terminal,2007,12,665,8213,61,2.,34095,-7548,0.78667721787816618758191294215800093724116137514202453909233105850351690968053859286602753854800000000,5
pypy,2007,12,1933164,841778,5288,15.5,582648,41510,1.10627893159586148825709479748037909434868309578209143606153377961788896381769219383186860982383176556208435500346369615649405029580800,4
nant,2002,12,14297,1824,138,2.,13130,12473,19.984779300834103558956102924690430958418640733050438925586447077207169842399979198437276563591473714539304255705509068800,1
aws,2010,12,12957,17412,289,2.,102553,-4455,0.957391661956533536142180798842895371327878698739094264451432741376374208417539784390735141636778694066388135240475472129792000000,11
FreeIPA,2012,12,72815,45740,1037,10.5,144209,27075,1.231145525646100432085915463389722631633489337353467069961160616652406740086519139240124968488962038080861789300724040430812467722500,5
osg,2005,12,98195,44405,1147,1.5,237266,53790,1.293171859004430895739668410202799465882559052163253589582967857458191419777675890682461250450960728871341046626728387226587122925184000,4
emf_compare,2009,12,62340,36070,429,1.,106156,26270,1.3493536889988467166118809810393387270997847469316889830180952261045917628038169316345451589008029529430912204246565412530415756428026910000000,2
facebook-pidgin,2012,12,75,55,14,0.,6037,20,1.00332391557279822340543060000000000,4
network-manager,2005,12,113083,76888,737,4.5,55603,36195,2.86495259688868669533366422473809973367857814620500281129375272452382019782283817719038456890986995087993341078988653158400,1
OpenFlashChart,2012,12,0,0,0,0.,139619,0,1.000000000000,5
findutils,1998,12,69,112,16,0.,18475,-43,0.997670891561362372574512141791789068287227157156650248828446182000000000,2
cglib,2011,12,318,13,3,0.,14262,305,1.0218528337000000000000,9
py2exe,2006,12,497,108,41,1.,5460,389,1.0767107079519375748708821974353134544108331668217976044171441116556763368855961600000,5
opscode-chef,2009,12,303780,119279,1689,10.5,50942,38154,3.983578355059835103803051880407512831950844733350353350728580113842550312154274888137332985439949418989714603377450575616000000,1
cpants,2013,12,77,11,4,1,14356,66,1.0046186144162436424836550,6
iptables,2011,12,28357,31090,431,4.,32747,-865,0.9731766311058208811124180150659226777359286514529743457627998199835612183460642185857702259842897118823385036594776462814856047520000,11
nedit,2002,12,15682,7805,282,4.,71109,7877,1.12457300101330549513087787398749503185823874553170205627241154127444698532788971116416481442841797790290785200776382671824647490176180633600,2
pciutils,2013,12,0,0,0,0,10239,0,1.000,15
sharpsvn,2009,12,8416,3530,362,1.,63392,4886,1.0835128021091442066100252367716285508430865689571986069422513016436955332553058039438655664265896836307755707024447594704575012147200,2
pyjamas,2012,12,101582,111432,504,8.5,140999,3700,1.0269484847682988817893441396196508671435424,4
openwrt,2012,12,379764,394225,4166,17.,878404,-14461,0.982473809493896719596499283857128709742292315927683058320845288458031776664788834276278781743139298319042150147331834439388750479663104000,6
unknown-horizons,2013,12,2605,2247,308,6,68920,270,1.00393643388205035563570255935826309120,6
swfmill,2008,12,394,68,18,0.,13165,326,1.025391385626377865532209312892519832830073939625044520966000000000000,3
dcm4che,2010,12,330665,9450,207,3.,386741,321215,5.9020999299549778518107952557540893727692387175867752213889380955859621691244219609509766378887276224757064785022087412725676752891738106845586979200,5
m2r10,2012,12,2705,2151,126,0.,14285,554,1.0403466608358714229628508409928578912222782259200000000,2
xmlunit,2009,12,26801,25309,71,0.5,18343,1492,1.0885407394165096625007290081408172987838839064193828421299538958212996600000000,8
gforge,2008,12,158,168,27,2,337320,-10,0.99997035543829,7
tig,2006,12,8436,4542,502,1.5,5658,3838,3.1087912083838458823511489887765375522042638440784726708953600000000,0
acegisecurity,2007,12,188397,180391,1449,6.,137076,8006,1.069296818196072251613554863126429947730802287966414255448601373611080196813998299428192733077228455909864067432330728866304000,3
anyedittools,2012,12,586,220,28,0.,1615,366,1.29303442749848858658534937941590613637661935229807146500000000,3
freetype,2013,12,1354,1239,57,2,294587,115,1.000390529490029786634489040,16
gnugo,2004,12,16222,11642,298,3.,81329,4580,1.059675044631051368110761125554174326736775576897678489151606621114909164627559302519381756631394326678045334499695235047416372304255312936500,3
pingus,2010,12,38,78,5,0.,101099,-40,0.9996043482131387700874290150000000000,3
mathnet,2012,12,33229,63167,201,2.,189877,-24524,0.869336345424366386951987187035416374067590930512038681099297232892144143194980256444871910846426111662215127155528196520196391795540121600,3
ecls,2012,12,14730,11400,465,1.5,858367,3330,1.00389456830487978738485971699502774037009490542981159267744550838240264423916058060030444800000,11
openwebmail,2001,12,18588,11811,54,1,14707,6777,1.85460277417729287402696771941767814912901539189148875678060316431252899361699329652866947414750720,0
pacemaker,2007,12,67626,47496,1182,3.5,54835,4625,1.0921131248794517198146939007758263056282840406561353460236655242673247758335195924870784055702538539412312259997369955285253597086688054528000,4
apache_zeta_components,2005,12,1618,344,73,1.,218171,1274,1.00587375574538063147605600,0
ubiquity-xforms,2010,12,595,146,8,0.,226180,449,1.00198909321223974189953400000000000,2
quicksilver,2010,12,0,0,0,0.,48104,0,1.000000000000,3
widelands,2002,12,33331,29863,309,1.5,18424,3468,1.3008327550025808952252915856827515595804208351465757027250615127489673865342341742800000,0
digikam,2005,12,937920,273645,4936,21.5,614691,544615,8.7717763576560432651480857977636788974553254793785302381332439097469549792505725687483494184268457391936587704835721069264944640000,1
dillo,2012,12,10938,4719,408,2.5,52645,3864,1.079211168275208205762054886959101392595505467843302431289882021662109099392284152799609003803229260484080056343280461082571171628218646737924670476800,5
origo,2008,12,133425,84246,1528,5.,135335,49179,1.577876220607719436367461223693455153561129070842603750070371720026663899483791989472501330178957615313083975222300385395433624932670000,1
konsole,2007,12,69401,67874,584,7.,33171,1527,1.0588189977542920327604785321772594376408523200977451211580931074812231182486218174343166140500526157369933705138675949665791667707044040,9
miranda,2012,12,70511,67941,287,2.5,760166,2570,1.00340187381057532083052626621703793261482056123897043652715609710950320357743948587718288622758893689621302807044215406650526425276098242412544000,11
glibc,2003,12,117985,47781,2571,4.5,891296,66182,1.080209522567637851831350267680603354586958817151956480108805290603402460789108481840009161843219646238936222048996633700965179462006349120000,14
m4,2009,12,2560,1896,212,1.,67391,664,1.0099701196712345311713553927542953296101960840720545841551211517556942338189871567123398222544473083100409206491340485083556610560000,9
tortoisehg,2012,12,13097,30230,804,7.5,67155,-17518,0.730931096963555555016763990363440317778363507665721917089689969013987685423242190567005980547578715077295148555175821754513991293044898662400,5
lighttpd,2011,12,2373,1230,73,1.5,81816,1143,1.01416830909932718134812831188217942900258896419592529132440953581160262327638589168465397493341712924753968098642892208634326476800,6
levent,2006,12,13524,2266,200,1.,27774,11258,1.6816420440777646254702433105381210444337415066077557254840603615196568434948733983773026845356747243651072000000,4
ekiga,2003,12,23226,17450,566,3.5,22234,5776,1.3509539433814037412282947706625054877956709512390423829278868980379739897942627395350423164599034467740707422360828564626837058175000000,2
x264,2006,12,23793,15269,282,2.,46251,8524,1.241712746367183808870095309847075021882282313966411704966137270325532533622818617788434365161833044102298676927854042950409126871040000,2
jenkins,2010,12,1985765,1457951,15254,53.5,2296088,472492,1.284461001946696025101067484179079657917034523645755566432959599492655173214870301019816057129654537345309607590177282696110893363200,6
cel,2011,12,76674,51212,544,2.,599107,25462,1.04439152129144681483637041398430282195680240515645971476014638925108093002097329028317911873859261335479029062131244175546974180838784000,10
awesome,2013,12,333,166,32,2,20833,167,1.0080809058353406207045590,6
kontact,2007,12,2111,1424,211,7.,9787,687,1.075494505499902361328834694529247834657106856185535680519907691767712518080675454534650475971335118034885355741041425705059151103990351708160000,2
rake,2003,12,2074,1553,90,1.,2024,521,1.34664005320,0
fontconfig,2012,12,6787,3835,208,2.,29391,2952,1.112111199723471606464516395905665596445468242003985535352326317267591875291675290439929659889513411931315945832302237295091443706144408360000,10
ratpoison,2007,12,215,143,19,1.,13816,72,1.0052386495925546453766599431163591471857535383735929973678600611960675162000000000,7
jpox,2007,12,886615,400660,4105,4.,1098389,485955,1.79348142001942095805404337197365944158790537037416573096371053716125067161006220682298330035227770955119700206405446931160082425344000,4
toxiclibs,2009,12,13373,8703,137,1.,14037,4670,1.4985587701459626062885184694930856628848211638321245855192624015471182378344703976113270637084739710065161575353349049164730160446760000,2
picocontainer,2012,12,89328,1429,69,0.,2415822,87899,1.03775855129695273913552128217842634131253784193859923098526689600000000,9
jboss,2010,12,446666,275271,3548,27.,739306,92074,1.142258108379255571656492514686731896614891282184348669464555821898134597032803326677717966376610295180129357938287363311534320114647040,4
gerrit,2011,12,42125,16178,720,9.,88136,17177,1.242069363987817996336886163072717516126053239233061954298906535386950457704108220847012022282062635445707857641261712104774192657279799296,3
geeqie,2010,12,1157,133,46,1.,84382,650,1.00776286246547104016654264249378475436030777350773148679762554867839918902208000000,10
nunit,2011,12,412179,212326,522,1.,604939,150657,1.33163761719618415994542464615152422276746461071018370060644136270460935900051072520117090433648442566707243416502912000,11
ack,2012,12,198,1784,15,0.,8066,-1586,0.8033721795434537412900000000000,6
cpan-mini,2005,12,66,30,13,0.5,374,36,1.106508875735707020630100,0
Dina-Project,2012,12,0,0,0,0.,57663,0,1.000000000000,3
thunar,2008,12,2101,683,63,0.,100850,1418,1.014261002493957933242213941191386545241254195752000000000,3
tsung,2004,12,18153,8916,257,1.,13906,9237,2.978367959070324421505092091297034371383806391676125749771793696191223881904098821286810325347741131406202475106598950646610919962112,3
agavi,2011,12,11044,4839,195,1.,294615,6205,1.021514510594977362147983280665856662110968086031219774380426067423906770180220299088832931692866851959542988800000,6
torcs,2010,12,7,3,1,0.,351170,4,1.0000113906243800000000000,9
php_beautifier,2007,12,966,530,14,0.,5808,436,1.0841861363525029096100000000000,2
yard,2011,12,7051,2851,336,3.5,23345,3019,1.1485289776548328787113554695371349457578725032469656096832398865067155773755193977361382367805852392337448006195584000000,4
grep,2004,12,331,269,27,0.,23377,62,1.0026592322541541675494740000000000,6
twisted,2001,12,28466,12496,696,10,29683,15970,2.1645883467599805474469215700374549639569238080529312,0
serendipity,2011,12,42034,10324,385,2,693427,31710,1.0479259301765824155550313494416784919663861403289769763370319889593286755042563204914743831616606281633265000000,8
gobo-eiffel,2012,12,1583386,1768944,64,1.,1982681,-123966,0.9360876787548295539365246513219494238171425064802829528407986907894279330671682795488043161458786347612685042694299384964077680000000,15
bootstrap-from-twitter,2011,12,87905,61817,1279,6.,8817,5551,2.6996325781382612637993548993631342783915569503835151296413817445343811287524364821840,0
swig,2002,12,274558,114058,288,0.,226251,107000,1.89726710886370903265280000000000,3
god,2011,12,1140,1035,55,1.,12847,-192,0.9848341232248818787277671129905270000000000,4
origo,2009,12,99776,124123,732,2.,138309,-24347,0.81868753815383701474588482077505596956121542548368343138096778741424554053725215456929069108887184011756339687193247603310328300000,2
yasm,2009,12,5276,7335,90,1.,159653,-2059,0.987007168458480893563837071055525448183465520313449919051906082263183505352144831339554265356430954335987879141111350519630373256867840000,8
apc,2002,12,0,0,4,0.,18309,0,1.000000000000,1
libidn,2007,12,10384,16512,147,1.,43270,-6128,0.8526320852661959694542230394828805411572154535462773403066590504879614766210860949942887469726874245445664428555699200000,5
nmap,2013,12,928275,462432,238,4,7167837,465843,1.06950811951962661708234869822122942592,8
brlcad,1984,12,14478,3891,135,1.,18565,10587,2.33203321584883721940232778941949691829746450780833785417485830355539427753090979690972965255514713686313216000000000,0
svnkit,2013,12,944,371,49,2,199912,573,1.00287450022370173540046526415303877544,8
rmagick,2003,12,8841,6441,196,1,31560,2400,1.08230452675685897226050082256137908613031300847563697610,0
specs,2010,12,18893,16676,37,0.5,22883,2217,1.1072776541173645984049037596610424655985057443814388991025677690400000000,3
struts1,2010,12,84,84,1,0.,172008,0,1.000000000000,10
freeciv,2004,12,95542,74624,1799,7.,254054,20918,1.09049221746017962334759414919812051859165150319873381298854500493135575839175769057373151140929465745614912532172617878686124767666316222464,6
HAProxy,2013,12,1063,501,76,5,82727,562,1.0068398953325233659690216313015001124,7
oofem,2007,12,9834,7751,112,1,132957,2064,1.01576860489084380427912930595884497025751739718708037240384230656682489348226797402169563244913100800,0
evince,2011,12,3899,3117,160,5.,73032,782,1.01082352941102078142275623358399898434397137880708734735380056568245492580639857180417802216462501611331671026573904857657984000,12
freebsd,1997,12,421408,449143,6395,42.,1818298,-27735,0.984780030696536468144661030063746687257222406195644050024599097331804482973958292345800386466350173990185271906288385549094797752631646400,4
libgdiplus,2007,12,67230,33319,215,2.,150901,33911,1.28997639893163257653301892563230921499053985033894440214027031777318566903728924016832891701322824633850061082497531586168162496000000,3
kicad,2013,12,387560,377551,235,7,741497,8566,1.011687321180686251652531989241138514,6
gcc,2004,12,1019463,643219,11171,83.,2562372,376244,1.17210520151584367043587756370739211404669451173486910708557154391375241159401448652052502619233588900902784500309543673436231443260112896,16
keepassx,2010,12,42318,17699,156,1.,120088,24619,1.257874283784132025778255083081624419943773329020672996883846826059155967076712575839347018392960000,5
quickcheck,2010,12,1840,1819,97,1.,2792,21,1.008261211642092949834251457472792275096037695042153254974733919771693865980800000000,4
ctags,2001,12,1073,546,34,1,14904,527,1.03665576963,0
mod_wsgi,2007,12,35776,18020,401,1,12236,7704,2.699911738799275372146010283280017612719484401648000307774923391577384147866106744575341836888000,0
gst,2005,12,4731,6256,121,1.,269166,-1525,0.9943300751407075867352750839402682384564764805328047693738113781667294627573301417062129965452048754720197732798538524977139200000,1
sed,2005,12,1054,1220,57,1.,37047,-166,0.995505496290602242586571959915876156272805031024436643032597282905293215421173675894465632360049376519609139735785675445752018534400000,1
tar,2008,12,734,386,37,1.,26573,348,1.013280415204462353269995581749426586383171989783893178273102657652703376273021064292389322719308209210921600000000,18
gedit-plugins,2008,12,2592,1296,116,3.5,7968,1296,1.19798350140968399853153655081405600906016193243864050059132788753649608482383555238414688379200000,5
valgrind,2005,12,256901,269218,2766,4.,214157,-12317,0.945614065989011148836699482447032679044106535604733718090131218251937577661849253000410534730697914164678661818411557232835148800,3
ROSorg,2011,12,194153,181197,3446,12.5,289902,13781,1.0553616120651675834967100015773331383173224922106992575102660481551006372671086997519486916932716937480052545153250650149938549760000,4
cvs,2000,12,20868,5014,291,3.,108254,15854,1.1715800865877692693188057319901879509227545193189888936476834225237792626812230036443695461806714082650013916603430450885233755159109040360960000,5
openmrs,2013,12,2652,1319,107,7,247092,1208,1.00491288575109057093152582056024239150,7
mod_python,2012,12,0,0,0,0.,26027,0,1.000000000000,12
ci-cms,2011,12,187,180,18,0.,83717,7,1.000083622028428741819892687342644208174820000000000,3
pidgin,2000,12,73552,27602,1269,6,70560,45950,2.867127184155211289787172696085057792289788523994408196444493658533108096831707379690271858758240,0
ajaxscaffold,2006,12,6963,2566,50,0.5,5485,4397,5.0413602938245238149998131663307317370134272000000,0
translate-toolkit,2011,12,1063,443,146,2.,40928,620,1.0153815619723612240714813793205326278715825102908361122876041207436397219513721733565183893894481729539131439306857543906905833469250067727651723850960000,5
adonthell,2005,12,8025,13006,60,1.,90731,-4981,0.94471023099151553996613502773831740002196947544064872338032418677397558293856342416000000,5
checkstyle,2012,12,522,420,38,0.,214784,102,1.000475121342259088680316283546784345896000000000,11
gnus,2005,12,7315,4398,384,5.5,113490,2917,1.0263807620307752930787841099417486090650559937395245486535374053423994707063930110704739123885609986064555341175028933423901850965463393835970378000,8
libusb,2002,12,1667,626,94,2.,2971,1041,1.539378238385692998871684837439944899422036565454243359246608135892573176535017986961602683310759904848546271643473766159360000,2
sox,1999,12,10150,6801,120,1.,24326,3349,1.15965104637743316916123728981968112017723175157960932671176849487329284750304591872000000000,0
sass,2012,12,20401,10873,300,2.5,22013,2754,1.14322117635052789815938980380778746186129588362331060226922931802330753223961685486268893527127559175497212042238278470950400000,6
processing,2007,12,78486,113979,828,3.,200802,-35493,0.818200909657388354187713280530185975774034298552892857339435028147008841452943421095827295523474154930667078706594069338701312000,6
elinks,2011,12,2490,3428,74,1.,122071,-938,0.99230327398002117112846397244957138593074115055224199266646829519688735830018018512100000000,6
dbunit,2003,12,20288,8400,159,1.,28630,11888,1.797584703234394693644300629010040094262784445493023255327437969029778269518260693554233823853188371935369646767002807236477898117120,1
gwibber,2013,12,1860,15420,46,0,14806,-13673,0.076523031200,6
L2Emu,2010,12,0,0,0,0.,831555,0,1.000000000000,2
aptitude,2013,12,0,0,0,0,140042,0,1.0,14
php-js,2010,12,19375,8155,221,2.,350211,9475,1.02780745210475027004437782856886705592276450007695104312286681974466824390021894880913135355345154751040983571018757340894047573710475488000,2
stepmania,2006,12,0,0,0,0.,296053,0,1.000000000000,5
coppermine,2008,12,427819,188909,2850,4.,580980,238910,1.69842429908965915265256358926386464953003385760214056592349029613542760642564099382639253040201357010760091646921855971509314442806280192,5
gnulib,2011,12,70871,28796,2262,10.,454729,42075,1.101961934205851514984982865574963891441916648194092274299942715612683543929097139997588681205803129525103796317018259787372333797487285370880,19
apache,2001,12,355379,309761,8525,19.,446544,45618,1.1137815955816387581818751992890459180042361837324283556654348391047849012787651390154422486285362510339177839971522357319011309690153424000,5
okular,2011,12,10309,6205,296,4.,69298,2099,1.031312935417950900229181427856428928766305240016300602784658320858475502231661803793491425227068354793315929843887986466208050267494400,9
ace,1999,12,1580004,1136035,8059,22.,1214356,443969,1.5762934733942501151927078355594859294977464246841614469407277105720770837545520835033289200066561947269047214054955819934255104000,3
seahorse,2008,12,130304,128151,370,3.,62564,2153,1.03696137340567495678924695995378855660698067531580635900217260032430775456327485218208121550455994140722549578409035689895099025810565000000,5
arquillian,2011,12,191105,133922,1745,9.,106912,46820,1.779138654051326871039520492465048937704374225129933689230305348204800807468650389777375969636116668061764511411319388677699796992000,10
cvsweb,2002,12,1749,1675,62,1.,3140,74,1.0241593209192201422975927837470087598730640243791766446970232540645503809673373485774233031456102233600000000,2
nevow,2007,12,7187,3598,99,3.,29060,3589,1.140905343322509065255398354906958882907516341272374949710971484494503323278308359741244476192227535539178746521673137989558975240718272000000,2
opensync,2011,12,24420,832,54,0.,152796,23588,1.182558355495539237970609458573812786773513130037000000000,7
monit,2013,12,0,0,0,0,26658,0,1.000,11
arbit,2011,12,6269,4280,117,1.,115592,1989,1.0176050416472174644464992844839864599747650417160866849138556560250966564630329830086409115392034866831232960000000,3
joomfish,2007,12,24467,7842,464,2.,22492,16625,3.83364581561751164820567874997829628742817603071966335186894025494103451986090025084287599487652195124771948684800,4
request-tracker,2012,12,64318,26342,2326,6.,507851,13509,1.027327234992029632604136253319830178605540172882509637680862927614683758130727718350562615597429660118939650545355046991488150112198322244897622080,14
solrnet,2011,12,78755,22844,317,3.,240378,43157,1.223318654796183753028528153655340985958865364389460058475629542967500600630250350790408925648976134197999067125818559700560173054540306992000,4
rabbitvcs,2008,12,158,113,12,1,1748,45,1.026423957717552738332520000,0
liftweb,2012,12,34390,22036,674,6.,254755,8794,1.0360837221110536607868519374711935946201429712020734525118388668978257138441124229244649695785395288442853577132321968013982582088127231030774400000,5
cherokee,2009,12,52876,20460,1450,3.,107216,32399,1.433043292300087762087699039383208481616905540110026442190562529516848866679055155194587363500569355803751070102643011886295790387200,3
easybeans,2013,12,2237,556,58,1,268703,1681,1.0062953614309725194297074382196978212,7
scite,2011,12,6505,3369,477,1.,101027,2621,1.026634554802844852905441069982062295183754570289363242213452003881674098453959283988761952420133671610610120233830552301835437712543985226897075200,11
eclipse-cs,2009,12,2319,1266,99,1.,57704,1053,1.018643107536705808556122575930789182519582056370041753369020447906176332419348224834229870435408367359006989952000000,6
bzflag,2009,12,167560,154187,1672,9.,433009,13373,1.03292180057341054878807910986385410244661818813539919803278075704542143209002863093942904471743623024061683896186551422164913960297557996873600,9
dwarftherapist,2010,12,14487,11243,215,1.,41800,-108,0.9974162679380224337011939295109566045895190810335248921725438220019498613834568516218560000000000,1
gnome-commander,2007,12,55305,55675,528,1.,95882,-370,0.99607942865544226104926228415464794707014310721122508242411918748952239138394432964309178110508950540698294137317849343618281273318157927615180800,6
racket,2006,12,460536,321132,7221,25.,3318911,139358,1.0438294313722613173294332733364615765955274351152042253124452453143161685631006506257836174100046384935135600268971181528201269186926790880479779200,2
hugs,2011,12,0,0,0,0.,81336,0,1.000000000000,12
frascati,2007,12,8536,3201,79,2.,6013,5335,8.86873156367445789835211503125030470802816671381747003542232748096,0
twisted,2013,12,3994,5561,70,6,202182,-1567,0.99221590796168723772628327655125575,12
feh,2012,12,1972,923,82,1.,12172,984,1.087951376479438741484021537216649568674678420598766746474135038987919069251184203466243621321956151398641970809482616832000,2
kajona,2008,12,46466,50094,704,2.,100851,-3628,0.96297845848375864937614254471435337249088798439226972373326273529426416697034157662913683704218086789382199686859789406129456111817113600000,1
three20,2010,12,91661,69193,1183,6.5,48667,20272,1.7139285085265120869229287377231637756171975079102685813065310003342680393791943513322940382076496253012554462668736319001600000,1
enigmail,2008,12,1211,1243,66,1.,39046,-32,0.999180705616512509973818667124944992342191680586309876314084610700518446252965675058553697000995757199092946062652650206516176491716151040000,7
rapidsvn,2005,12,19465,5332,132,1.,30226,14133,1.878207916540788485476381425735153350563285371973542010955565801653103484269969437181922325640647533039597340767434240000,3
fluxbox,2006,12,20700,8115,400,3.,57171,12585,1.2832481826376155049747519915284112090359822309659207011572726060192869760244007254520570459832114782126254875439651264821632114243808000000,4
q4e,2009,12,62222,130264,50,1.,93108,-68042,0.269214245798547842884296331934450254944539136872878026674854065849600000000,2
springlobby,2007,12,136418,90137,1386,4,29943,-17984,0.62476265972254381360265860696491435172743529162498870927768571260278240,0
xmonad,2007,12,7067,5883,629,7,1777,1184,2.996627318768800489029678749271454283566683539066751910902450652287441052820401217262884313907200,0
openrc,2011,12,1639,919,173,4.,14106,720,1.0537875392145964793832427014517403312252144575210215455143545138426548059097428837765893593744593120809312893056757338209184616832000,4
werkzeug,2011,12,8768,5788,341,3.,18471,2159,1.1323565473319671628555189791390891915608380333144948205772576284850092127579767039205794336109148696914923158655353277837757079795455122718967808,4
gftp,2004,12,7332,6325,246,1.,24050,1007,1.0437009069994933888986437060567784850139762426414889882788281150653615607731529800364610542447326529661681589238681039084242173056121487651338400,2
vim,2009,12,18959,9672,721,2.,1687788,9287,1.0055329129979033449139848223949750047185056751981521434679473337184256705051066747286659138687033341005855652108599508021042999896218150356915200,9
sox,2008,12,25633,21045,544,3.,41602,4588,1.125964363167241846451808487130167585627961879752511466538610332158848326173484287939279903292343198609474111754191990978084774974230653944320,9
iterm,2004,12,13490,8283,402,1.5,24881,5207,1.2646640235717555145488838249519308629484149418666019793218057698311348270454849286205002886203550884553234306825482611964271725734282113495844240,2
audacity,2002,12,35473,23791,738,5.,37706,11682,1.44889332923870165507822247421839619630907879340283876255026069635180251937585641705463524282207972141673527367819100694968205575240000,1
libusb,2008,12,8616,5533,200,1.5,9548,3083,1.476875483454664410959108426350501791336399846481276626724673844472715842262496025030310508423845101340497989443317440914717184000,8
openjpa,2008,12,124064,30689,570,7.,299832,93375,1.4522733547471410929114379204732760183372295752968133477441522593897144005649079300403068319322368406558348412281217735003256784818648220,2
kde,2012,12,8898118,7484174,68639,267.,24595785,1187173,1.0507417690448687984430410030822310924758041400065375615898236015158503121971704738685861715089368376432905208710258170934357340348817308100000,15
pf,2011,12,4691,6372,248,7.,60710,-1681,0.972127804210193279339904667413923300103575378213205878626784193124766296761533719895082171404586626442113206962528466617632532363389891822965356193382400,16
mapbender,2011,12,622613,291513,1751,6.,1201180,325040,1.37751188724327422407946329467744447448463264431918239833205462604663790717890850860186903054276146906299034725108730309192331020309214003200,6
octave,2013,12,46938,92979,497,25.,791282,-53519,0.9357985919046257610258,20
virtualdubmod,2008,12,0,0,0,0,347766,0,1.00000000000,6
calligra,2005,12,774730,574376,6346,33.,1111997,185575,1.2003136799532897436567009402243513666334506513826074066594622528973605115713276871527407346790807699702635368328397998437826880000000000,7
koha,2006,12,173855,93563,594,5.5,179373,80292,1.8117354470890021158620360510154577183106958585501118139842264979701634558368785344327389278788861808619216571747981801284933136776494340800,7
mojomojo,2008,12,16961,18103,300,2.,16348,-4015,0.73642749298697072092721436864181174844809679355280848091367418118403491458671686818492187254007969472684633786314602571611880383298659840000,3
jmol,2001,12,46741,87347,259,1.,93263,-40606,0.5509675992243761610260284906130747735784366790326857844103994966425507410411456275640533698053341184000000,2
blender,2012,12,697552,512817,8970,34.5,1130014,184735,1.19542907439956816334339437577368750063427022671069701047823655631353798783299504167553229176798077722447033823254242633873904008448000000,10
mldonkey,2008,12,329,290,40,1.,220241,39,1.000177114129521419829065721088844586914432626918077294848997880024122432687313747094250433355256000000,6
swt,2002,12,141681,102219,2616,9.,202950,39462,1.24137551381210601384935432788264494511986229269684194971382140709046332348894658785338773837115202844292542094558297539899518964782080,1
jruby,2010,12,234927,121894,2643,13.,640431,55673,1.095206906111985373404802222924704725143711748938220239717626596814822276838418530479402825575764089828776145848629007202216317122227217354752,9
puremvc,2012,12,0,0,0,0.,11907,0,1.000000000000,5
lilith,2009,12,63862,32552,438,1.,69062,30810,1.805448081268142245968435393699165182140459765562953092209515650271013081619756990897594971959595734001451733733251790260499520883200000,1
CodeIgniter,2006,12,22011,15664,961,1.5,30229,6347,1.265765011354520003446796694700800,0
commons-cli,2011,12,188,191,26,0.5,7902,-3,0.9996196272351688457202865223081955168000000000,9
quartz,2006,12,16113,10678,342,2.,50168,5435,1.1214986698900322880314901454195069715365217969813859808528610780908133830184484201299156387285864762645613388332638976893686430086564422023577600,2
NHibernateContrib,2013,12,0,0,0,0,1244737,0,1.000,5
jgit,2010,12,105234,45221,1039,9.,93673,41757,1.80431851459953099846260690663016474064555154290653258705186700802557890759034211369973841209838220039817943452601348924276913664000,1
ettercap,2002,12,45812,26859,278,1.,47317,18953,1.67299907674257813123756699046875506174608766734590063639390904493591996557652956518027756210165436311615338125759905085440000,1
openafs,2002,12,81735,29893,616,11.,854666,51842,1.06457455183043791528780343550172244704550274216118433576039439622917922924892898518682198781170566387356090562746769957758482247059048055636525056,2
CodeIgniter,2011,12,32624,19588,829,9.,45519,4861,1.11955826652462410886144173908848293953634940133522105000781970845157078609868801920000000,5
struts1,2003,12,366825,67961,1262,9.,507828,298864,2.49850081727063808893275555860792715965974014484718746778976965509857462784841384152674712810649277775152231539569649990552175811650560000,3
ddd,2000,12,17946,10994,470,1.,168432,6952,1.043051771113376474390419967913398314054419980937558706294384457194235357333197171563487488024138240000,5
wso2carbon,2011,12,3167899,2181939,13753,46.5,2809499,985960,1.54068489902237538659769243959413895635747210873748171768737262383311250540580880215077430057588933839034669712845831978588625474120000,3
php-doc-translations,2009,12,685660,346128,2713,15.,2857415,339532,1.1428379714016995532786656594816421118914587528734140914311264862542437913985755462573138801968648675857211469958687147479446176798538240,9
xith3d,2010,12,1611,1302,52,1.5,121457,309,1.00255059926744374556087281569668607691038242103209771073202932148823501959738632269500256465636684632179584843013468805352822125248000000,7
parrot,2008,12,381447,370912,5975,19.5,361180,2243,1.00636263320498027163332815528413912662623683877840506104811857537588754123976395909419458019199530711440321438912448007773828650578739200,7
quassel,2007,12,47558,38792,311,2.,26348,8766,3.0452636487067547823303738870613494295277650519778943324263205262612708135502630802434726620000000,1
pgadmin,2005,12,623952,573342,668,2.,452390,50610,1.3155118887563148085049483509437493268308105615034759762540634503864891045725458868775552426560962304071922662169742081073617106038476800,3
jnode,2004,12,230772,60445,918,5.,305573,170327,2.259386599185050216825694994388794936353118090701297354258997763635384902090103206922569306982214974770138496960912938832465920000,1
bittorrent,2002,12,9145,7856,323,2.,6558,1289,1.2446384513062872864008800324747042259203443875196850377746816955984292027557351848437762488214921584215451030459912701481016735967240160,1
mdadm,2008,12,17751,5130,458,2.5,23158,10816,1.876357154474645622423889460846097049930736128843603934157616887248133896499673403317427634710070912000,7
zxing,2011,12,38415,28060,426,4.,150432,10355,1.07392362771556462604566613352912914379663059160319044444181565762100954495430406218396951427206842736086571293228591169369564009078713830400,4
openafs,2003,12,155237,126321,623,11.,883582,28916,1.033833099711585158423423606872552488331097634526587163726758583763368431790356869113634788334643524205840611952813610401861183613551381045000000000,3
konsole,1999,12,3692,3293,155,5.,13993,399,1.030268548028889778084893892645591241954373553248264169976166113138981328277034592286993406654179758181269205573990291684027461504926538720000000,1
liferea,2013,12,0,0,0,0,73798,0,1.000,10
StatSVN,2013,12,0,0,0,0,48414,0,1.000,7
aptana,2013,12,107,32,10,2,2535995,75,1.000029575065457931065925908040,10
websvn,2004,12,3427,868,272,0.,4583,2559,2.264328063349008762482552846480366653306560000000,0
vim-ruby,2006,12,1600,890,66,1.,1993,710,1.5533904909877185792918051270320667979544053775179594169237311524597529759701983569744506000000,3
apt,2005,12,35928,6705,470,2.5,39762,4596,1.130694420736204515299886399560610759098483444642210382799183309860467294035328650086688898988257233474497348030369600000000,2
SPIP-Zone,2009,12,2770347,2168858,15220,49.,2411371,601489,1.332336030682269820660036628540276997255369909264800769307343044006324028851890977409115941026499841468411590830461062464558049600000,4
windowmaker,1999,12,67077,33828,620,2.,104625,33249,1.465828850032533835816226552839846503188081100367376577351685059306742882214461164055928695196165854790992408311986589072293384760000000,1
gsl,2004,12,25617,9060,393,1.,667220,16557,1.02556019544092518932719346639764022653477577380730916964189272270139838717300505782632205710002306802133683733631705668518553600,8
greasemonkey,2006,12,3030,10981,59,0.,11440,-7951,0.3046178065190477313405438238524344874144888030000000000,2
winscp,2007,12,42946,8496,28,0.5,219170,34450,1.1864984841629441661139448578792519187130355335985205342976000000000,4
chicken,2008,12,32853,39559,488,2.,148556,-6706,0.952679673994970570596511624243111737018421054982680159467489457148521107081070734266300640241202750530092508424364459483589360058193291728000,6
tramp,2007,12,3941,3217,131,1.,12570,724,1.063187292716240835705766507983797580375834089808995863189754775627611519517302582586685689099187713784270805051503105395652960134598095264000,9
mkgmap,2013,12,4206,1282,85,3,58027,2924,1.0530642614754189838786955256403872,7
google-guice,2009,12,884816,808408,456,2.,426316,76408,1.2183659704903548857046590940411030670607897485169245085516840344622991279290671763876254099366601023694867452096736030995098883933014707483520000,3
coffeescript,2012,12,1338,714,105,7.,25535,522,1.020869148042986174836720,2
mpdscribble,2006,12,645,272,6,1,13544,373,1.02831979349,0
apertium,2012,12,1173901,720075,1150,11.5,16733052,453826,1.027877615314593241976828292815310889843164610141870146653500605894945200659190326486667562151400618235077838692242943579479676243713651200000000000,7
dbix-class,2013,12,1206,643,83,4,50220,563,1.0113377771515836129607081573035733495,8
sox,2001,12,25138,18131,142,1.,34390,7007,1.255888690065884845758778863522831130796647948394315129021922641680669832571205880359643361430904158708483301958295793095002926400,2
wsdl4j,2005,12,1294,635,39,1.,11017,659,1.063622320910055902926570880044006836952201878414240350244737670259362608603569274880000000,4
koji,2010,12,13634,6954,253,3.,26647,4013,1.177299637712202038377719927509128150745210142881290799287521069559523513620976954286972979660070734992000000,3
ontowiki,2008,12,163000,344814,1806,2.5,222302,-181814,0.4860643133640152616367936696239394996633592055998744000011208184360491816860664422975205367833572988942819063959634673008640000,4
evas,2012,12,57356,41628,870,12,161937,15728,1.11213540664535056882601260173754393487642202469692499045003653792218306767068441605213928508192941709353835916328960,10
perl-ldap,2001,12,5415,1520,129,2.,8078,3895,1.931149892425829044863662144846056623349035822030093421079400558526201526993078254245777888877932156104494349265479270378764909862400,1
commons-io,2007,12,1007,284,35,2,15670,723,1.048370910547550756628515886163831500000,0
perlcritic,2009,12,53314,50667,492,3.,42114,2647,1.06706869030525188863170392840007231377723072471558631914182325404228993267769856253839781938391060701063113912505479517354101344612270412506400,0
Hadoop,2008,12,1193101,716377,1973,14.,832004,476724,2.61554806221387880936099496456263923762014756017514998284630613632505787905819727942582749407344106288023848348393042238186158080,2
redcloth,2011,12,28,1268,18,0.,3254,-1241,0.61791871919233325608189484721878400000000000,8
heimdal,2009,12,68742,29000,2059,2.,300385,15508,1.05443752918212352907152753057119929161933412915706592722892718718774165355543875014644858456590866048836040869152756005719485092646519096637440000,17
netbsd,2012,12,720638,590932,5881,49.,16723595,129706,1.007816491963376731401673078845474848924132200705214234221041798203674504946463257368467494141121254542631450944632666751467930672631057080640064377728,26
autoconf,2000,12,71502,56367,1026,2.,38552,15135,1.64632531912969798194363210144208573256125283520667724674567845909619465367274875289183483254548892252227110289658007750659678400000,8
kmeleon,2004,12,3691,1627,39,0.,32575,2064,1.067647733609536482415637679210114000000000,3
jedit,2002,12,55028,35595,835,3.,128624,19433,1.17797254352382315638509690638501896302064766527409618581777430241084411745218448981818058818021890952194829464576280414348721508904636800,2
cake-syrup,2012,12,0,0,0,0.,47661,0,1.000000000000,5
xerces-c,2005,12,105196,107671,388,4.,416095,-2475,0.99403134088989977302880651342761737500691910767097219692830945174881694644821597088661195674546342205131323974503378875162430537563669932936103321600,6
kget,2013,12,792,6,9,2,43757,786,1.01829140582738207970891420,6
libreoffice,2012,12,2349522,2915913,21203,79.,12934887,-459265,0.9654849360274991291073090670731354129675474755841339275282614969399608580545191906795792455806890445958296512349937857575188935553567404021970398720,12
topgit,2009,12,1010,256,112,1.,3631,595,1.19598155467560977312477782364583631887153533966671768541435585441125714366788787200000,1
uwsgi,2012,12,46361,35453,907,5.5,56252,10813,1.2379673848228960442187190014473249541096465832341211812984870369885150635965407365688707767150567640006055014400,3
wtl,2012,12,369,190,21,0.5,155425,179,1.001153008773148386457274319875036445473132852084823997524748336976250000000,8
collectd,2009,12,90137,34279,1463,7.5,88164,27990,1.4651510619684458718622586807110697500506891307958800874129364822592787807426571329656313078310717578090595455356701826964067796422912000,3
lxml,2011,12,650,218,72,1.5,27660,391,1.014338626279698145421292008044933319102838406326958257042556552228422074694614337380865464008506336868652544000000000,7
imager-perl,2007,12,7024,2943,159,1.,54023,4081,1.083740304508205256375426340858721921257070579240006700894290345017507942684366607161471820425134935074765949905808605332460932655498406400000,6
dwarftherapist,2011,12,1008,603,20,0.,42097,405,1.00971409383115611497130540000000000,2
Guake,2009,12,798,466,87,1.,4562,332,1.0804263565878206347614196714966197212988850646526143273927993067805392161968840815054067200000000,2
lxde,2006,12,218503,175103,899,2,88525,43400,1.961772853188618693361915016020343559471600370916253881917080811342116145740502022140105411343456316167594385600,0
xen,2003,12,502941,296681,1240,6.5,187823,107109,2.327018856593928899491341963258817589937621665365321929850350328415283759861456046057122977123549248122820546356502544597956043148000000,1
moodle_contrib,2006,12,333583,186562,2801,14.5,596890,147021,1.33449061171317530338516185744965553269089125651361238196637176548338107567994530523462152631989298998124458970989455273250119628251136,4
e17,2012,12,108724,93805,3436,14.,324345,14919,1.049233399118665699501496593253448432849522987328441340841408623977888798440918885414578158510280242621508453433317749329172052775098037120000,4
backuppc,2012,12,3930,25,1,0.,36964,3905,1.118122145300000000000,10
psp-maps,2010,12,0,0,0,0.,2484,0,1.000000000000,2
wxmaxima,2009,12,11660,7077,447,2.,25290,4583,1.229678260001433085131681593239472098470091507776235955915269314519550980532134467036039065180928948060503021214347503915039776777335680,4
Darwin,2012,12,2564,34,22,0.,17667,2530,1.167140120280348677740153170488108889673218948039951755919360000000,7
tcltk,2000,12,112318,58986,1449,5.,558533,53332,1.105565903467006405209511154969682573781679241345368035112054867857312256740450651004502681698869639002640621171816537791180317970054896025600,2
nsis,2005,12,975882,10977,614,2.,1817681,964905,2.131487049482517665486771877040413885175895982226065000069687588134059859421486023936256002526062952891722435975596077520912002480000,3
duplicity,2011,12,18186,15484,225,2.5,15688,1584,1.11230856494701587002128772223911498357703233207252155059758362754964748843165859590060017812355551925120000,9
cyberduck,2013,12,68,55,13,1,162888,13,1.0000798158096700,10
conkeror,2008,12,23914,16633,807,6.,22374,7116,1.46637829333923557367102440584036646099689094300870032098349491708544943468565969447258568506034296456520470810808191263740696800000000,4
Gentoo-Sunrise,2009,12,36869,31760,2353,34.5,29605,5109,1.2117105917212399473093283687379591208894262929678844088444605663697702056729413026134258279327056490618267011806167802297087186880000,3
koji,2008,12,13505,2695,279,3.,23351,4112,1.21373252247790572563961287177783142779226504623160296003951654519538418341808974188263142744434135024449733895400000000,1
inspector,2011,12,1730,596,103,4.,13359,891,1.07147441040512171218422471839664158208292148436710012582147281691191170905555199348881476859617267490783232000000,10
ree,2002,12,52428,21142,1141,10.,135376,31286,1.3005668171902275158499350686880390318022133555450895794373696745186276932409601250984246233535194899775275921987997596302985071396352183360,4
fife,2006,12,27508,3099,95,1.,35270,24409,3.24739895025545926890785934873634974913188447777346395690477844969800000000,2
bitten,2005,12,15431,7516,437,1,8224,7915,26.6148867293008829124997851985282477941477066987463029421992000,0
gftp,2008,12,7961,7981,28,0.,26529,-20,0.99924656244152433110088248482329266170000000000,6
cake-syrup,2009,12,44936,3790,145,0.5,46052,41146,9.3868732165170857593288314205553651501680941738759303508014912413184000000,2
genshi,2013,12,44,25,6,0,17128,19,1.00111052662300,7
vegastrike,2012,12,123568,2095,123,2.,1000572,121473,1.1381857356058425432262737729668881217128237282657967996809382882031132142839142900262761223822056405548229967887161116931025799976436736293376876457707520000,11
geoserver,2005,12,0,0,0,0.,114668,0,1.000000000000,3
communitymapbuilder,2002,12,0,0,0,0.,693,0,1.000000000000,1
nexuiz,2008,12,25905,12635,540,3.,32246,13270,1.69930438438029771340580057006736079999715903750735922697697466529463721368828827528190653670839184762426756387436402158712627689472000,4
inkscape,2011,12,245955,188771,1155,10.,510868,13944,1.0280821035017063822240625957884627196757489593992632421616651477265708963262868474299527161631032516577801392061980235182956650750403746711154688,5
libglade,1998,12,0,0,0,0,3504,0,1.0,0
db4o,2007,12,9460192,9447916,3363,8.,4052652,12276,1.02226631795230701524734711191300627980567835435283624140850840650189584423205077336768710012932488556350454338776793880235161600,2
mockito,2013,12,0,0,0,0,4007,0,1.000,6
lftp,2012,12,5134,2215,100,1.,65400,2919,1.046718202331599153229029921148250136435938676028015188882500950724283495088931224008945596802028499298885513082667266602696704000,1
bluefish,2006,12,376910,416989,869,3.5,470135,-40079,0.9122947914076190888854535074828489909768727502455425343598568231901643350032359703754324613759405089660554118059398064963628744535157922786284385280,4
gnokii,2011,12,5709,22239,250,2.,188377,-16650,0.9112369254425827988218206849856686106191194153834139551592187844000531817409492008909623670961419225526424330657146312480611840000,12
IrrlichtEngine,2009,12,184542,105509,906,3.,654849,79033,1.137253914451820969365622438514136028897094428636955623417048665022708850088698744270699955981653325206073946128212208202440194040686715304730762240,3
noosfero,2013,12,3381,1735,125,4,424656,1059,1.002500017705237287008009184684070834532,6
nunit,2002,12,65890,25274,580,1.,47113,40616,7.2515006918377943380102624122236189836972545373724199282588960000000,2
aspell,2006,12,44,20,3,0.,27797,24,1.000864148633600000000000,5
tortoisecvs,2004,12,41769,20170,466,2.,147219,21599,1.17193918164777831702482353046370602821600084773831978904272451052101524207171577094775599235897686040832535683343401483924248894214238406109440,3
auctex,2008,12,1451,912,102,1.,31399,539,1.017465975372034037887555086512745607117017828620529042124925068525893605171865939434821746264721876659478085924608505937554795753817000038400,17
cscope,2005,12,302,345,12,1.,23383,-43,0.9981576692375624932087793302642461378733874600638545216913869980000000,5
liftweb,2013,12,916,784,94,5,252637,132,1.000522761925432653143871617149749389808,6
curl,2009,12,28519,11860,1091,6.5,140042,16659,1.1350186006330780535708536796115023245758704028140418154502321428259481700400558750167754566079109928481062414873789284033795622009591910400,9
closure-library,2013,12,6738,4990,178,16,293100,1748,1.0060059234623053324970080,4
akka,2013,12,69470,33616,575,13,94164,13181,1.1627625551047706563611724254239604,4
textmate_bundles,2010,12,1897,62254,145,2.,428952,-60357,0.85895656318754705341467232393458512658427708095759719805968030284564222050374159182811769451266383380573227946633021240765440000,6
javacc,2007,12,11684,4311,168,1.,30079,7373,1.3247159341194993469275906415818568277819002888154654322848589043254176762719736388172142937264007888896000,4
vnc-tight,2010,12,813,121,19,0.,79132,692,1.00882202957656722561771900000000000,6
passenger,2009,12,105610,88727,880,3.,106138,14490,1.17707225862620177790361704325365771835190520796506459408946607362836751811268762694299961969485760472212199930323513854047110178045952,1
seamonkey,2004,12,0,0,0,0.,5422,0,1.000000000000,5
glob2,2012,12,9,4,4,0.,94842,5,1.00005272203886345157112201720000000000,11
expat,1999,12,6018,1801,81,1.,15794,4217,1.364256715901516035652030421312701202529985438047886200626774008483892865523423918858288587630080000,2
scrapy,2010,12,80394,32950,632,3.,23752,6965,1.415250700578725240111190960374698694846175777090439276437403469642645455246258513099374678062660484160042078759366363970346394013947186176000,2
bittorrent,2011,12,0,0,0,0.,8633,0,1.000000000000,10
adblock-plus,2012,12,16294,36639,159,1,35842,-20351,0.42930454290766936018621027704403028602509672942832993720681248063986154900369330312379596476175902582223754771793299947877624857600000000,6
slitaz,2009,12,80801,46924,1082,7.,92074,33341,1.567670645088332125787566377597373295462598939996639610297177132458525075062912174332901720299746108131654829326720274243276738355200,2
kdenlive,2009,12,57795,33715,1264,4.,50114,24080,1.924944303532064124309640509664306222674227653704340324993206274998364301818118433844359625399571858968193399519582360275264699392000,1
mylyn-mantis,2012,12,783,472,41,0.5,89178,311,1.0034996117795911638799015740626743296493617743106968325057884959489713765668928000000,5
grok,2008,12,82524,117796,1348,6.,69082,-35272,0.394232915996338073906059082212951952701104723132974619039035083110694442301243467041312954628667631590460231332661272015168000000,2
kompare,2009,12,1123,814,79,1.,9333,309,1.03424202127830726086656171731368795495961369335464887174263066797815377173004637064248000000,4
scala,2013,12,117179,85771,864,25,296794,8365,1.02900193808790905534447894057440870,10
icinga,2004,12,7623,3675,141,1.,98498,3948,1.0417556848231483176963957412608803657092460563054343375601062815046718175619132946974851270773466048362056796037881021438140017728000000,4
lastfm-sharp,2011,12,0,0,0,0.,4482,0,1.000000000000,3
iptables,2013,12,224,95,13,1,33517,95,1.00284243911200,13
latex,2013,12,7853,5624,65,2,52534,2229,1.04430971076378694597129140266496099660,16
swinglabs,2008,12,135,111,27,1.,15479,24,1.00155390093916665590389983356314410097158455159280275350746047377464909032339566153786972753441324486572865326458880000,3
kstars,2013,12,955,548,56,4,123387,407,1.00330948121686518718161680,12
proftpd,2010,12,58751,8341,664,1.,368993,50410,1.158231920724383765706672892510765754843758091123651342800861210901789305179405637056087501146202055605513906668678120663272213872920923200,12
lame,2003,12,32936,10185,208,3.,103123,22751,1.283071218815836384255679342405527673658156650029358924710761740391959202659247440221140854711140481352699795608218000393763319187953418032919864320,4
Mumble,2010,12,296853,116624,1735,12.,406868,178244,1.77963818314618157950026464218080234143576871820333667040369514516738558776348956644367119021789715239663631344303794613121570327232000,5
jedit,2012,12,29862,19581,797,6.,320350,10281,1.03315713599040861118450946218492163508809516710164495202195725945895219753841180314443828739432475022236857344815076418185373706512587661141314000,12
aptitude,2002,12,0,0,0,0.,12436,0,1.000000000000,3
exult,2001,12,98343,50445,1655,7.,105676,47898,1.8771724201623918683379207776439882891859838470213817853527359494646184702231314125920256327210184458931175633087760141257227468800,1
MicroB,2007,12,2119,1124,157,5,61833,995,1.0163549097601181394904704418141894862257584255786241277493920,0
dosbox,2009,12,13506,10970,340,3.,119829,2536,1.022281381513876544689180040506512298361695530249059003770718445346978579594311615248991974602037475853452777987386664211191522000000,7
valgrind,2003,12,32732,19774,695,3.,67964,12958,1.23557430098499489084622952484553648563242763500479583885479280067800118965933677414890451335107844654668685139349018936346818503144619083776,1
harmony,2011,12,1,1,1,0.,2871986,0,1.000000000000,6
texniccenter,2003,12,20021,10250,141,1.5,79272,9771,1.1405879052476122232808851556609500265371719862286010984047393119347524366134330077522538187597190172837364731150202918912000,1
openobex,2001,12,36,3,3,0.,6441,33,1.00514981273400000000000,1
thousand-parsec,2013,12,4,109,1,0,58624,-105,0.99821212688800,10
tidy,2003,12,38669,18986,329,2.5,48108,19683,1.6938207198085028091107502203155607100543349735392406918461732745607842952547427015571099661586749912151004446028604480000,2
stendhal,2011,12,88519,55302,2108,6.5,319263,33217,1.1161246792447127171703637866666157178680942020348967262928234460520889421709712174575813596362005229832885943885605702118224759251836928000,7
tt-rss,2012,12,125726,186704,1163,2.,132853,-61349,0.53715984269261137844141162967071716699250563376872341062064541196855403584514989398313220916386040946737607897352660521257766023219200,7
db4o,2012,12,34223,30278,113,1.,1006201,3945,1.0039361201129521993768146066608150160570549246869731565071754572923300423497426378826820944408371424323661845245440000000,7
mandriva-linux,2011,12,13386,15113,885,6.,1170668,-1727,0.9985187917043434761581472761931917969874202035261159690396583411700196032044741586160755199614604520113789580457335200739844393742202113979945724275857555456000,12
widelands,2006,12,37067,26897,437,3.,68023,10170,1.175790365218480502984118919356641776019220473794916004151247203205297844593561903905917179679035390158451948117508680788910945392087365984000,4
oro,2008,12,0,0,0,0.,33756,0,1.000000000000,8
django-registration,2011,12,0,0,0,0.,261,0,1.000000000000,4
joe-editor,2003,12,550,507,25,0.5,18970,43,1.002271886722944418211550142254746981580609904074547200000000,2
qooxdoo,2008,12,4289566,3851678,13684,7.5,753088,437888,2.389238578362545787809558226542472996527266111151268551764750007429540914357295617568001714536694437586599389282219840897395060817920,3
squashfs,2011,12,1801,496,58,1.,18815,1305,1.07452884065395049439508910185145920163492439317445236973084397886463120307330732616287525367290791548928000000,6
compiere,2009,12,0,0,0,0.,1083197,0,1.000000000000,8
mod_perl,2010,12,263,157,30,0.5,67490,106,1.00157314376457911163991410427426617234798962845261481344666584657902373724400300000000,10
libev,2012,12,811,501,84,1.,6584,310,1.0494260204075076989331803741600666745818288840316108381093555548559613630849910801427908584545095320629411840000,5
vdr,2009,12,2225,2533,29,0.5,46519,-308,0.99342259807010564048966142869369814284836483634331578944003414050141120000000,9
zimbra,2008,12,0,0,0,0.,1741452,0,1.000000000000,2
selenium,2010,12,246787,170375,2447,13.5,363046,76412,1.27424084181871022734823837197879808654984378726607856691312648479283635555264340484768017614748726443737128904674751022727207212351200000,0
haiku,2006,12,1907222,787865,4150,12.,5857075,1119357,1.2362650119739907096590771153111736199442052371327458082190146472838882736940257670530440620623382642811351343181451792489719095208347238400000,4
nagvis,2011,12,21134,18455,732,1.,57148,2193,1.03990537712018074931847207683261882908369313138680046909413299400389371074933984567923782244002321983318250409785154671964764112423851280000,6
argouml,2002,12,287537,184551,1544,8.,413445,102986,1.37214125947565579115745827544367189553436093883795292460778536335191786963505157901859157299521614351433955651418177796213477236560000,4
piwigo,2008,12,137948,100587,1205,5.5,87625,37361,1.7432954002206087228485567851890152429761668255869167073919440320272770413201802042919348830371250698273760760050979724163473989120000,5
embox,2012,12,147459,88760,2566,9.,121650,58699,1.93245540194422607355061434429769704011863795941676884889818207105106030747175998175538263968251077675102057520871086663361305600000,2
libxml2,2013,12,344,101,17,2,491633,243,1.0004945165642313725664004345555750514920410,15
do4,2007,12,0,0,0,0.,3,0,1.000000000000,3
dnn,2013,12,1640424,1542233,249,1,844227,98191,1.13161697291017625468530269452863000,4
geeklog,2007,12,38847,17883,1365,3.5,209556,16286,1.084265535252608299813156716070205119971069247602127794583839352967764853626210017441518007737805552095565695459520706373371393931136586549440000,6
webadmin,2011,12,20752,5143,576,1.,394517,15594,1.0411534797334161766619537708179028654315377844020754309345518412163769004922965844122098251821544458070437195910733521399577116675049384320000000,4
jaxen,2007,12,740,862,40,0.,32864,-122,0.9962208041580093316447062659054600000000000,6
calligra,2006,12,1005724,863229,10417,32.5,1152422,40425,1.03635351533885537802065568701281159446335098889005189131941407507523628631642981653776617070722625537733716446389747397296317961562585037537280,8
gnome-tracker,2010,12,141855,98264,3651,11.5,128614,36655,1.39860155068545632466387630652794631470305462922267141994895934760830125449468945254903602094897352789452591736384277808039899136000000,4
moodle_lang,2010,12,85741,30110,830,8.5,1027767,55631,1.05728363280920846647539501765601434767490625600937570282830810126668677730351868973335891584175731417077926469156183182910185117446758400,4
gsl,2011,12,12795,3416,75,1.,755361,9003,1.01206257586894980815382516615104525336012381044415714217569681610502787941039919688935856600000000,15
evemon,2011,12,207847,266134,1192,1.,152518,-18919,0.87545997327322117555169915027276245267904143522003486216391582943508619154243340392570170478177581441036134304433741174019646245654801920000,5
eyeos,2013,12,0,0,0,0,1244665,0,1.000,6
qbittorrent,2009,12,293234,222271,1080,1.,219345,69612,1.46490753536324911109414072971022683048210837715236506005717531078928622733896388796943308804180263381878550771712000,3
libogg,2001,12,12438,2085,207,3.,18354,10353,2.2939632548596628807346789658059661856170013135033536439576428065649000735352150285615616000000,1
gkrellm,2013,12,0,0,0,0,61435,0,1.000,5
aws,2006,12,14842,17330,515,2.,95637,-2488,0.97279149624948329615340161613162498249981130296560342838377419260626886303085182007499334544036180263713100856818479257073377005645680731422720,7
fcitx,2008,12,944,1140,40,1.,16522,-196,0.988134874987549137262167375522204417748639493519313497049634377151294950414785638166400000,4
sox,2013,12,898,1220,76,4,53906,-539,0.989986438033266534672410436939853080,14
ac3filter,2013,12,0,0,0,0,61406,0,1.000,7
playframework,2012,12,4302,1513,242,5.5,101560,1800,1.018043303929468932338489334752563172058985709911266687602803871934988567797102779201690349290776220586611192665663988146730390292417354330509507733312000,4
asdf,2009,12,76,16,2,0.,2036,60,1.0303643724700000000000,8
hibernate,2013,12,16116,6463,132,9,1051413,9653,1.0092660497614962605064876900115833048,10
libxslt,2012,12,2576,1536,106,1.5,287530,1040,1.0036301441589258368286834626477588346776324176994305084492844986380601447202406388369078498214309373292214729735251507200000,15
vala,2010,12,108156,24152,1160,11.,267372,84004,1.4581170105603786385732769791820181675351156544329603657153010178160008026223523211759534365612785104253779902553825858476323466968236032000,4
panda3d,2009,12,236217,128365,2673,8.,680127,107852,1.1884618408893917357435769136709197505290247986673746931878964078817617435683707115406547964501917143907854607474033003894417022813066696704,9
putty,2013,12,207,63,9,1,88034,144,1.00163841165053383641213600,14
bricolage,2008,12,13085,7317,460,3.,130806,3115,1.0243948281381314441864574564521010160868513412074831668498468421247528350676652446992583743506309908589617046016941866372550766400000,7
netsnmp,2005,12,79419,52201,2140,5.,293700,29880,1.1132590402568648620019728489060234967374491656245309096355821397685560703232925648609975919814312832450969280039549393219004300352090105856000,11
bacula,2008,12,139056,83910,1518,3.5,326935,55146,1.20290004382681516344450727638721579647577733147547973619074975735575919992140343431822261698502442713231552500941560263880709812930150400,6
quartz,2009,12,30485,71715,115,1.,86289,-41230,0.516590456118649166637185688659816284273388156230156929138304427400545280000000,5
konsole,2009,12,1800,2775,128,4.,29784,-975,0.96708638558110735951057579959635763154486216216626722563851268622977989758010925383515162812670353558701484180856365465474585013920694694051840000,11
zope3,2000,12,543,292,33,1.,5232,251,1.050391487654297308882468568421884244421719041079367760324544788830704475534674440113609798328022633157120000000,1
setuptools,2012,12,0,0,0,0.,10600,0,1.000000000000,8
junit,2007,12,27521,23906,178,1.5,15696,3615,1.2992301961868496890249670593320041546645877156238592792734574425508960926584013432074172772587362597824139008421108390855680000,6
libdmtx,2013,12,0,0,0,0,16290,0,1.000,8
scummvm,2007,12,349266,277555,4962,20.,627385,65531,1.116633502648725695312526519276260908208769205528389026199992974045557273420125436265973831693237117751965126358724801738369079594496000,6
xdebug,2009,12,1158,2459,74,1.,20168,-1301,0.9347706192162397599118087854021605203405055090493541341898552030779165438449007629853164431136915285041166816854999154359764674150400,7
calibre,2007,12,106374,84372,858,1.,53488,22002,3.2197336562285239660763417705885998290544987996070020966709889147463618336172080908169564749431555332988003132777917438319001600,1
sonar-ide,2012,12,13731,15626,186,1.,28317,-1890,0.93283343403073640011119065260420210531738166400000000,2
scim,2012,12,284916,166547,226,0.5,1219372,118369,1.113360289026707380934977506358213778580920295442380822336911137822080000000,10
supervisor,2006,12,8448,2804,111,0.5,16753,5644,1.508056530693036346504497763133750000,0
mongodb,2009,12,201908,86155,4790,5.,89887,52598,2.4105500281875357652991477775473759901840486416601272502464978773370744575328294592358449216086408767031346474244151841034314000000,2
cinepaint,2013,12,0,0,0,0,893430,0,1.000,9
servicemix,2011,12,120013,76389,1534,6.5,501126,43624,1.0953525886286533477748255114238217127292087080407097470083053546325495018112157542519198188157721279402207763589572885257888159668041989646720,3
coreutils,2001,12,23399,15153,1071,1.,110265,8246,1.0808280810418509459794478643193472018374957940867126710286082544687234215347003429600771817740419506341358764868737388637165246062141725000000,9
openmrs,2008,12,508456,469895,800,5.5,192436,38561,1.250599512620624945961915126648753039480884613831016494292227391868765822178668667886654523026171977460843044868903759989412662128631373209600,2
cmsmadesimple,2011,12,67535,66017,2502,5.,529315,1518,1.0028923596341299599027937788398816653282650490699182814720202852525857655989585432993215479127805414205162187969806669570797395631076382459183022080,7
pcb,2009,12,85207,43379,245,3.,132989,32431,1.322510392037533086386811438863317137167856868049095624504412235445283567019012517614440810368243971994297382743932609120000,6
mysql,2007,12,1367645,935454,15278,85.,1014723,39907,1.040937982137684137909388235672966170631088343005562003176198950604859842277214444048894242816000000,7
unknown-horizons,2012,12,119390,94467,3340,10.,71667,12063,1.21340244484412848443898172878680209530396869635829007464960240600207062470390837607015179717518302387387846877922810077370599321277401600,5
apache-click,2011,12,564,625,43,1.,46929,-61,0.99869334247320697911715943779681558760249022012181581307390152641095902950592000000,6
venkman,2006,12,1767,945,81,2.,62312,822,1.013368027321493706522616562392738398345621340429755440688589966038628762389961807834705494838850500119271054680000000,8
websvn,2007,12,29265,8622,188,0.5,30424,20643,3.1105203966862810676184084277742571309430622372550000000000,3
oofem,2011,12,36139,18418,473,3.,214074,16920,1.085821236184756919345102701133931208279109001767377506045657144636215970353319093899438713683311720574931209403781081280127710333685449532416,4
i18n-zh,2012,12,0,0,0,0.,1103852,0,1.000000000000,6
bacula,2007,12,92758,47750,1723,4.5,271789,45008,1.198464598043393809704187301240495313779337971917948500094090948157785917989429217302785387736367208973753495414631828015556431995453644800,5
asm,2005,12,33872,13733,342,2.,41869,20139,1.926783248958029274857969581220938664360975787142582971406685593723574271050469690234229353655232874401287700685507889601306339660697600,3
hibernate,2010,12,551870,603350,1189,8.5,1050836,-53964,0.9462290913620537822890604488403526424631446322641580284655678436066122847285856733570419215499290200721189395149408439755128531317889024000,7
php,1997,12,357,188,83,6,1096,169,1.1823085221,0
kate,2012,12,73024,32459,1293,10.,336505,38494,1.129247360934856577570876998658158088499187153815411460700008415703449153257011637246314012339200754817070657197877090143118283886302232701112320,7
opencms,2006,12,326888,121822,902,4.,838384,205066,1.32379626035265025590549811306199325969961925612366620134232006001536264743354534555072082394006104707417236474204470399217605675200000000,6
R-project_,1999,12,159684,86314,1575,8.,183965,73370,1.6723913561512553329515416945990718971787475033239613503286873404997187534827629400425701063073950382606462339786548667889012772352000,2
i18n-zh,2011,12,425551,77888,24,0.,1103852,347663,1.459756753900000000000,5
sauerbraten,2005,12,44010,32265,761,3.,42532,11745,1.38149218826276132334412692103943400865242697538059081609303361983765140210606256269734347223822552010458620108800000,1
smw,2013,12,11289,11774,335,6,48831,629,1.0131296052751449584090670869952960,7
icinga,2007,12,36548,29580,495,1.,129642,6968,1.05680095212798869143841443549074403995904560939294746000961754038697297535227864092255923419697778949242173213976410606341587921052675200000000,7
phptal,2010,12,4151,2443,308,1.,21898,1708,1.08459633482658331351335360448706655188644199918623493227078832965009608254683197871814567585685346484645574091173382812343385386435200,6
tycho,2010,12,72768,44338,456,5.,63593,25113,1.6526247401551828503980793923664544453575357452569503456912562341760827650889341307100423938272289386286494268690921844225508924909568,2
dia,2006,12,91117,8292,262,3.,277107,82825,1.42649550201594693394796721588905426570377115793328209641027946830887718375322463613753308840248993404403661929639452024308172257587747405692928000,9
worldforge,2000,12,674113,339699,4890,19.5,747285,334414,1.80997212210315399165865912842204377009478254921919789626393258504930287968365046150821441276560327817103538447947416666224469592192,2
chatzilla,2013,12,126,78,11,1,32025,48,1.001501219741183299380834750,14
checkstyle,2005,12,50729,32193,1011,3.,193498,18536,1.105943004770045877969263739966306717500236007578263969606314332636694489268750148205672835343239520083468801052420673701575458308384419840000,4
sphinx,2008,12,36732,32808,783,2.,14423,1321,1.1008243015854923730967838721566150162930052330972770802012306687438478123631528513149911842278694037955863901042553569920,1
nhibernate,2005,12,195529,137030,750,3.5,222757,58499,1.3561908241421945511796340827593807851224172890778865738073462868315058850072102196527877701854666645811378353748243456610002259560857600,2
enblend,2012,12,9106,53584,110,2.,140522,-44541,0.6794481507428949605555028091127127927011531288682016042008772410100274988618373673377861267600228980453994082501671432396800000,8
pygtk,1999,12,4075,807,116,1.,22344,3268,1.1713147410455786484664165021954394249118107220514949606114935936802578529261890362551322168445888921468800000,0
propel,2006,12,149454,227831,1260,3.,304656,-78377,0.741177985689699295348110022928537016313426324733136500692074154163250603704075354793734189832177560433690155841944985600000,1
flex,1988,12,1297,468,28,0.,3317,829,1.3331993569408306319111758683892573242187500000000,1
mediawiki,2005,12,106409,74945,6507,12.,137351,31464,1.297146958557215478283232128740700709344726523749465315652696352563130378981873036636912808488630804999137181686902562481519704769331200,2
tiles,2008,12,21264,9930,254,1.,25148,11334,1.821185335411509995618754875440578368231871379999275839263248687264030587320283194903199003232742233708834381167163408000000,3
tremulous,2000,12,246,158,1,1,248,88,1.55,0
abcl,2004,12,52305,29695,2875,2.,77419,22610,1.41252349065677831763447558476748978744232094076013189756228549827906639514633149516514312361465049502677021531996325014636979917600000,2
sakai,2011,12,234541,126497,4366,23.5,1416250,108044,1.082589439281226631858242285152025428038643445249087049771261808523452576684251765241555030388561123400364135330237533172767547830633542717440,5
gsoap,2012,12,139962,22773,91,1.,626089,117189,1.2302790332097827997517339505385761792706910911186753809238277224759774812682021600000000,2
konsole,2013,12,275,168,31,3,33737,107,1.0031816830206759347090882309141043012,15
gnus,2003,12,15870,7869,1169,8.5,104861,8001,1.0826037580029533417889304654127987788898435603977053779324740708958011151459481563331422169836905981034105146120894316655567074505926573664000,6
ruby,1998,12,0,0,0,0,67054,0,1.00000000000,0
xampp,2010,12,17,17,2,0.,130318,0,1.000000000000,2
jclouds,2009,12,243525,158024,1020,2.,95762,85501,9.332618653203400268927605604115437661019400404365873981936000193570900524744192000,0
openvpn,2009,12,11823,3171,567,1.,360054,5760,1.016257684296297572696344262390239338917047353154922197701467703499656300901000194159310610236495798865598198528000,7
tsung,2003,12,4439,2039,130,1.,4669,2400,2.057734684917778828641977714200243451177905845644622850879354817947041566117837507789577970621163293893321732096000,2
mc,2003,12,28224,42380,1236,1.,201449,-14156,0.92908810387356248816181050989100105788314783418076679754224341525363842850723683309952105824893439001840453636542090700592558700830000,6
krita,2002,12,308999,220155,6125,24.,394577,88844,1.29059342628456150927782635665923407788142991954033653996295929063813328805664260858312497994182155551816445192935896073340359177216000000,4
elgg,2008,12,65862,39667,4897,4.,27762,26195,24.5566546721102362420970814431298876306192467984264756068075901438308127549714036679543792583603804588800,0
websvn,2008,12,18113,11820,136,0.,36717,6293,1.20684328167571133820516554045319415855702751200000000,4
adodb,2006,12,0,0,0,0.,7930,0,1.000000000000,4
collectd,2008,12,66146,16660,1155,5.,60174,26508,1.7873819283805271915504675912655809851767179671494725154135622698726164714484451226369490415750669784980634078304669696000,2
sshfs,2010,12,11,6,2,0.,3937,5,1.00127161749700000000000,6
pentaho-reporting,2003,12,169836,114883,677,2.,80103,54953,3.1850099404185092073414161267182244381594887617413345517546369257336963655535380859590168878212175005161230451840604811550188544000,1
mpg123,2008,12,143074,201146,403,1.,97218,-58072,0.38119239168120946052436306317696028833460830728139862004545460551714657976689882506213996763065005776251001895895869879121407351979360256000,5
wine,1995,12,54209,39679,75,1.,73931,14530,1.24460867662767826001221253660210177626483045233650204604438483366829813567411367595538377704913749305270972560729123187869996048105715200,2
lunar-linux,2004,12,7063,2686,288,4.5,16089,4382,1.3743059708220830141762207073521741338827126695799753904488824733820357057226265304584882234474581950261964109681048652854610560,2
aircrack-ng,2009,12,9985,7491,150,1.,47435,2494,1.055494982318047004419177959535782338571953901827590385780369116960853151363480576000000,2
stxxl,2011,12,8991,1709,227,1.,52743,7282,1.160181254223449248534863062517000772834177083574086903427666016613895981552847098338309038498397825895266080436682902105600000,6
buddypress,2013,12,891,553,184,4,47870,338,1.0071109989063135089613444809870030358,4
tar,2001,12,2291,602,106,1.,19666,1689,1.093953384873243934604915106826239907173461725995346793668747341596308740457672097305357123833600000,11
ntp-pool,2006,12,15786,4041,222,1.,18114,11745,2.8440885537725256798303577449017707789913464046561705561766640889307085507297406627302739262720000,1
wrms,2012,12,0,0,0,0.,46451,0,1.000000000000,12
geoserver,2012,12,278648,94750,1058,11.,669515,131665,1.24479873569898480359004719927258257736443962855204782908492284805667036630238411247182669205542979013006007701624486982376269255290880000,10
ruby,2009,12,245276,63634,3537,16.5,719847,181642,1.3374959355592593712149444045084161851290968236742708546580617496063063765292704521654553432762874844762337631391738353861321952535000000000,11
xfs,2000,12,54007,49200,728,8.,98563,4807,1.0522505679477694832947292720561905260814856741739268557650779143474536120925848903853751439341137025406696106075641459887791902283018041044442880,7
perl-ldap,2004,12,539,166,57,1.5,9818,373,1.03949179460454252511362870149816261239676340837873956294534021833662398572730288949571190884837919680502956211863728960000000,4
commons-collections,2005,12,14085,3813,450,1.5,172197,10272,1.063436776284741804666159343730237467328182687597598463526641179000469596797290390707976669290584124685505269734339584200000,4
xulrunner,2012,12,0,0,0,0.,2399,0,1.000000000000,8
pdftex,2007,12,30636,24300,148,1.,202481,6336,1.03343112218725500390412357778345668807847967458710628733645653339576079257483249049259091986238975485671204884993520000,4
jain-sip,2006,12,31517,17258,218,2.,73793,14259,1.239510195851666088119825161446598161834459850047590333922532783636155253156261353052710422679560420774378257349962315949066314598596608000,3
dcplusplus,2010,12,0,0,0,0.,4907171,0,1.000000000000,9
nethack,1988,12,4099,620,3,0.,30424,3479,1.129114863600000000000,3
qjackctl,2005,12,3243,1847,154,1.,9805,1396,1.166012605541567955538966111575721414949646983366388805519643159194964999794670262731697652486245792000000,2
go,1972,12,0,0,0,0,7,0,1.00000,0
libtool,1997,12,2551,1385,129,1.,4064,1166,1.4023464458593557961916103989475805288429388305163451032236553963393981538300351906000000,0
iptables,2006,12,4050,2517,95,3.,32966,1533,1.049879612160804259914962298096444061349776431453826729907480415168384610100029022332433020170569492932066837863224274821115153475436544,6
maven-scm,2009,12,8994,4400,114,2.,49890,4594,1.101421759092936054835852111329350331970735491051156232299517736548734231934572455603251516062990871832225839158238320000,5
vserver,2004,12,24748,10498,1004,1.,25851,14250,2.22834238430974375051121835539440853210389040621191801788219358710661860539778716503003174787250718248461218099868659200000,1
elinks,2009,12,11516,3783,201,2.5,121092,4326,1.037048455888906939831960104739471068813120344849366871790747928205379527184024424639744234354355644025822480970560000,4
falcon,2011,12,397313,309064,1109,5.,699364,9352,1.015287065618726426251849757496815673772507958498035661692365939793820830523539500062200607062904791074215652568866090594227987031541791375360,9
sphinxsearch,2007,12,33406,17078,676,1.,45900,16328,1.5521439199499939568664274073791293221784419831979361477477151168980223526989388563979420232628583923276522204256289999431971272196096,4
dbmail,2008,12,18040,20580,307,1.,35195,-2540,0.92759407069592252234530315943057102519562767235871168295819137259963370538098106674715695753000984468075628935958733103704727552000,7
sabnzbdplus,2011,12,13876,52921,407,1.,47387,-39366,0.0030642996101028197851961575333389334329593302579048043871678366211701387639270187434294419931470774374080000,4
qemu,2006,12,53574,14770,552,2.,194802,38804,1.2487467788158559774368388719373495923534084856847786909220928063862659519510624715028617877179879285374998859640643795931572271047795501056,3
scilab,2005,12,364891,168339,3184,11.5,1499259,196552,1.150879668249760287620909945834587471898911006726064098796191686526626489798548409985339051016590752981152527423749034407174376449917062440960,4
aspnet-mvc,2013,12,17230,37357,142,6,306928,-20127,0.9384598920679365834662447752086168,1
glib,2001,12,46964,77580,685,12.5,123006,-30616,0.73328222467109562902053094599046117317216727634809293361883450671737762674375414855655205328212283973013892039286239822139382833152000,3
ntpd,1996,12,47,16,6,0.,122,31,1.344444444427524071501386844617332000000000,1
freenet,2010,12,171455,375361,4798,9.,663336,20219,1.0314390694072717879658007278676774830556958403338173051336080462510287824793542549087533589014010606265058133422005505437023157341830733554958336000,10
jabberd2,2008,12,47272,46543,209,2.,46500,729,1.0163919681677545780665326757795324973998884749400505774449039430592539404593122317832710567657200701999258970422687269396807428518760610534400,2
translate-toolkit,2012,12,7536,2213,494,4.,45920,4992,1.12197028927747700067482179806117649151075315029058184064536546473835674286045309968763833908122977032299874765139400737134835160005255823360000,6
iodine,2010,12,56,14,9,0.,7892,42,1.0053503184714371841850445350133180392000000000,4
deadbeef,2009,12,354155,312833,1237,2,207399,28424,1.158815477023568063995910103809341424113554928207373749056,0
bazaar,2010,12,990367,455076,4789,18.5,223384,11536,1.054454136925852846963674825521112627870016529912617947772549929058796169163667629115602045220272513011787668960959832575168009526127560282931200,5
shrinkwrap,2012,12,63994,52649,295,5.,716543,11345,1.016220258087663227250865241007428940260727152753162335597127345041978400098906504789282050488779320995178224746177909042830159650380800,3
anyedittools,2009,12,1,1,1,0,361,0,1.000,0
spring,2009,12,932185,494428,6612,21.,1136144,437757,1.62681149569315406600340829747686058641151043025405607041853014404783353682802262470277444269934584630119330150912886706304783941632000,5
xfs,1999,12,27786,6691,174,4.,91999,21095,1.2975149497462400329682664012900180406270743639940491706791791148399864567986732393548233774239092681945235608520556391185526732800,6
Spark,2008,12,10565,1431,52,1.,84876,9134,1.1205935940430667262415162298878654622146948658008351708235311632826137221975671680000000,2
rdesktop,2006,12,10515,4009,264,2.5,40282,6506,1.192621980099240005764839708989448419756573119018700132220113128509579865990546112623937038284222269239129472096443155800071976315071223977574400000,6
gnuaccounting,2013,12,6388,5372,52,1,31842,1016,1.032959190293621091648213334077620,6
ApacheFelix,2011,12,163513,121377,1392,8.,546486,42136,1.08714788003728644772850505974062544386266704094994833133442027600858969435983508782522488569948874208704393036788902902219037143226884894720,6
cake-syrup,2013,12,0,0,0,0,47661,0,1.000,6
windowmaker,2013,12,18,17,5,0,95881,1,1.0000104297038000,15
jenkins,2004,12,4283,128,25,0.5,4198,4155,97.627906980,0
coq,2010,12,61614,50323,928,9.,330941,11291,1.03532300954495946533134415276732974339999519519076857771030100927309605781826029524790650509871826581435279372474392821454393332964158081661926400,11
Dancer_cpan,2012,12,2704,882,258,6,16452,596,1.03759066540257765639550345401533689333475216102975626301165215135977158498206408604566785491927040000,3
pyamf,2008,12,15611,5303,292,2.,4799,116,1.0247704463000000000000,1
mcabber,2011,12,1608,374,65,0.5,23771,1234,1.0547544038654756525569937079085579069499589791876209760168310944231846400000000,6
coreutils,2005,12,88647,76954,1643,2.,188838,11693,1.0664786714543870261722996075202060684403779876034980963688127619198254264354282615927070379216300144535479452231814564249887140217064288000000,13
poi,2003,12,58334,32408,400,5.,163086,25926,1.1890201224920476936279560724444206045244657431058745535015197967478837160742606647097968067860129773536245741871800272593139124952576000,1
CodeIgniter,2009,12,2540,1161,306,3.,40448,1379,1.0352965266605027166647275848631626237113632668635918735025965817427497577540138830178845620482604677696526545045529828789964879899363894911325057280000,3
sv1,2006,12,50669,22159,523,1,44387,28510,2.79567928449249886809206752500817420806568243386984807820570669405113333768061044396929875124072549876641298847918505881600,0
mapserver,2008,12,158069,30551,679,7.,124040,6210,1.0527030467627530779298333159846321048457840613623647777806224698774391460806697962520644167364995098062539608501009563131983183348949670409110400,8
pango,2000,12,58634,11602,323,3.5,47118,47032,547.88372101076739793047960259476564904509026749303486167072215808299262865048521723884006332512782940622081576175533110853632,3
mixxx,2009,12,4335008,1633873,13846,5.5,4059526,865012,1.2707804692301069098208762578554445743426104348898680559770978466251292423124784590955730114666689062255070712408767846258723996384428904349696,7
kmymoney2,2005,12,38331,39905,772,4.,102454,-1574,0.9841627593595948081906728519141321843559093915394747100907112024795525146857771384288583955125052273763445346784457315765007204015800320,4
supertux,2005,12,65035,43043,450,3.,48658,21992,1.8247206179671544536435016023350758251413084771530203969176291831040421410621384963673774021615477765993067904575025421952000,2
xfree86,2010,12,0,0,0,0.,2517239,0,1.000000000000,16
wodim,2013,12,0,0,0,0,118162,0,1.000,7
chrome,2008,12,1722552,2172201,5120,65,1757245,-449649,0.7376838303141220891826280732073424754825543178562508240,0
vpnc,2011,12,135,103,19,0.,8801,32,1.00364921883880682337380057411622800907000000000,7
zabbix,2002,12,22815,11363,480,1.,20201,11452,2.308949594263030806961368922121313989889528367370194471253940023116885885095201833868307262999340711518256593948912982044863251985920,1
docutils,2011,12,15846,9343,170,2.,52569,6503,1.141167021232139380553653474602092303713867483091051395047541080461188058625074387529549748833074536906472274624009486720786079448854037748000000,9
hildon-app-mgr,2008,12,30552,25420,944,2.,45982,6780,1.1799363057326980838690106484241883219458110575645172218911698280924989889666108743323949182168935334082586684977876935337139046761280000000,1
recordmydesktop,2009,12,701,827,18,0.,11071,-126,0.98874698580379545871044890844958994000000000,3
phppgadmin,2003,12,188506,117054,3396,3.,120580,71452,2.4544048200126979739040349629171674337008252312843275067370105168669131971327386827647657669312029537992471809829636481214760448000,2
yaf,2004,12,38247,24930,516,1.5,43273,13317,1.47243507869608705483745045120746928367316939112035185282104630316711662093107597776548734804582015628242200315816178080364800,1
make,2005,12,4181,1838,103,1.,29497,2343,1.08628563011090920271241468221233540716741608464165242854691516473336795451468239548204618818783021173242413363207775304302819737600,16
proftpd,2002,12,158390,131928,627,2.5,109783,26462,1.392424961506056403716812827287384994388747238669770251186726210035614852792370535543498734355565263301522180370321602551601989666089600,4
pida,2008,12,151136,80190,1518,3.,105160,21242,1.25312805353131232371926030758434279723823160291043895205787148499554901108112533818989127176502953295021074413859257486480477062303317363200,1
clang,2010,12,478643,354241,10160,32.5,389027,124402,1.470106754845917034427929832756284246313945592654932533815452076007810925774018045425393625637669707950952575045810723750568456755200,3
madwifi,2005,12,8578,4005,68,1.,28400,4573,1.1919251269480378688814389689476051754522340414666958291016053177131980275145544902804331919720960000,2
worldforge,2012,12,66118,33008,1762,5.,1606305,26037,1.016476319208097066404929397962735991626805938405661849819953406802889668189130366371148247804583106978917912079513524341671663175174456631001088000,14
oh-my-zsh,2012,12,1071,115,42,2.5,641,232,1.567237163797785311182107298173518605576573349089884125667712617875000000000,3
pcman,2010,12,35339,11012,625,3.,41074,18316,1.808617720888199359617324571493275403753734048459995849901418969734593909175107647824716621922236624814088289513544089600,1
gst,2008,12,81633,14308,579,2.5,380747,67325,1.2148062356731261791626799060001165926030365319030165342523609383766113636147389762553439088832025452907658988506581447906487874218296910150737920,4
coherence,2008,12,26670,7672,608,1.,62638,18998,1.4353345554532696798561610263927183486151791939977154453541630666926006043539041464992413908762682143948937524671411713119846400,2
cassandra,2011,12,214856,215609,2840,6.,132585,27301,1.26982871949387564245743719080337568536649504186063388711314194786277052176680300720516848224185788750738299901892724102624243200000,2
sdcc,2003,12,125314,53882,876,7.,943166,71432,1.08194242739101481055918795518044876960176383875956928497061243537382403431423455887559918768117979598791246380095602063453374428988998195000000,3
zope,2006,12,60408,67391,1248,15.,207000,-13259,0.9396670974213622407173894255043203925066231499596985180378532697057838534568097723681801566908315890666938620967918613998338587178338888000,10
kmymoney2,2004,12,63652,32518,642,3.,102629,31134,1.4561624567963502818215313607020580808075052335495041802880414817717208430735737190248464718107654655321912266012127914498642140160000,3
Ace3,2008,12,5736,3080,234,2.,12891,2656,1.259501709814209714386234649336398740237347658317585181251017967609148471858004451921049665419058912792401595340800000,1
libidn,2003,12,24451,16690,648,1.,11569,7761,3.0439820910597985970838562945570559566931942427942425242216160694133833069926174758451546465449285864698631128556156032000000,1
jedit,2000,12,5369,2479,69,1,4420,2890,2.888888889283235673712571806558852082578745265213587749660311002217718809604949030211061123542696960000,0
mrxvt,2008,12,1512,983,82,1.5,32860,529,1.016422961100132616396930571688982104814056997404419096270180456280715179235069785600000000,2
libpcap,1999,12,203,90,10,2.,12629,113,1.009028443592506056816480,0
vuze,2009,12,57280,26375,1120,4.5,963239,30905,1.0331479920277999358436622930072346879941938496168831179064642359670701179938441766859625381283899348727326949098302507225642422524627017225417600,6
netsurf,2005,12,30301,19828,444,3.5,48055,10473,1.2786706401900401125460524003645361010228670226357844973443225121833287883460711983976228885011073259552355437996446626026217027365760000,3
pekwm,2006,12,2148,1511,43,0.5,20971,637,1.0313268417464492326615432121823955444897573440000000,0
sitemesh,2012,12,0,0,0,0.,14178,0,1.000000000000,9
eathena,2009,12,22099,16426,457,5.5,150320,5673,1.039219617413783032465852153441347127323008542303397827844842471311544116987356066123774598250897137025309597235224727399964844379153442325995955200,5
velocity,2004,12,4107,3900,41,1.,79230,207,1.002634693955782519383999594875324499583505788612354962353087184106681741760000000,4
wikka,2009,12,23546,16194,395,2.5,40810,7352,1.222000785103181637339961728134005494169231122393192965071199208184218422376499204631315429136909866964638132236246289529182822400,4
eiffelstudio,2003,12,972766,598560,5341,7.,3265792,374206,1.129412025129220702081535393804771091847030326499741202640991905746169043825568239720546350801168055562620478800803145550028933862991438703360,10
avahi,2012,12,32,26,12,0.,59709,6,1.00010049746243629691253615390000000000,7
wammu,2008,12,714,225,65,1.,10078,489,1.050995932835814058696070839739469810754395663134261608407927239960903582400964597575391329938785988910960000000,4
spidermonkey,2008,12,55511,26905,948,7.,511323,28606,1.0592603948082772900048715753744473674713170092906220439004257781511969874552410293017297045721566153272197788328982255933356898936315787784192000,10
swingx,2010,12,135813,141569,330,2.,143001,-5756,0.958482400459634488720411889067066449282296648466103767194009077014020296244355763696985085922684791119755784110716887065584245519562561977743360,5
moinmoin,2009,12,33298,89998,836,4.,111571,-58139,0.47805438595576022590161563453505858920257121817188795670606453624981825714083985284595567317424766745428157360788029084133518560434007090135040,4
portupgrade,2012,12,7789,6737,147,1.,9213,556,1.0642254822740109818542131459845320973496348880444109514813598128282166397721890499334527196867870720000,6
automapperhome,2009,12,14091,4806,199,1,72284,9285,1.1473832917995312961164279585533227212971819634603625063902549885724239916144082673528849285442950834078234967643129576816640000,0
psutil,2008,12,69,13,7,0,353,56,1.188552188549305736299600000,0
WebKit,2005,12,647902,343683,3458,13.5,761190,304219,1.723746785238327316686387917018802693682767350874659515949194317671821810158802158232188017674325342351127286741973254379090273280000,4
flex,1992,12,0,0,0,0.,3906,0,1.000000000000,5
clearos,2011,12,1027110,131282,4907,4.,2176627,895828,1.699429028363238169137834735952537306496314714435005827534575191541047919663032985066584298483579725954820461860703565842545891328000,1
liftweb,2007,12,52007,40924,510,2.,26163,11083,2.099285855774227760587834310614903800963859685490057413515150719207565176735557351959643258630043670886400,0
chandler,2013,12,0,0,0,0,272804,0,1.000,11
xfree86,2006,12,54592,30228,314,2.,2464308,24364,1.00999033933656778404603898466880115216925585980512294050828033060965470615142581944594071043602675628385194248223057595561149319424112272659634566568811520000000,12
metacity,2011,12,1638,2800,45,2.,64193,-1162,0.9818599060192541762123897120609907779154013363396913289260544382126741620960000000,10
openldap,2003,12,136037,114230,2280,7.,245752,21807,1.09755475628336155264987383825382010283433704515091381225134234176085443508522781870297571334814343593474169907639460072523158303085745055744,5
e2fsprogs,2011,12,13764,3450,303,3.,125516,10156,1.088037447984963689958774915871949127576493722898550522524666715189567519909892888111324785446630272270703836090444758720273691021600000,14
gconf,2010,12,2801,410,100,3.,40670,2391,1.0624624467758017309018671015472852942171527317740785439378440991474309169476285969141575863369099481580067671996869237850002582195376680960,11
go,1987,12,0,0,0,0.,3,0,1.000000000000,15
gutenprint,2001,12,113431,101415,1083,5.,69179,12016,1.210205902421809541127346768601059939145837617044729229648365664985294309095718008871956283009485462913696006575255798600776186333153600,2
hippositetoolkit,2013,12,14332,10336,222,7,108894,3996,1.0380941485943409991895817342917340,5
zotero,2007,12,49350,14339,115,0.,55848,35011,2.680232278501602198188552967708000000000,1
ltb-project,2010,12,2885,1301,110,1.,6687,1584,1.310405643774249374870955795601688311948140520403480441710235644336864817060851361159040000000,1
markdownj,2007,12,276,100,6,0.,5496,176,1.0330827067700000000000,2
sdl_mixer,2010,12,28,6,5,0.,37104,22,1.000593279758400000000000,11
gstreamer,2013,12,43190,52472,937,36,1330523,-9109,0.99313503903173320744077580027026393,13
scriptaculous,2010,12,1919,984,5,0.,28452,935,1.0339789948000000000000,5
seqan,2008,12,104126,64092,543,5.,140267,40034,1.399409376154728167005309208364718964166441583845922149769726764479196702770892650930226563838039760213129296784457859208803962398555776,1
ant,2003,12,86479,63367,2321,7.,197826,23112,1.132284762521748231465505572576159927059708563037536621743902294391989723753137763993835029829613726970444827866007523991695286345062400,3
claroline,2005,12,441967,357646,6863,6.5,261110,84321,1.47695840800779481464318403231061968584179840785342922627234147400598911996385850674567728760212286450691603010006876421269333600000,1
freshmeat_apachejakartaregexp,2000,12,854,92,15,1.,3347,762,1.294777562875594365543156199358690958715665242565501000960000,0
mailman,2002,12,49143,33606,2248,4.5,89350,15537,1.21476259589157142633282898719130850567993129301018169081248925956540616119083580952988965128055952328074394033121127496824483604070400,5
venkman,1999,12,126,51,9,0.,20438,75,1.00368315081300546166856190000000000,1
desmume,2010,12,183592,55928,686,5.,459034,127664,1.385261188418733220959680752846145630628372999602634911141431007990870580443784381873708427925795052377591438248229248996719833557955862528000,4
sabnzbdplus,2009,12,60463,86685,917,1.,76500,-26222,0.584107850857535368423286472799585342651690108292122405149287330555344658954276790454225981604723635880906360622263980075466375241400320,2
boto,2011,12,29506,15841,948,18.,27576,5608,1.25528040786204591291490620360168652648418652541047982577043612340759035643275845487279659417616220615296478422948321516037755596645400000,5
lives,2007,12,5570,2521,152,1.,79057,3049,1.0401152540629657590432788190155182160577448057637360955941238304878497720804694894182400000,3
nitrogen,2008,12,496,327,50,1.,3712,165,1.04651818436673686511423486251269057226742521807330348271063233395284000000,2
cappuccino,2008,12,70028,34350,646,7,84270,23282,1.38174722900288931229524628326720,0
wxglade,2011,12,1566,853,55,0.,29529,713,1.02477156654572760550250261462542915024847783208459683208499200000000,9
sourcemage,2009,12,12058,4168,381,9.,82212,4205,1.053910256406028760399337375948142727469502179130730260006477216815779513237985254446226932096429183835560163921226913136640000,7
cocoon,1999,12,7231,3912,98,2,10597,3319,1.4560318769,0
alfresco,2012,12,236478,243054,1303,11.5,2085085,-6576,0.996772472570760645673080491432567836365764342136145814332881946025556898964538433632958886610639335448116130760187255272736856704192102624640,6
Darwin,2005,12,7763,1333,251,2.,9012,6430,3.4903175829196071589092109088054547718601620387331126220172064400,0
libpng,2013,12,17790,9222,582,2,381521,8568,1.02297340415968416357999907390629834,18
pisg,2011,12,0,0,0,0.,12143,0,1.000000000000,10
pf,1998,12,1056,334,31,2.,18169,722,1.0413824726335872348476697210525508399581863652099317014812954532113159295916081003218216447437600000000,3
kmess,2011,12,4826,2087,89,0.5,144295,2730,1.019284427650263543757558941026127892192910395459235695517522438241900816000000000,8
dbunit,2002,12,8576,4005,116,1,14905,4571,1.44232630147217229202984161291631564982148679313248098189133851456000,0
dunit,2006,12,4192,589,7,0.,37710,3603,1.105638138800000000000,6
sword,2006,12,1098107,1015165,294,3.,693057,82942,1.2029549370681631325034724804334462497309285195808014205166604104415285432133454050587786489359391659914971099654501109897404151911358796698416817280,7
phpmyadmin,2003,12,368596,307378,5998,4.,103470,30609,1.420101288777361461768268925949734076445433354680616266333060384251813417196864600965694364805264851199789881753876135652197723308584960,2
firestarter,2004,12,0,0,0,0.,11472,0,1.000000000000,4
scons,2010,12,21967,12991,333,3.,118787,8976,1.0817404449363765535483165174898025679899225822504150440068940690572034070145249275346970899580894882878353734021373874309495471525179222656250,9
plone,2010,12,170244,85702,4718,33.5,369820,74472,1.252150006110711906968648124337037558606799854331984570585767735421061708030927836716636274659588113726796824187235411981599378186808000000,8
pacman,2005,12,3484,2003,214,1,11501,1481,1.1478043912094304665231988067592795143440816861611852817798635803244942238026933462400,0
ikiwiki,2007,12,6530,2557,484,1.,10679,3973,1.5924545183868306333938609235461768706667143631157937055010229186344445427216827867247033083609576903449064545519684845075775761766400,1
equinox,2009,12,697681,567421,5740,28.5,1484835,53672,1.043059682853954214401300983965628183916205327652601906524817467376414716486065153147094350162998759515370212192811127878279303860214269952,8
eet,2005,12,2322,1793,109,2.,4406,529,1.13644570544602430558758611638237735144526560947768153069924395193549329814687572828680950357651807950945812736576638307004516663296000,2
falcon,2003,12,0,0,0,0.,58,0,1.000000000000,1
sogo,2006,12,88846,40100,1140,1.,97502,48744,2.032099602433404630931869745703987074375662578227268202340221482385235891200000000,2
synapse,2006,12,101008,94219,630,3.5,86382,6789,1.08558462017742111941310188248592604248309068768116561146948109806934051529859000215619211196510106694343722859379160727901225203200,1
mozilla-addons,2009,12,97966,42009,4353,10.5,184717,55908,1.443897481524426061770131287206915698674799741487030481816924521398423287962990811108697177436952807348774365835585136324905617046654080000,5
stumpwm,2013,12,0,0,0,0,13764,0,1.000,10
ankhsvn,2012,12,24425,17705,684,1.,124814,6720,1.05690382238277213779682686769285747580328710724007170106502110337649995167709485264243074968410241380333685418673808081817671188113510400,9
pld-linux,2006,12,394586,1711770,2320,19.,3594629,-1317430,0.62798019936681422426866677772597630854425167166111354115597323717258141857181942794488006488225656152922631910773011606013925946176000000,7
gmp,1999,12,16912,8308,249,1.,47641,8604,1.22040628121421217334620698845415565411042439118709337172636355805774362210711952488473814355539715498185433840212560000,3
pacemaker,2008,12,214438,147865,1831,2.,60800,5965,1.1087808881192275295234524509629607239788127654780238015065248467621846272052486471000000,5
jnode,2005,12,304050,63469,1424,5.,546154,240581,1.78731105165187852618237113996718305902053129968647738200610832517079384041529662443094631444875088294157549140158330351576628030400,2
boinc,2005,12,76905,5039,376,8.,87891,71866,5.4846177848030693600,0
perl,2010,12,617765,323188,14358,37.5,4242682,240547,1.0601046691341963933035122206587351528043263139056630070333375691882100002402869416368934115952512592975314311901920861040461258370573139968000,22
apache-continuum,2012,12,164035,302081,205,1.,484906,-138046,0.71502533984995853346371486956505917762536004366292769136318310620194163352244477065813144450654105694662300723340552573600000000,7
inferno-os,2010,12,16401,12955,116,1.,1183991,3446,1.00292058896572425569282572380399872376452403223338974580700175770253958533397539513282368369161301232366997213550425986125238452800,3
CruiseControlRuby,2011,12,37206,298295,187,1.5,146232,-126885,0.1323034629757784824488456187801227701747373415204439100106958225384212706716921567582848000000,4
Slick,2011,12,226,35,25,0.5,72693,191,1.00263441008507008839621771273624013815183431275870351479467258233080000000,5
findbugs,2003,12,39107,17742,1732,2,29112,21365,3.75784174525601532665553017068616767251267186508542217176723447094460007846568279553229323904000,0
proftpd,2012,12,43272,5205,443,1.,474777,38067,1.087167685646550390759148134044472650162630066824125489342378910920256175343223476255743355029985142577427900170191968439986408903790486640640,14
ndiswrapper,2003,12,5613,2035,164,3.,5561,3578,2.80433686335261259900,0
cpan,2005,12,4081,2874,137,0.,8610,1207,1.16304200999641184486689105289796159549096298800000000,2
xfs,2012,12,0,0,0,0.,77172,0,1.000000000000,19
amavisd-new,2006,12,0,0,0,0.,7745,0,1.000000000000,5
infinitas,2011,12,40180,26123,998,1.,82897,4952,1.063531977681607606592041158863164035391068054981356796097143314692309912416444090412840224000000,1
subversive,2009,12,26621,11817,262,1.,111069,14804,1.15378382590128399795993766597633424458423902369390894894554942388904562347740961817211396454868925737053342061875424123660609548785234124800,2
gramps,2008,12,77440,58836,1164,9.5,212405,18604,1.0959953766858770747126880658446480018392681157319324993091726009576731749736134712306589437989364070901617652285057693438922149484381600000,6
ffdshow,2009,12,346061,330333,659,4.,1295114,15728,1.01232137415278281816158528658804577959428889156679970999351988424842931775527688321297064006509188545557088387706132026822110178828880759205868800000,7
rrdtool,2010,12,4382,1825,149,1.,34050,2557,1.08119264599172769644448762630219629452340002744817123419899233505244369528028170128467578762249064010451040817919878040415601855360000,9
mh-e,2004,12,6328,5006,80,1.,31741,1322,1.043459679804535766863017468607415239340163518346524530154868716873524140392151191391887486376051313713687674712637440000,4
tar,2004,12,5472,5654,281,1.,24375,-182,0.99185427203420360539846300145910964333469977997454081406192342427556866949118396229684922601797133120272865408640568161016622179913181031475200,14
firestats,2012,12,15,2,2,0.,46400,13,1.000280250932400000000000,6
reportlab,2005,12,5546,2652,230,2.,244524,2894,1.011976989611332347382957795649388528718306566555520695210801305927189532994869613137195127313316271516417085613181901289066280537853753895678274673049600,5
mutt,2002,12,11517,7099,387,5.,71527,4302,1.063994049834377462533034950900399206057261337034633478939263444222535384504163227351994972389703384546253607482782380433373466060411009433731072000000,4
vtk,2001,12,887243,973167,4363,16.,449661,13336,1.0347906846209531048937516790501787299536106846319352176570150027237451504752638391530991875792717149888267413962525866140801280000000,7
clisp,2002,12,1676413,13873183,3159,3.,1573890,-125302,0.9101103766653590164975076131505074077139998431698147459736720790615535211595846067210650772273325608797899928846597223936296235117056000,4
eucalyptus,2010,12,2311444,1492812,16568,6.,530708,162476,1.441232701065530222669010704179046932157177560671291544878733753359670535267668353909109856456010847510750437817414324915438258410959308800,1
CanooWebTest,2007,12,58779,39542,594,2.,176948,19237,1.122207187465521835655916997257634038157187826791979688878142080713206151128461098252195967503928161309875404913277591037216820279568024441710080,6
webadmin,2008,12,26184,27207,1127,1.,368377,-1023,0.9972168036512740513600052565888342489313187677263341239236227575732258781684926795864718110562051391647926424716354245906709095964057389129600,1
centerim,2006,12,256492,135786,212,0.,163186,118914,3.68598662800000000000,5
openjdk,2010,12,1486719,758769,3453,42.,3445828,122806,1.0369561200628937712528360995875564790299760687089847779417823218540120264841338654947773033572531697557992675051870943188173448989942774010000000,2
camping,2011,12,937,417,44,1.,4152,526,1.14506343081661688990336109159529926841376000274294190656000000000,5
sauerbraten,2013,12,0,0,0,0,245610,0,1.000,9
yate,2013,12,1699,416,53,4,319714,1283,1.0040291303293297323781382367202691040,9
yaws,2012,12,20594,7170,281,4.,54835,13077,1.31316154985733980725479978650960412390133418332844574819824385651727311250916381613259427859024881085816248937903841411871844322176000,10
bluefish,2003,12,135730,60582,1366,4.,151870,75148,2.00459868453915313557306690142247855741503802449090559358204150743426880616016688975867975105684668608164289898410940714778652051968000000,1
chicken,2006,12,64737,16468,151,1.,130334,48269,1.6469247986566807615661483597847769881052063391568228173893858769005265688249840000000,4
supertuxkart,2013,12,5890,4257,175,5,112676,1633,1.014706014787381513900692248701841000,6
file,1990,12,83,53,5,0.,1039,30,1.0297324083300000000000,3
cocoon,2006,12,1353430,1239715,4063,14.,1079144,113715,1.1181730794223499976870953951777586932195722569430924097548390066233266217837721576729756705201415220239984118645366055063885428668338246041600,7
notmuch,2010,12,31432,16660,803,5.5,20301,11003,2.183372768410330913080374477275157860613260141078034804669256543951809627118816757876566304091896632898668866747646424607198256955616000,1
mangos,2011,12,284514,160933,2032,19.,3338575,123582,1.038602667281319725246977954493842291142847768314627993883486802649476303984830684240693895106280897129860109550576758582207748701793827549606038213990400000,6
php-doc-translations,2008,12,506148,446835,2402,17.5,2377043,59313,1.0255909877255645468855909159042135317128075195482162269079763215248493542541883872895829692407875350486622194070602012029402472972288000000,8
snehasrinivas,2005,12,6816,1826,262,1.,30026,4990,1.199312989289730240845183185790273965970730403268379580382095906218210878939534839709141777945633154178846455700131133921302917917755909120000,2
freeplane,2012,12,134070,78007,1744,3.,396414,21606,1.057645514508383874958787767178217912182207952652922841310383782027014750540298668093558482618942824341521087088283475110329174023811641544880947200,3
scummvm,2009,12,881331,792936,9312,29.,912732,128835,1.1643519493057208377151461939858860505033568747506447257384685181295859355849655611046058735237337581030743241432147615476458663720386560,8
communitymapbuilder,2003,12,69173,19000,86,0.,50866,50173,73.399711395225740254859774836152250236377838544950000000,2
servicemix,2010,12,265752,39175,1289,6.,457502,226577,1.981171376056872453500565401029722642882300465418158878185046893036493234722485825428749390638025416763607662586917613795665008230400000,2
konversation,2013,12,128,51,25,3,61705,77,1.0012494320763297936953954590037344881030,11
snehasrinivas,2013,12,0,0,0,0,47971,0,1.000,10
mason,2001,12,15174,11184,765,2.,22348,3990,1.21734393725214045489200712285772958386863902419741425816416313513619810216434875367197101492825657370483874921261187533987840,2
moovida,2009,12,352955,292829,4164,8.,118012,2961,1.025974367743695927507069302122558347300542568173365602580160538021085351488500548729117739287003036442145898739961055541263139090476800,3
mediashare,2009,12,30719,35912,286,0.5,59131,-5193,0.9116205452839284826814907026976835829272957279908908965030560000000,3
joomfish,2012,12,27185,26649,453,1.,44298,505,1.0117283663922979402543714941235408739459129077368230251029269111647360034812688243941666002633019195901099046359904000000,9
qtparted,2013,12,0,0,0,0,24321,0,1.000,10
spidermonkey,2013,12,0,0,0,0,541000,0,1.000,15
xen,2010,12,103799,88664,2055,7.5,577803,21380,1.038424004770453810537667426651692989904039255801456674727936992633025339575599514077702272040664766039808181453891820972953800145025437000000,8
SPIP,2009,12,29546,28427,1735,7.,165657,1119,1.0068214237790698582077277226483782028588809312474967463547852773559123267090524834050919225952902704118293814930566653591579553234808000000000,7
jmeter,2002,12,51911,14428,199,1.,43193,37483,9.01089976484660775581384222658454839827245253037896027535595694769695423839725238962988416800276853639049500000000,4
openezx,2004,12,224,179,19,0.,1376,45,1.033809166037103977946940008820883460329257150768243074087360000000,2
john-the-ripper,2009,12,831,442,38,0.,21633,389,1.018311052536384675256540000000000,7
quartz,2007,12,522,253,46,1.,50445,269,1.0053619837350992203032122897041461199508286272211480928006992280881358238136433749307779110015601600000000,3
bbdb,2004,12,399,162,45,2.,77091,237,1.0030837692249669562321085016449464919324089408603375039870404147318771451967375601566818617224784273399249961969520000000,7
dotclear,2011,12,0,0,0,0.,22957,0,1.000000,4
chromiumos,2003,12,173261,48514,470,2.,428699,124741,1.4103889352931773754233844444540617413020700542131233226268837908202706330343795837341773469608672719413866228421462380574900534640640000,3
rdiff-backup,2009,12,450,249,32,1.,15929,201,1.012779755850253619898372754035089092649809228552250726612248602609727722496324208796000000000,7
WebGUI,2006,12,773174,264430,2643,8.,647533,508744,4.66559309408524865750243614917684893449595023682451579704609967548758929377637718180854225257859334625125411553237607744831811200000,5
umit,2010,12,75396,2230,115,2.,163984,73162,1.80555372050444380562103573994988539472251809356217712250168390497335000000000,3
sdcc,2000,12,703539,19501,539,4,787658,684038,7.601408993480369066845043534233795397890000645506424817653938306451040262634722907916530892748561338876070918308076036096000,0
xfree86,2011,12,0,0,0,0.,2517239,0,1.000000000000,17
opensuse-linux,2000,12,18659,8741,319,2.,46786,9918,1.2690137788784262164709028688208701370993840,0
pango,2003,12,8539,13986,207,3.,52641,-5447,0.89635225392127557313991565540349798362956792040859927418500346335868247816615725007934355523489790826691950467384510459540446203617927102074191616,6
go,1984,12,0,0,0,0.,3,0,1.000000000000,12
gnome-commander,2013,12,0,0,0,0,227895,0,1.000,12
file,1993,12,610,343,45,1.,1708,267,1.185287994455165558664610695515135501896932668587507141440000000000,6
xmms2-scrobbler,2012,12,0,0,0,0.,1256,0,1.000000000000,7
OsiriX,2008,12,289191,354718,1339,2.5,1057037,-65527,0.939277768047818963821158422315274297964144403552668484218651275762183982625645138381888971927326492677789761039277045171833253719439228676134400,2
wikka,2008,12,3690,1689,383,3.,33134,2001,1.0643077516391247551230537922161495926146471435573754666290537850380764355914251895048813087437211415603252537789459081701562076750763994538292654080,3
topshelf,2012,12,7355,2739,63,1,10515,4616,1.782505509420147943748916780970708087286580000,0
jsdoc-toolkit,2013,12,0,0,0,0,4665,0,1.000,6
shareaza,2010,12,79860,85168,553,2.,551409,-5308,0.990204057527691918420594354307703027630958234695398143403021436121635170363891829766642475396208998123305896659406479600757843961606606366785740800,6
ganglia,2007,12,12809,7077,340,2.5,706391,5732,1.0081808697237174500211647492872184192041086115949213846234828712117540286315597105867853879454938452787052182369652526883552494982253552000,5
sass,2010,12,52073,24656,1387,3.5,23358,6394,1.51781665043069286654513457676984307495367694939250539182543015502740016034267067592160914098909375438245285637421298757561977157920,4
ironpython,2007,12,259479,219668,130,1.,162751,39811,1.3238246299189949630406093693359729660127934130833303006208912945161643151242115052690587267174181978619187366550564714164000000,1
velocity,2006,12,10433,5335,229,1.5,49231,5098,1.115514467642208792128375865574959933420601051004022674725610750459138443561504642166589253800000,6
chicken,2004,12,27598,20575,254,2.,74613,7023,1.10390590323778332891656072147180719875586044095722207516984212277112118900317658400885253322775982272647670182681856571934000000,2
jaws,2011,12,5433,2873,358,1.,144242,2560,1.0180686325712199668149691258507008499403334988936049536600953687642933010297305048414437990921277014722168816182107716892503044140136585420800,6
q4e,2013,12,0,0,0,0,21469,0,1.000,6
cxf,2007,12,318875,198409,2713,12.,296664,120466,1.6836967502110411908504266015100814685223935646146721620892011094895335084426691934712641322982515712383532504723789407344779435520,2
speex,2012,12,0,0,0,0.,83969,0,1.000000000000,10
freshmeat_apachejakartaregexp,2013,12,0,0,0,0,4194,0,1.000,13
mw3d,2011,12,0,0,0,0.,349022,0,1.000000000000,4
maemo,2011,12,0,0,0,0.,1312237,0,1.000000000000,6
mootools-more,2012,12,207,45,20,1.,16765,126,1.00757257046761963201706823873447117574564868891079996335772107520000000,4
dune-project,2011,12,104260,77718,1913,13.,352837,23801,1.075375436242880496678549750566502316137955184858147999373890531128265467767283950686600962057564123127068416872380827284659051802123604172800,8
bluecove,2008,12,76259,39601,493,1.,61525,36658,2.47416254425058935145969615639206307824299957404167167717574744528625913320483082083970417322924518029220480000000,2
chandler,2009,12,793,962,69,1.,273114,-169,0.99938089114985266403820257021634489921803694006321593198176901826891861941439928926057931916680875118473120000000,7
tiles,2010,12,1932,1311,33,1.,46222,621,1.0136181224053138918894607818676573881088151400930484665176858298954787256959296662870096000000,5
irssi,2002,12,11197,4412,755,1.,61927,6785,1.1230459540746891242701113940255341721861985114477527453659804709282354288878602247942752353116806623219944742727068116662858758575377664000000,3
openldap,2002,12,130465,92273,2022,7.,223536,38192,1.20606008286005737637636733160741330865993771246249986994274040624117805632706599568072736368696232105265662986698286073641699356262400000,4
mixxx,2011,12,13360395,14156037,9819,12.,5595081,366820,1.0701609961710339631850988917306210494589982056942519589337669498168089598528169039542282355234908168038107562874791698940187427926128075767136000,9
filezilla,2012,12,2073,895,127,1.,250321,1178,1.00472820829798257475040086747387493156863330139449450094202500779060410293931474125673126315284339347922460584026469385731243658564096000,11
swfdec,2006,12,32940,34244,700,0.,82157,-1933,0.9762624029910915381797805820049794239382991116287707513760000000,4
alfresco,2009,12,829621,471900,3687,15.,1872710,357721,1.2467808953052092984271110992428180336749921014910504094749653396742027529379258320631455754085770244988792335602018354167674380800000,3
subclipse,2004,12,14670,5857,266,3.,30311,8813,1.40994511116634693083670096597659639213426636150517709775692731338741312050596867577633536773326108424449353635138590104522499407795200,1
emforge,2012,12,0,0,0,0.,85932,0,1.000000000000,6
joe-editor,2001,12,11691,19306,51,0,26207,-7615,0.7094287785470814493311009624372000000,0
qvm86,2009,12,0,0,0,0.,2416,0,1.000000000000,4
FubuMVC,2011,12,357598,233277,2974,10.,147484,53516,1.68889346589609080314424092444087364187286059294946431680258321842531962498618575554341444898498796174168066612793615916086827222400,1
shorewall,2006,12,1113572,2873362,2799,3.,2728254,-1759790,0.351745706670716310713100652421323511363853625885176026558591110202779560465420831820015637390843372389826752800688481654933775181569712994918400,4
gradle,2012,12,363027,270786,6293,9.,292522,66696,1.2953424317699386327467102316042910493277088524974821209438986520743075791386168512687027806122521322525601451580480112611094415000000,4
mevenide2,2013,12,0,0,0,0,13428,0,1.000,9
abcl,2007,12,2691,1842,117,1.,105625,849,1.0081030006873851184526044112851495228124079912681959463659568671564506402049001099567523291276214524285600000,5
sdl,2009,12,447534,423430,2663,8.,2086776,5275,1.002706359250182513171001624183775594650166087618225266300087487352898744680104649586169326950694595964219399002863863430093115232131481600000,10
widelands,2003,12,16552,9228,132,1.,22320,7324,1.488396905788310547749183999174817001090045739062137302341068894055141919294976000000,1
scutil,2009,12,27878,18682,425,1.,10061,9196,11.63121387558472575826506180423452820994977211728515587010295493691830345329793998713884010724984671620608000,1
OpenX,2009,12,578545,224433,3249,10.5,1610335,354112,1.2818862574425005738336125789345820900784983332931845944262580260442941478320065570506461128956194415737428950160240380178766027783042752000,2
flex-mojos,2010,12,17669,13199,188,1.,54792,4470,1.096686277893426186204286580782709285413645006284593897849110041746997072063921504991121647538043420672000,2
oofem,2010,12,72856,37095,231,2.,197154,31977,1.19359232819946394806601567794805824073491199943795893298383690332428584283603575236744754023151828084574263418477392253686634903823450826072468992,3
modx,2009,12,615356,468315,2169,4.,297909,150642,2.03835178320939557107440409951430490478948440487258634353570614927487010951683022995533495385432406016000000,4
tiddlywiki,2012,12,680024,552591,1284,1.,1645605,127433,1.0939177128689076975742984877851466606693088050835350163644707856549696957966128145616902658441280902566613348669222714436489291727905000243200,6
jmonkeyengine,2008,12,438301,411329,244,2.,341398,26972,1.08578171016324998903559730990066822415425605590701293939636641790203455075538445142986220528592132923440000000,5
gerrit,2012,12,93417,43719,1830,12.5,116975,28839,1.327210220578586939304762623850287407753676736118054445880945874713501454219984868564360487274664127448640575458777715784539651226572800,4
htop,2007,12,428,185,24,0.,6752,243,1.037332923644905386026347919851945773047151874053153288768000000000,1
egroupware,2010,12,85274,102187,4041,6.,697392,-16913,0.9753180286533551802059987702366243956345037401242902549566362781759142424693159089810899951758591534865291512127410103529165557997568000000,10
OpenNMS,2013,12,133810,124638,660,10,2699862,8817,1.00330869480460879591284666036516936,11
tar,2009,12,3597,12177,65,1.,26552,-8580,0.676860500126929950944116048274974297567829424343399701931193479588668713243700000000,19
mcabber,2008,12,2114,667,137,1.,36189,1451,1.04176981978336154244978416064108341517260631348414026890421785373358632466882903149637297432979608418344000000000,3
lilypond,2011,12,58817,37348,1352,15.5,1118257,11395,1.01029486964004269944651430411925745847485719167472957126925422973412715510905530824297126838226775687243757083338371857037670494727433587351398575804088320,15
make,1995,12,6648,1195,147,1.,17619,5453,1.4482163405950078159114761264571616637170578681291235434383945370970646022405539431361466493672087687489146505490698925000000,6
linux-24,2008,12,4177,927,167,4.,7246872,3250,1.00044867056841767429819869396891473823363283342068846793078821636974623425131470089004899590159383028445439232146663648100987998980979680204548080169164332800,3
pligg,2008,12,125180,43032,655,1.,134625,82148,2.732166578658742521271491774982025665107356766431296804809741990000000,2
translate-toolkit,2006,12,21055,10316,501,7.,22576,10739,1.9072400100365471251426892780660844010630,0
jbosscache,2010,12,986,193,24,1,302800,793,1.00262578434105034670355364328879390333733706998538541652709230407941966095455400000,5
jackson,2011,12,40900,23776,565,1.,88760,17124,1.239041822562680519593179944582157427383080088797596270059196358000936445160318856934320994642922613840030178555690355815903757294848000000,3
libxslt,2013,12,19,5,2,0,287544,14,1.0000486905714200,16
pypy,2003,12,51875,48029,1165,6.,21079,16767,4.8884508347522362401763146958022244714504675563034423760596797373258980518599367129879189252170000,0
javacc,2005,12,1199,616,34,0.5,22522,583,1.0265736815682144410406102130472125392236233024000000000,2
jnode,2003,12,5178,1702,87,9,135246,3476,1.02637929726,0
gupnp,2012,12,21048,4844,353,3.,64040,16204,1.3387406973388931423761014639672196795509650047278403553294169544528584321956559185906248411560779204358845278577216768381685504000,6
sawfish,2003,12,2218,411,45,1.,70050,1807,1.0264789062625465556725957953921203449609029101871191769994257102033100911969814162313141109687817876822803082440000000,6
osCommerce,2005,12,28761,23355,137,1,52992,5406,1.113604841802233386180716501488312623574489812519849998210000000,0
adempiere,2006,12,506903,300788,484,9,1788760,206115,1.1302345125,0
emforge,2009,12,52635,14294,444,1.,85602,38341,1.81127803638934237591428610092437402241466855176429942760512276476278012897938987263454840000000,3
atl,2010,12,185632,181310,365,1.,763824,4322,1.00569061588259056121474688422943674854753740623767364566482300198375967518108458964840528592763364734463655374470142154522911869444249821016076000,6
KumbiaPHP_framework,2013,12,143,6075,53,2,391390,-2978,0.992391609821265417646268440,11
amfphp,2013,12,0,0,0,0,6251,0,1.000,10
jifty,2009,12,28823,52041,1024,6.,92489,-23218,0.748041237061182191291893601471289692855627938954167068980589015508306438286999593804155801130430419614502324794389048110812053656782210293632000,3
pmwiki,2006,12,2055,1090,463,1.,5542,965,1.2108367926593170714245995953397213591293057344004991232350654770664754449222644857814523460034282576389354731520000,2
curl,2011,12,29534,21659,1042,12.,149445,7843,1.055387635767908814603774666514272807769227940292111957492563898674029118365903669502054094815592646604326216499579579111326760932062676960000000,11
openam,2010,12,33521,24425,320,3.,1759539,9096,1.005196398854456711840963187127789277772266702171467205347086551906399728274272141012242894810377543468732849684730133337420487900000,0
squirrelmail,2006,12,28914,17522,1634,6.,209373,11392,1.05754087513976210238918681228350883771677710848481907919887889360251187793537175446472201030485741535033919459529290753236676253564424179200000,7
rsyslog,2004,12,286,91,17,2,4185,195,1.04887218045,0
clamav,2010,12,5548864,2106610,6957,3.,2888605,2534226,11.32986589553452621397169398448676754800813565581386832004732180850338447569071959739694415830145616914062932793695268659241795200,7
lesscss,2013,12,12828,10083,192,6,63699,2700,1.044263020698669561124684373636220,3
Subsonic,2013,12,0,0,0,0,66637,0,1.000,4
tint2,2012,12,438,15,6,0.,12293,423,1.03563605728204307233093245735596288000000000,4
msn-pecan,2013,12,0,0,0,0,23074,0,1.000,6
gant,2008,12,12002,5121,532,1.,9488,6881,3.63943229750400367152166636078548086971832422479611044144461960541130740143129320960459066535590098964759858119124879645860608000000,1
rubygems,2010,12,2081,733,114,0.5,21184,1348,1.067957249444772105845075882514247405190166248082537383246894451335506560000000,7
magnolia,2006,12,1787432,1571603,8465,8.,539546,202440,1.66564078272135213793371994049634868222612945816220901991615030035006836796320520840869416048491297501013858780377495319721980501848000,2
rsync,2006,12,9707,6220,722,1.,34203,3487,1.113523896352150304117089210638470505951193790411543162849660989919972783304048208213010016249994585351648328153852025519509402268133035648000,10
duplicity,2003,12,469,199,17,0.,9459,270,1.0293829578822086180411944407940500237589282722107428811769600000000,1
tiles,2009,12,46006,25541,314,1.,45601,20465,1.81417091023573509432077899922188412716487890852337012661617255104199955141987477568563370069809375077061208397939966843289600,4
roxterm,2010,12,4316,4336,118,1.,20553,2,1.000098241477765923512540635804948018916771839200,0
opennebula,2013,12,164155,47289,842,7,163165,37776,1.30127044635259725440710411697170,5
libgdiplus,2008,12,89365,67298,52,1.,172922,22067,1.14627953994066643385647110755823973855269266247907658031840638037341819700083522220583058644690307152627766211087885312000000,4
R-project_,2005,12,137991,60143,2528,10.,567550,77848,1.1589701491989171608883572428370581758495303711392484786705015270408599576051867309119191215096501215653136895341163112920848958485008000000,8
xoopscube,2008,12,577469,278254,383,2.,479243,299215,2.66204701540887445981028225121069657495331533410009733337928239300908103991317402167089291370382146076443067067251545838156523370700800000,4
glew,2007,12,1514,1280,74,0.5,48591,234,1.004839009863462522235892029232326068147913369679558981576984121768065915160000000,4
pentadactyl,2012,12,1085,996,117,2.,45340,86,1.0019021078003627289960411815576477820771156724866781930817735748234164746263961875870851010126182622733560175535931725500017454080000000,5
CaliburnMicro,2011,12,42277,21107,334,3.,26895,18463,3.1896347245148741566061614444199131343098797261418415341091298521584698717348753233001347767365674413969095299266950144000,1
commons-digester,2002,12,6412,2758,202,2.,14400,3654,1.34003350079156880858585364810411963322123997399493610691046445890409684567578172594158595205909132863319337651200000,1
ampache,2008,12,37413,23515,699,3.,81687,13898,1.210212662947843238365243494783239991773902580841781911067396222238488951689762632576176098251515538524269931472967830081679501833637502080000,3
yade,2009,12,102660,84561,816,4.5,108399,17163,1.18981839899749568310932072929159224503077607818845307889093214369210864222143992599779109886428505978474691226749948350068889293158400000,4
haiku,2004,12,1717492,176062,5365,16.,2842844,1541430,2.18442709227106642065683589192907319344543498607319567418926210442619735358148912994313691111821110962592246872672976326799677601280,2
sv1,2007,12,52457,30333,564,1.,66327,21940,1.494288868327703082886529447354128308268663587075886788687024016944378107569207084250508473109636631583217349553069031842612853000000,1
pyside,2010,12,363690,295422,1483,6.5,279341,66729,1.31385340438974136163420080677971682497060910976699196716403736800598972285669171517332874958457924396192357564801382692514618451462400000,1
kerberos,1990,12,37847,9018,1142,2.,29465,28829,46.328616356103098101972288830414041045987197665523901281990635359758638513663088168804770192035664552352513088388709597200000,3
chdk,2010,12,57816,9313,196,2.5,351655,48503,1.15999564574814481830544002181009152798647519243990656177215228746972350298835271765153505909153679122444185523221446128409876403366430509056,3
actiongame,2008,12,753830,234365,2002,4.,615465,519465,6.41109375044977895973168559581304801561641623653113257897371638579871320947009399609241711718261137894059925310404116183059130059637760,3
chatzilla,2011,12,651,532,56,1.5,31871,97,1.00305348317495213229767706423254571497447284151224579068108311779214392152342856996666593600000,12
storm,2007,12,25051,8902,388,3.,14893,6554,1.785945557013181570485454662384894101010356450119325803232699766324988017456529918879436167149383242468682430942059832288000,1
moc,2005,12,31570,11391,719,1.,30925,20179,2.8778150013370139501261656361901411584486942818768772318222906536071136314276550649885602536062463209364681328228172999688442877313024000,1
gnome-cheese,2012,12,1409,1469,137,3.,10697,-60,0.9943176437229506229897153462813667786666485961403190324656487807324294617738310780367304419651920376578567129830613303850339270571827200000,5
werkzeug,2010,12,3136,839,162,2.,16324,1694,1.11588452592441575240304876411169539459879719726000787749715787721929504892128344397074539739026529360587876284237370117139600034235585901232128000,3
openafs,2001,12,177633,31503,753,12.5,802824,146130,1.222523732503118852384074747080950513411225889239013008896719960618759241365049308269694602419580810937916422828901125670800526632388455270144000,1
pharo,1999,12,73300,3483,9143,16.5,143623,69817,1.9459529035790786431242098155935886614478030602283325535291642118377667286436982771319405008700508283880874085506390489002680752000,4
ipcop,2002,12,21169,16148,154,1.,16429,5021,1.4401297336778729782259834935913354731237378613838995475683929231577172519186215329168666680000000000,1
ibatis,2008,12,382152,351082,349,2.,164113,31070,1.2796906929553009936587612457237321352249140836542359733195750337947700520116896431868023263291873857745487954840033002422834911665993646080,3
tcllib,2005,12,110735,27646,573,8.,288659,83089,1.404188354318303684191461437431520439400709997039935534774643049052812209020344070403832562899749560729180091463553506761755030172260106240,7
commons-jexl,2013,12,11,1,3,1,17841,10,1.0005608210420013569096547480,11
mediacoder,2008,12,11679,9827,100,1.,62984,1852,1.03065768345527366180108846085832570066069088636963657339759704357945793178915293448169243253855371578441089134482222554241487257600,2
canaima-gnu-linux,2012,12,285665,246220,1097,4.,12581586,38064,1.003036082190181383206761054757951521472166219919407675453183151862029431727167123442195488601491495715494767304523752454049344871360383307713657865659095541358592,2
mifos,2008,12,1215611,985442,1541,7.,535716,230169,1.7861124203011008511221582752678994849769247998526270131332680737179788680033947200973376825420546019550777398732031364907297760000,2
eclipse-scala-plugin,2009,12,16201,17721,310,1.5,12598,-2800,0.77768955927833714457534933447523061404168006290162963134112538761409760269221712200940336360845749189041761371346242878601498116454400,1
desmume,2006,12,29318,5039,201,2.,25646,24279,18.760790052395233926369457830028674796575173458969375608206784000,0
nekovm,2007,12,17022,6936,100,1.,55006,10086,1.2245325022207719697614207398120131700258021607454906506460061707217059933315543807485720099717120000,2
neverball,2011,12,7717,5807,132,1.,44140,1910,1.045228510540152308363989700635037394863959360451690000912876217279469522614999460064637829576999861973658182106129599262720000,8
OpenNMS,2006,12,3012889,3063127,5575,8.,790858,4031,1.00611473738922628981468108829935245540568877126687117102661251506835116630777163984526497579363229909595811979738857615943544759296000,4
eclipsescout,2011,12,157699,133235,1157,7.,347666,24464,1.075692600981786474452881930931757442002193182924513669344076048832148093051350515265583181035592799839273529720469159664884517276474480,1
unrealircd,2004,12,178305,173096,856,3.5,37438,0,1.000000000000,4
bitcoin,2013,12,89136,54912,285,13,277433,17993,1.069353222329573705983122743134915200,4
nunit,2000,12,12655,9574,28,1,6497,3081,1.9019320843083415226400,0
swftools,2007,12,44254,126539,384,1.,224413,-82285,0.6462518647255468264187997099728272837469828022261473318977065303959276695877272934609707140373198416529007855041976324927916744547390077105600,6
muse,2007,12,9386,3320,572,1.,25506,3330,1.15016233765911482476727659235997571381388056785597973123154013559680941716219292188902579614944700193213624000303052800000,2
zodb,2001,12,14878,5750,382,4.,18243,9128,2.0014262204750427620872289844926994958826490561025865582853295393252479878004582745939871012438698820951908023369139749420615120814080,4
windirstat,2006,12,21905,20508,47,0.,52310,1397,1.027438964512024161759330000000000,3
eclipse-gmp,2007,12,309967,228870,2395,6.,430416,81097,1.23215742634607764304251082727689382789905906720304862719966234926755866521769971664439130055443159605246152272375993423254977117154936848000,2
librefm,2012,12,10100,6604,401,2.5,48476,3889,1.0872227330818326441220132438064030496406463374445590529150217545035349904509267005069548564480000,3
mplayer,2006,12,236386,191941,3714,23.,527314,44445,1.093175123959853933277012681830971695554855468420716506364463563484842418689702123921868941570569975537141162911080461562144011492335726880000,5
eclipse-cs,2008,12,26263,1292,77,1.,56482,24971,1.792453429014898574398243117993059067443455520612721098864207241750559396743221120000000000,5
weberp,2004,12,149546,102488,754,1.,117272,47058,1.670208220603091164894185016009207473752467978191350270519153263450494447086738065427618006311505250346560000,0
galeon,1998,12,0,0,0,0.,1105,0,1.000000000000,1
ganttproject,2009,12,1878,1186,42,0.,51973,692,1.0134942766329717382169493214421905009580589399600000000000,6
dbus,2006,12,35164,60421,378,4.,112111,-25257,0.75203714979496983358242107618907656263539886605351243982454392315338070143412959531434119948222114273064526551734589812598240296154515968,4
hal,2005,12,38283,26471,530,2.,57170,11812,1.2604171259326826010918671753574404321488096246677503745087166176638499049946309026150653032812146910407662194145146934417809440223104,2
monodevelop,2012,12,303939,351451,3054,13.5,950612,-17593,0.98139480285460035220182598007900158224935042308560641595994673162428734467601239078581971338317019002515631270368712362885120,8
sitemesh,2010,12,0,0,0,0.,12925,0,1.000000000000,7
phing,2007,12,39564,34008,370,2.,34782,4376,1.1439189633630581826568049883341002470753869865569700502561923599402366282015233387413178158407429997100461438591731032389034361723289600,1
jedit,2011,12,41471,40604,807,5.,319230,867,1.0028039922168335401677939761539213703769531635808399824274256989535327971445949327512369008484126256917009804450495023799563656373667312152007680000,11
gwt-ext,2009,12,21,18,6,0.,56107,3,1.0000534721232000000000000,2
torcs,2011,12,0,0,0,0.,351170,0,1.000000000000,10
artifactory,2012,12,12005,4665,30,1,231937,7340,1.0326807570873110318594787750147518309741824151982361092720000,0
swftools,2009,12,156792,120337,745,1.,237623,36380,1.180776474218324102030966968611841209427050521557291425680869362591351650541678209012665009209430553822955480998151971691118074412373667000000,8
awstats,2003,12,19759,12708,706,1.,19683,7051,1.5581855605359258619443090684282995655242563404323726177381365220579620556312897127917568253270120830277015302177728155690246125888000,3
concretecms,2011,12,1191724,5096778,3529,9.,4470383,-3991277,0.1070792892553592632317440468438564184188358321079848698538574435650212920751910514686698193203184853487057983524721947807641287221400695289866240,3
MvcContrib,2013,12,0,0,0,0,696210,0,1.000,4
log4j,2006,12,19359,11434,369,2.,93006,7322,1.085808039387876038795102049497128613429777840608154675799230049031491997545929461770546226853891076000000000,5
geeklog,2011,12,42099,13500,738,2.5,322510,26612,1.0899363969963261036947418782010169656686974909602077365547662600128885529352132683742011310865519524348624906021815805081137723503904077672087552,10
unixodbc,2002,12,61028,27596,270,2.,260652,33432,1.152150366370296697012906725434832078635191968013250788829065658634989149326773358828046355559970283518237302476167065571488457649068235520000,1
struts,2002,12,20450,1242,60,1.,34891,19208,2.224765669770085497459629462551404808446289273691231865600,0
busybox,2008,12,52383,36413,1547,3.,184108,15970,1.0949815032901528530676953416924415108857988045346226064236739544549697621917029666998181148319967708515015901183842599542651517166550528000000,9
apache-ode,2012,12,1168,873,29,0.,143882,295,1.002054503541170064641091700000000000,5
jmeter,2012,12,37702,15127,1384,3.,185034,22575,1.138958137128453715603454175208514964695637860774312664704960430803744091321934921797957976723197500343243552297215338953180971148992901523968,14
galeon,2004,12,41713,40959,852,4.,118245,754,1.006665016611857588274682698960128912700986396807266944224892952236753973402819856319387806282330639941670507425874469209108616477312000000000,7
moinmoin,2006,12,107192,195622,1278,3.,99283,-17633,0.8142956440717960014886269646116521068087145276944006296715256461843049855013125445906536629281023890552992651192408658264439188725865347840,1
phonegap,2009,12,143771,120455,934,3.5,22438,6895,1.845389897172143209582406336286862172608506167493089591280233637508704609644212211704486684498336832716800,1
ratpoison,2009,12,592,379,28,0.5,14770,213,1.014633140972698663352854188880520386833578465191594154835793920000000,9
file,2013,12,567,453,45,1,12421,114,1.009280364703025284798959137906604600,26
gpick,2011,12,4252,1162,78,1.,20445,3089,1.17797879694624031998679883972977914337946267886143499190786158485900483653560000000,2
MediaPortal,2004,12,945967,717516,1521,3.5,253708,228451,10.04505681708699729625111188048078934476195200802926266223923401167415026928000000,0
anjuta,2003,12,160024,104391,270,1.5,169426,55633,1.488896505073828541461553296950116621161229121734760150562849232038079638562180780764980000000,2
stellarium,2011,12,72749,45113,656,4.,865077,4955,1.00576081067533632449041241312964566218113775716998936556264462041609371244179856939284956157091023571973361258974617015646965306679623548086456869229645004800,9
phpDocumentor,2005,12,3954,6888,51,1.5,113619,-2934,0.9748269027833389750620,0
easybeans,2007,12,324448,192315,765,2.,225378,132133,2.4170518527774378758830028191676780932017983535143464878489033915552944285951528468984157408476315151768419573943576306627080409736406250,1
file,1996,12,467,150,17,0.,2207,317,1.1677248677278655946540426069219864000000000,9
buzztard,2013,12,22805,21898,47,1,219816,907,1.0041432741462089190942988880,11
sqlalchemy,2006,12,46222,28051,1007,2.5,27287,18171,2.99330846877836253629782239405021388214652043965787114360343519033928243412747583345286068383570722632376310735257897753139200000,1
jpos,2006,12,47240,5553,169,2.,93138,41687,1.8102272064128857307326252847444227450998438775075845881849139699577580159910401148807507165285201350638854446946827261166680185892514782352000000,8
innosetup,2012,12,44942,16322,389,1.5,81323,18513,1.29474605958029104793047992572760052995163729864627457979155058097744427205700898210957559483711214607974835435793061034886037987979776908027991680000,1
commons-email,2011,12,1864,628,68,0.5,16052,1236,1.0835473840753332706784583087608904000000000,7
sitracker,2010,12,247677,604852,1866,3.,163764,-57305,0.6455390058855234518972945819205804739218287582378031876605009114335229336391001184939705882739265360118904683020914412525084806802407255621795840,4
nfs,2005,12,39921,9574,72,1.,4913141,30347,1.006215089147774610186134355160939933575486464393467929821970794414970081714666449784555351783661551718147925964086439175229760000000,7
apt,2004,12,48354,11996,1170,0.,35166,35164,17582.999999926022246439897120000000000,1
cakephp,2005,12,171153,155562,1092,2,101949,15591,2.129046274625540764366340612906511010613722685488312969633420562505574560,0
dragonflybsd,2005,12,3571864,3357236,4330,12.,6167211,-1387034,0.79572593131298300570399237537455265723555570032650752309189857274433112098784951346937075914289259722832421702174449105015165541831033472000,2
mapnik,2012,12,205374,163679,2614,6.,246420,28416,1.130346232170466614587861423862143999058532451964008717385362659540653802725904618000786117643804731428348498749941765100757825018854400000,7
mozilla,1999,12,2038066,1048744,28928,93.,1584883,989322,2.6611598138720842767956851104641422903384089764635275576752975569493334686281990721426799860504274483563812357694189777315712000,1
btrfs,2010,12,93370392,45970375,112180,708.5,18616482,2142965,1.130085457759986803962179481644035332960585023684494878998740974127017101041854041755939673765422533490425870805478684370372667624101469730432000,5
Spark,2011,12,59992,15956,490,2.,136257,44036,1.47750512359667738199124720940281213328093027044516580336164344263914301237494213397477912050870188445067630183619055763368454622104596531200000,5
YaST,2011,12,32544,48798,517,9.5,492311,-16839,0.96518976220945824786847019352058345590896965671583672221886852736554677117320722873712194310805072906978623611823638645687108139676408247939398687936000,11
PackageKit,2007,12,88518,50873,2123,11,28235,27188,26.96752626505834462464632722081161041308470011553600,0
SPIP,2012,12,20993,29812,1580,6.,161460,-8819,0.94446508522754943404710792723406165781132999981445155402967049591553387313673149081988221465139989085934208256093080570279249961053422535355247252111360,10
zabbix,2011,12,140511,124635,2185,8.5,229324,15876,1.077226537983133649561342228769736798031741307577679633139892861157350027717906949613983774319839405063509450907431862889045862239377203200,10
php-doc-translations,2006,12,259949,95326,1324,15.,1847829,164623,1.097803239766570573668146733680174650676404178132072758284661956403361221336950801476221298737516075901217322063455858639191957621379437030400,6
cyrus-imap,1996,12,68905,25555,1595,1.,251740,43350,1.2080234176311640928479845747585015059126413081252387307022832953720573646769800852727702514229330979805624849470620623036698268174000,3
kdevelop,2009,12,275460,307169,4073,16.5,225393,-32868,0.858038155407613249139685845805121455604038257943395519022172258054884643266091115909804371019026775862557677860756930125644431360000,10
coreutils,2003,12,73786,55610,2005,1.,186919,18176,1.1077140977677231658538972732038208779872551406236111220088931924826161353598419855955773212031251131827173701524701907554853361545473416000,11
kaffeine,2012,12,1376,1112,31,0.5,175360,264,1.00150774432322396051971874612265695720141945498559227303185956618750000000,5
jackson,2012,12,1853,522,74,1.,90110,1331,1.01499549346677417165022286996013303177872249242407158249078496788859113622149290554442527082161281191073355656694476117308396585655270553600,4
xcb,2004,12,5586,1350,129,1.,12056,4236,1.541687979589514352105889798630410930676314651602414547891796008125362539566185446308004275040000,3
mediawiki,2006,12,320963,257362,7233,13.,200952,63601,1.46305450998185740382734670109638933007976247809130131834465647214085302262919843770334382471404348115258087805165755266544127508480000,3
scalacheck,2011,12,366,256,44,1.,2475,81,1.034336583303071419221822795714159542308921914301956040443115466436000000000,4
krita,2013,12,152123,21404,427,13,521811,128601,1.32705424573767767331365700602196,15
clamav,2009,12,2761602,1245286,25781,53.5,245330,86442,1.54404360303752330157905168981420459465783559052146211426314446189236109688470317274528451489532990258072454419522560000,6
gnome-planner,2004,12,26321,12271,334,4.,81808,14050,1.20735558902173585371451179240491097461996292408159781764917970471605816233321641126672859043783634405739252270410388467361104000,0
nhibernate,2012,12,95036,73448,891,5.5,524613,10490,1.020526648442701520119475365167151456314072633741092182542922979785697401819941142990316034900018519342395456640080045389408304060047049094688359501600,9
nooku,2011,12,5510194,4633705,17200,14.5,1946883,856798,3.52868087976922561761695008910427735979094286804350114551929087264135342083001348484335008081413818986285361416470966831257600000,3
autofac,2010,12,76278,54881,490,3.5,33030,13643,1.703718987009142156571733518581595891080698500608520626933301000151354124139593424670172190102265341419391379733871103240201686400000,3
mp3gain,2005,12,14570,9196,38,1.,23563,5374,1.295453295963028217996308789460828440688433021093701377246838815634052458698781533031441634277890000000,3
gtksourceview,2006,12,2313,269,62,1.5,27802,2044,1.079353987107864414874792213309722319958836946678469571065079102339049733960865735605774651973751555451689415400000,4
gtk,2012,12,271842,101377,2908,27.5,740558,169842,1.29759460041955653099979745061047569544216989379304957147032736471242789682397249982509000977340953305382503037342197793381332344489881600000,15
liferay,2008,12,1690560,1223373,13650,30.5,1264291,467187,1.58610545167183433768100829979614403401431122919111213990544106167023243724664157484688166415520466195119642631550822313151273369600,2
TimesheetNextGen,2010,12,14193,13087,153,2.,16307,1106,1.080530071366661941123837884405952948313436261611111967614185658053076644771175762268623193600000,2
etherboot,2008,12,422,3,4,0.,367123,419,1.0011426109340696347251847890000000000,10
cyrus-imap,2011,12,49210,22266,1593,6.,894557,26337,1.0303344774336600511466969111214562374035816531479046773341836524542429586362048545934910301925571958030381878220765543369106404888454478430208000,18
MozillaCalendar,2012,12,139531,102463,3260,43.5,942038,37052,1.040942431754224909271208858663295362976523279849322357169937174134375330756837496304980680509097534047135989968774493845721671077391492271830482240,14
xmms2-scrobbler,2005,12,59,26,11,1.,404,33,1.088948787068919721590800,0
taoframework,2008,12,20722,36930,112,1.5,254315,-16208,0.93516696266799782884058950974923235391997248102387555060333998727378912519001052908572624967540454181603111449600000,2
db4o,2011,12,332237,271630,747,3.5,1002363,60607,1.06436262344213547049026859380227451946952238891549395778866446726907827777837647829084922550653653472949502975288171427913460001378677555200,6
glib,2008,12,48965,19638,958,15.5,218141,29327,1.1553221689055254109181785722671510054810307841922170084719571597163397296778760382084830529279077739570296583143996917546552307229620736000,10
eog,2008,12,8190,6782,263,3.,35766,1408,1.0413218289646714339106177225469555699379000327589643198142458316262464389295517025613930307731464411116477959805853998382091398094565345280000,9
pgadmin,2012,12,54400,65644,287,5.,240036,-11244,0.95239325104792736352372010580087419793321265346084349345322674429469250906622998932299794465368304193407784915598163308201348877338083531520706560000,10
nagvis,2010,12,27802,25816,1328,2.,56864,1477,1.027618833903615294541104119018970303735458699655830775369769597436391192352636172514262470109483360959926465730736606249902405736450728000,5
tracks,2007,12,599236,551683,556,2.,150252,47553,1.463032746192326573979987749399775971985191754294644057380858408690235055768110351296629904483765951106808283421477718829563650309035776000,2
dotnetopenauth,2012,12,93477,68651,574,2.,158481,13631,1.0941042457716728002136091133660464348838325985530373649695580858347862709181912280737649583395330587559733176311372883384844448000000,4
yade,2013,12,0,0,0,0,56800,0,1.000,8
phppgadmin,2006,12,20967,4518,451,1.5,212764,16449,1.0837888087998538420073161545644796336054591238407580482827745236496714921342435209218399569519671225988123208391171954993854464000,5
opendj,2011,12,521156,475463,866,4.,1052141,45693,1.04705423186794055549578974194703338914055945284781611557766123891281063544230438014745399972887538723338776320312380002617344360253362982028339200,5
encog,2009,12,141217,134101,1031,2.,61479,7116,1.130897853304648367086505269215002748447112088089632188043929850247830636262928860491300582797825590987664155001177286054014092800,1
Apache-OFBiz,2010,12,228616,167362,3095,12.5,1238182,61254,1.0530042582378196152123867698113497250008365989187911656934099425287900845679137945764626581830804241801162667441903021566304296331477191680000,4
scite,2007,12,20108,15514,582,1.,90354,4594,1.0535680970176018346644690605673119770349537762069360345770784621962879853190319396037124394201359780720055421867171571003608108093525017809130904000,7
firestarter,2006,12,0,0,0,0.,11472,0,1.000000000000,6
dd-wrt,2012,12,105903237,143262381,3284,4.5,258756226,-37359144,0.82516463861879382954356577877207964180039172566218654858177847550078562304670935021331381865833283324378325049562205128250462416637952000,6
hackndev,2009,12,0,0,0,0,6211028,0,1.0,3
phpundercontrol,2008,12,236612,146778,1278,1.,204582,89834,8.31547231187340919579624946651136609047535878018647795091451843734238895204570736581416920373961004116411847678031360000000,1
scorched3d,2012,12,74144,52152,55,1.,526620,21992,1.045288396387175437459972302690998552536040959573807503712572050740624493019235442077065216000000,9
ApacheFelix,2013,12,113533,78745,384,10,690689,34788,1.05352790565898452230515175010203430,8
scala,2011,12,172427,130257,2116,12.,242927,34845,1.16745802134455551907319523972427861815773374653991250398124187380781807673577169010835637308703730322969938668960063676702996053037107200,8
mcrypt,2001,12,9888,5940,149,1.,22932,3948,1.20796460181030704699012634935272218095889683408191458933857636720493844568319052089818826107513089867353600000,1
yaws,2008,12,10753,4563,147,2.,41024,6190,1.1776999483747260261498501954371439371546266348869494058878861048858209274761870805027098243803661710738015248845687211727621111988907520,6
taskcoach,2005,12,39228,28184,467,1.,24594,11044,1.81505535054170557571777974964065047939178313877582456331258197911360043094937576307032415780761914049523350400,0
rdiff-backup,2006,12,126,31,20,0.,14671,95,1.006517563117239914676185904708038837854758319824000000000,4
mh-e,2013,12,0,0,0,0,17585,0,1.000,13
nixpkgs,2005,12,13473,5006,851,3.,16696,8458,2.026705510996896281020422367364598739161104405431205512153576820054267153650728374736210770983775338519211182257092799936276000000000,2
munin,2010,12,32149,9013,846,16.5,53428,18262,1.5193084229201116453779988714929764699756498939774348782364161686662581375067419249415020141499230408929738801529084310113257185280000,6
galeon,2007,12,0,0,0,0.,118207,0,1.00,10
sound-juicer,2012,12,1536,2216,70,2.,10921,-680,0.937280944476463906084700629073374060544114649037978449958536090781126719673674199400000,9
freshmeat_apachejakartaregexp,2002,12,228,280,15,0.,3464,-52,0.9849884526600000000000,2
resourcespace,2010,12,201401,184491,1527,3.,193826,16910,1.219288576812136238986181245981972690804834269436452168540344515961778247563308242890669702123027911272193283574329639560603070827520000,2
fluxbox,2004,12,17571,13880,684,3.,41456,3691,1.09773599892789297259125124564334735367628498078719754161084283807315079605764740311056471099049902088896447137101050460652933792654400000,2
darktable,2013,12,33293,19632,824,24,200474,7429,1.0385549546957012694080627169183444,4
moodle,2005,12,565096,273258,12816,32.5,744933,291838,1.644098919662916929495094555481494646442988036225852472853409288324533894992803397315948896814583194775378037769429082142815058120000,4
vtk,2005,12,645753,372315,3094,19.5,1083011,248056,1.2970890646773731535569387087273787906400301447259115285294759180058789377869747227343107236805345350498528046124912605642394251524876800,11
boinc,2007,12,114574,66993,2864,8.,228346,44081,1.23922611449520150984623684508928621972660620192460118912622026031821119997528827015827201768993232040749354813230068838057466324254720,2
go,1994,12,0,0,0,0.,7,0,1.000000000000,22
libvirt,2008,12,112272,58068,1282,6.,144991,54204,1.5970458324964309205018931798134819535741641280187697226063534455989771352168475415103859119569115064955119000894218667331442764800000,3
jhbuild,2006,12,17292,13296,301,8.5,19254,3996,1.2618953991015193528489018938081220331424523706459267932429628635897992663257288206863624062255069579428034622036049370497446882700389580800,5
jgit,2009,12,7323,4225,89,7,51916,1648,1.0327842762834777643531845336524292,0
xmonad,2012,12,0,0,0,0,2065,0,1.00000000000,5
turbogears1,2013,12,5,1,1,0,165298,4,1.0000241993054800,8
textmate_bundles,2012,12,64,11,7,0.,346514,53,1.0001529753709661286412270860000000000,8
limesurvey,2003,12,22568,9868,1226,1,18118,12700,3.344038390581860050639447628726107139144473630978227229933125734782754398610041795487393742144,0
busybox,2004,12,10376,11117,503,3.5,106993,-741,0.9930437558115111142367001968003030310390585234832632658899204984154113309481123700180878203323843147755474392049490833312929816226698124111459123200,5
kdelibs,2012,12,44644,24029,1289,25.5,833060,8234,1.0099827115057261350570434790815413326142628223224800465602012853595177995471479022323918091854205359530103907909031834664646329105624383250421524371328000,15
cs,2001,12,331872,252557,3070,10.,279737,79315,1.395739988633450207197836292994985308360677813245388651161528463050429821077907334745648399734879881725975421598106237259858119680000,2
masstransit,2008,12,354503,188911,2000,2.,228334,165592,4.2916293957687245481051156461141305469040164678436686912956297356080034153019571290442198209338772900830412210927206581445795840,0
three20,2011,12,42334,18457,544,6.,53815,5148,1.10578009738771385540903150396959507505754168908559450173476824356781951989654162976000000,2
qtractor,2010,12,17845,8589,655,1.,73022,9256,1.1451557256383070389796539076902644075066597830131017552228663363967885889821078701639974679412502739484427734371384425214577251030976304000,5
FubuMVC,2010,12,135659,41252,887,6,77684,53707,3.23993827393656023918645691829863921227954449413448456043088589939388958934385894610862544678792733769417015705632000,0
heimdal,2011,12,125749,35245,823,5.,384763,54938,1.16656711891636414020946620393864505490775043751342978828338132322718810394282569906226395990561274131783389847521443738260502621967159363846400000,19
libxslt,2006,12,61151,51163,130,2.,251759,9988,1.04131181986439688022682577922823420105342662303687559473947766975716814954950751455415977070122567224798032855167499035540000,9
anki,2010,12,9416,8728,738,1.,29103,688,1.0242125637909627881582205202731606140965880177412600124350593642128577866554034630042047113529863743859174332806335512932988823201744570880000,2
scplugin,2011,12,70,28,7,1,40231,42,1.00104506208159883050341942000,7
config,2005,12,405,349,44,1.,2777,56,1.020580668876911812227482963743974176743058747114211776022309338263986590172137842378184550168814520748096000000,13
sparkviewengine,2009,12,551248,396946,724,1.,709792,119244,1.2019209276822777555430593316241464232024606725733840478168095753042970130080912000000,1
munin,2013,12,12835,8611,301,17,112592,1342,1.01216284802686749853432989282820692,9
xdebug,2006,12,3434,1377,182,1.,19029,2057,1.12119962290588645732392297487117974231109351263185185945378464822313292108078861542113256700068615171430203261975106149593484800,4
debian,2002,12,2035680,370639,12649,85.5,2873843,1386380,1.932043351592901927668598830496153893785323170622366857331751942359027878156774950561740075620496426943332405593419153862002114560,6
qmmp,2010,12,181941,82358,784,3.,206090,99511,1.93368299567381450904719773842775506400014804511222029692045672100031119698728571135937981774431891743272990995217593326836487200000000,3
shoppingCart,2012,12,0,0,0,0.,896,0,1.000000000000,2
bash-completion,2008,12,125,27,12,0.,110,98,10.8000000001967272727276000000000,2
expat,2008,12,6,5,3,0.,24297,1,1.00004116073265708961031330040000000000,11
drupal-ecommerce,2006,12,21795,9846,900,4.,21144,11949,2.299510603456617587349382490423860604367269619152338928874592347746509311147913993500148430718303862030084382755172587956824832000000,2
libreoffice,2002,12,718402,233439,11908,66.,73652,6620,1.098758801769062710800601066422796924314669125283568624334089622574696100452472386545083080900954048974607510941571651624103812088565353966586250,2
adium,2012,12,379971,566625,751,4.,240220,-32869,0.84205113917302263994916996600651257860877362335774956606087043746281981456097025880153675239329486418661725824754932624402278947907116801679360,4
etherboot,2000,12,48616,297,46,1.,48393,48319,653.95945945287551256473410428600990151902810020310433402523638082364000000000000,2
eucalyptus,2009,12,1416480,950128,11872,6,368232,136596,1.589701082740329004422008056112706499855523685770638554107393211963708307461535538875528668898740140956364002617292882172160,0
argouml,2006,12,182831,115588,2516,7.,398822,67243,1.202796317032385192351464277773979248518219247042379584125407371852827340989329773792540450522972159167164783584004613442239018877573080576,8
modx,2005,12,146340,101256,652,2.5,86820,45084,2.0802185163751328000762658464026515046069117013091026206711468364478626611200,0
foresight-linux,2008,12,8439,812,143,4.,62397,7627,1.13925506664276352997238903050803476370100156674406748515695524490202868020870560696172370577898288309203852696078530722369347835562164813992704,3
samba,2012,12,214645,189130,6271,24.,1444468,25515,1.018024643216680551699700102053924982853545709566017172685518238286189461407981642445085133933725093736297626061241572915083574281661145913753600,4
utorrent-client,2013,12,0,0,0,0,2588,0,1.000,6
osccms,2007,12,22183,14425,891,3.,106885,7758,1.0782632380690760719232410412966076709178311609152854707446713342957040561774232485886986835379256166010980714206396170577447911051199572605251836160,2
ROSorg,2009,12,447146,209667,6117,16.,273517,199984,3.8210068977719249047572828200449164751698156958732450764929752675739116246512639216720080486957606117412793186782816083267020800000,2
springlobby,2010,12,138945,51309,398,3,30793,22305,3.629066478446541691988782805654000,3
systemtap,2007,12,37171,22536,498,6.,60291,12160,1.25626975763036787776467976805367599187423251780983631971462640335551054451013250952082909250751394195835944161361457961487283130088652800,2
fdo,2013,12,652,515,19,1,1551951,137,1.0000882837762800,7
pgrouting,2011,12,545,253,54,2.,8549,265,1.031989377110735254467185469714625896969320425378202279795308506997260832236181911894085047727050000000,4
svk,2007,12,9288,2124,294,3.5,34127,3723,1.12245099329453861839890707012241544305598232336224053234822157521524369915781973087930134023852010344383631972919456000,4
shorewall,2003,12,1093618,462124,1210,1.,729106,631494,7.469429988176700126466546651874857767206778479132852203098288740921560848249774054252597021209326982397039476594691451106621469487104,1
citadel,2010,12,46003,30291,1296,2.,200576,14730,1.0792591715736950727141183580000017713822679807394114503018381458042283293948364469821714477300365409664989186592955472257964869918815592304960,12
tao,1997,12,272714,144095,964,6.,139743,128619,12.5622977349283038936197119767867699770639673209252666653254211189795383396000079094557850934024795311308800,0
topcased,2005,12,730961,616161,2397,7.5,328994,114800,1.63951512712882747157142914876787183121161603349375150472968796518637886870636982577413708778925439423596344065470228598198665000,1
teeworlds,2007,12,82225,40771,707,4,70993,41454,2.403365042741860442558242247680275273455639146382917026630007262558687939100,0
openrc,2008,12,24793,25644,620,1.,14097,-851,0.9363928544493846089875311270701991830022685082060119438105540369588941383739394769868512606142511896046514463141245824782724819416145920000,1
fetchmail,2004,12,33557,14104,161,1.,44988,19453,1.761817113868677206458110189542715597886234710364488400772978803856082390686130000000000,8
nexuiz,2006,12,99608,94583,509,3.5,62025,5025,1.097204758651353035741197828530150275631754955290796602570420583793141301822830206577887111238399485603055188958998400000,2
rapidsvn,2008,12,21124,12089,147,1.5,54314,9035,1.199540625897778140388005156535954312631791929887346464990189701608689684431169509653849732641382246082361847479036951737638822122560000,6
prebuild,2009,12,6667,6818,33,0.,13005,-151,0.98838908112361597859291691161047678187727404342773169169120000000,3
gettext,2011,12,731,260,68,1.,348873,471,1.00135188661364330038734375814127505675232063781990797204331905906081596149538276652006292574964935244622205043200000,11
openssl,2008,12,32551,15038,568,5.,324289,17513,1.057087255842112290714688590172446976970590444126375904442336274103227400193130577868520190037338596118053311406951977494739896484501178498875424000,9
linux-24,2009,12,2268,120,65,2.5,7249020,2148,1.00029640374498576691302252528175337224017267547258744207184118285711622207147005960923876861676595770574178552067535994836700655989924445707760463872000,4
yafray,2007,12,20324,12242,77,1.,28380,8082,1.3981673071905985763429200972182637728919471081086967325855165529324356562843255051480657569150707200000,1
zope,2001,12,137924,79512,2687,12.,169475,53228,1.457887085233794814775434581550114395759182396970340735375073328677700422810912283284162626809714800307680611154772647615284129042176000,5
geronimo,2007,12,894671,811457,3298,16.,691911,83214,1.388610763263815108549104317576571504502737289102147739327780456909529429184259073751520461693838627485766430115036360948687831040,1
u-boot,2006,12,453677,119745,1309,9.,725329,92450,1.146078476294840876880952963372964164215597670415715559093115704987542932855410824402694836387113939151706756961710957657500000000,6
checkstyle,2009,12,11832,2288,150,1.,207262,9544,1.048270769479610155457850461985463600457577842096505792117541853996113002029720967137796429749331012000000,8
umit,2009,12,190377,142706,1156,4.,90822,32090,1.546380167579806251984315042866790552703186166125057162241000260258259998124581110142181720287484025390708823979357781686640000,2
nedit,2004,12,19966,4794,328,4.,111387,15172,1.157688510094584704852483722168834796779912615475634145479645346098822247910619857137060163526098727592546049386559907985646326774218904656000000000,4
statusnet,2013,12,150,14,10,0,229046,136,1.000594119959800,5
freeelks,2007,12,13757,10361,60,1.,43046,3396,1.085649432533640143915575694040878821788856420645253277957219283327694399990252812864059759342637672177125237159252127943546880000,3
drizzle,2010,12,5611704,3050463,11012,22.5,500216,119577,1.31414805100507524366966783848123232272510111168442214572542499589981731044434467807506868313917264955279882645635547479533744492782656000000,2
backuppc,2004,12,9853,2459,28,0.5,23844,7394,1.44948328266708107940264340843884714923881749708973945528896455400000000,2
jmol,2004,12,232637,214111,2256,3.,143629,18526,1.1480859772294300884559646123653378711683709280716211070854631782125916785069481299559480927693912183505689860888326303182740802764800,5
libpng,2010,12,101154,81645,3543,1.,412744,19509,1.04961155543500193054872544569933510168085453939338823930544146576535325043235420932485140716602906537014156509549415314332886406054785732561664000,15
shell-fm,2013,12,0,0,0,0,5631,0,1.000,7
YoctoProject,2007,12,55240,37244,390,3.,127356,17996,1.174572686876186375812479182323163137863317521541836469544530864733647312032426314562870706777489515062868571506319087190832742400,2
kde,2008,12,8943762,6558314,115195,300.5,12283130,2195946,1.21769663367127147850966350655730752475596393513312375888190824323010811668150705148823502693934859100457649481669155725327516878131200,11
openproj,2007,12,3631,1121,99,2.,80706,2510,1.03209882858085940840512420365863582558032253760,0
ramaze,2013,12,190,168,8,1,13930,-69,0.99507107650500,7
gv,2006,12,46,30,8,0.,30294,16,1.0005284364885695242681256250000000000,2
teeworlds,2011,12,34943,24284,617,5.5,98172,9230,1.10377549414144676090334774203863627764712734087310439077690239007981886176954918630527656547803063001821873107352292896095777341510310479502800,4
ontowiki,2009,12,1222373,269215,4906,12.5,1110162,938208,6.4561568791607955476315973397664632223457496024452270536047340431358097986100376296317241475209693553928750639817818181264227368960,5
classpath,2012,12,3552,2458,78,1.5,786149,-52,0.99993385301117953702406690807269882174269450960777354813912044691396990114734897498953596719299082560294971091938894536756375570091235293952860592800000,14
totem,2009,12,15354,17802,483,6.,62038,-2448,0.959049164430371953244725464296705638489661913947077092149778887060696860568622315101642276805514854251803504837003826656439622878242598400000,7
cvblob,2009,12,1192,362,61,1.,1484,830,2.2691131498794027783986645254141360710211631619494835976157320520841000000,1
infinispan,2009,12,190454,151266,1348,6,81862,39188,1.918310915376543345078739152935253296878253151505721363673780226677330521722210296112468325344920000,0
backuppc,2007,12,3546,362,14,1.,30590,3184,1.116178938910827095250851619634486726652395578280745329128490633390182000000000,5
kmymoney2,2010,12,75274,65654,1224,6.5,366491,9620,1.0269565192991356358648230630001256336629420570087386460421097310420212753799508712244970231055711471677614263947354777676874692271632871786035200,9
gtk-doc,1998,12,431,78,5,1,2431,353,1.1698748797,0
jackrabbit,2009,12,116654,105115,1491,8.,259764,11539,1.048172903056169272258593130332860490193567284223152772913746505694481371038542496206182170095800438876691990939162221264899874492579840,5
worldforge,2010,12,102347,96658,1957,3.,1615743,-1760,0.998900078372799228835292079154682696110671831056530486542231119318974646525431532309516460631974709253529602591144375106439571670728013965795907600,12
packetfence,2013,12,2493,329,24,0,94080,987,1.0106023009200,5
eclipse-mdt,2006,12,927107,719898,1146,6.,908814,207209,1.2953356945805839984398926572654439325392561702210848738755114584289664170412256318259589621109738688168805916559429647370435859555436780790000,3
anope,2006,12,15389,11212,244,3.,86114,4177,1.050978190558709745204463849917219063701549057170871305575176131427821281555051936989717194618805967232735551018053107112518567280640,2
mylyn,2012,12,96611,45739,1048,7.,379939,48512,1.14637310781066682372444862430163120742057177417694887584794817974454582626734580423496733584421499694730057604732293457182383915123640880537600,7
cocoon,2001,12,4206,4481,316,2.5,34831,-275,0.992083825096908964373584226862127809565094402315327289623278850728501729509682179139821651412283171717073444864000,2
iterm,2006,12,18428,8034,331,1.,35829,10394,1.40864949877068702628353579037811094719456776179340093985838631356242869698756000000,4
b2evolution,2008,12,43344,24387,900,3.5,121996,18957,1.184123623236337456546009040855949399425787678931859378561246063385277127909522332256260359722698783032820652692305520935114000000,5
python-markdown,2006,12,833,383,10,0,1533,450,1.41551246540545251131554883969120574964569011200000,0
opensuse-linux,2010,12,63241,44387,1746,24.,967138,15461,1.016246058273670184379491509336291879455550375981273868563382358215683609700377575835390313552818772840906466289384613174443748721192866563511040000,10
ubuntu,2011,12,153322,80147,2434,10.,956044,16592,1.01766136002764963277643860273894564566243666515611801504184592405247089111125139046010229824295865807246676619624070490853565636088511500795437750000,15
request-tracker,2000,12,71700,58560,2331,2.,39102,13140,1.5464071856840947067716751585347202234535106165949931948160013512643504490696982721756910367802275515766668268607711305865280000,2
ntpd,2001,12,9,6,1,0.,136,3,1.0225563909800000000000,6
phpbb,2006,12,183370,120846,5626,5.,200248,62524,1.4589725896557231896619448830122750800991421232726870481218900123147784318239102920078984629470122113984206552129200380033454568247880,5
eclipselink,2013,12,142745,105744,615,18,1715268,28485,1.016887175173362691286826480063554688,6
gnumeric,2000,12,147927,95242,1876,13.,175382,52685,1.4293911016346836772892646655702612334300375961744563646322860006804052055973558852280551500599630677079190594878893370432521767715200,2
libtool,1998,12,6955,4889,270,1.,6130,2066,1.5083661416759179873222631494215293615379040026049258660294309915758215817167687468733236682824819255867787867360000,1
python-markdown,2010,12,21042,20532,103,1.5,9780,523,1.05649778545937382093786974038484774189091972050131674808175895875370394391261095423593626225869425954816000000,4
darktable,2010,12,179400,77241,2902,6.,90598,46487,2.0538641156717536694791004622870765645788185929621663683922494825633652703959176900194755871469405695180130344365377800800,1
PyICQt,2008,12,18929,2529,272,1.,26246,16150,2.59964342323493359358971992252324304067465933840934585074752648110604544383053150316470497316935750400000,4
giggle,2007,12,38841,14444,570,2,17451,13794,4.77194421694057174244569279585727859817087253428567218368009213210046165867954961384293148933967632824171327240000,0
MbUnit,2013,12,0,0,0,0,2127689,0,1.000,8
shoulda,2013,12,9,7,7,2,88,1,1.0114942528700,6
compiere,2012,12,0,0,0,0.,1083197,0,1.000000000000,11
bzr-gtk,2012,12,2043,1233,80,0.,9253,216,1.02450368689626770751860129438506331940014347254764771832480000000,7
openldap,2005,12,226963,113670,2601,6.,476311,83645,1.2130181884951925425285079868163061372651167767412908336345214918040865970236491208408853489560776649554571540787138588556506012650732552192,7
emesene,2009,12,103869,51099,309,3.,29419,21780,3.851158528718131116981248024968708543358627440349641772748531212073247031331225681826387028079222039848217896182798676069047921152000,1
mailman,2005,12,51296,18950,212,0.,189594,32346,1.2057005494065228831961635393465057634360712733631878303850520000000,8
jinput,2007,12,793,155,29,1.,12491,638,1.05382603560034105146310282289715433379001309457213725655416010803615573358526391690854400000,4
swfobject,2012,12,0,0,0,0.,2397,0,1.000000000000,5
vegastrike,2001,12,129147,74926,1465,2.,75261,54221,3.57704372615812460017877309162133378540357308313374511884398285665566856220486437509478315129082804445184,0
jgit,2012,12,37496,32483,614,9.5,145894,-2645,0.9804559057741298544899337072684200742501484664107612297360105976313371994573131766375880901277497572267964087125963271889125963912908800,3
android-astrid,2012,12,374921,108716,2807,4.,197648,96732,2.0298526529640018368361042057248441089367816115131794626381679614174196390095133543938164692016839943270295132268206479850213387047040,3
turbogears1,2012,12,261,181,16,0.,165294,80,1.000484220465595560088062569817639611200000000000,7
libgdiplus,2004,12,28353,9444,378,4,22338,18909,6.8596219398388553072782398285139806000338190906053495497496217947638734205390590763994973507549711679522866797844879360000,0
hobo,2009,12,8891,2933,493,3.,11544,727,1.06720902283326539866105036596183011518222994972008508956482840387844088946539154474853622685765751848273503697471091100536571886720,2
libcaca,2008,12,64396,31689,706,2.,65272,32707,2.004422197064147465712174267935222499719004244472519517243945893964160289033463338350171389076643206115620079418187190624785021845992624766566400,5
joram,2003,12,37438,15068,228,1.5,56876,22370,1.64829305062175362821692592067540343467575229100323566768990729856128750386055883258521048477984903250479298025192563200000000,3
mpc,2013,12,0,0,0,0,31923,0,1.000,11
lemonldap-ng,2012,12,183851,161599,444,3.,131229,22252,1.204189874891526333365848939412779517955692475827135967897865603805821011863396242542506796163325436827244402785189735739996427539063540910080,5
mcrypt,2007,12,1918,657,9,0.,149805,1261,1.008489067212696827578735200000000000,7
mysql-python,2010,12,480,613,8,0.,11139,-133,0.988059969472828704842140000000000,11
exim,2006,12,9891,9451,222,1.,101261,440,1.004644387674366050021831973516440459673381747232800061047201666814722261854489576943699044636510268431117568239522174515200000,2
mplayer,2005,12,87938,47684,2139,22.,479393,40254,1.092166932644660066208825727557117730545842952144607635312832527643585128336593438136515977631467512414360495628089301229372858569092019200000,4
mrxvt,2012,12,0,0,0,0.,32775,0,1.000000000000,6
e107,2006,12,377205,76146,6351,5.5,536697,301059,2.2776334883701542452635734308396290741180104082618288269437814724215981000901719160239949818424657455428572014010971789354665577910272000,2
haxe,2012,12,71759,38418,1791,4.,100302,33341,1.49791669774160482897812460885597922520933979344255867668189798109539547556509639287873205278886201792239738811356216892212377547232000,7
cdrdao,2006,12,250,21,4,0.,90060,229,1.00254923133400000000000,6
okular,2008,12,18218,11626,669,7.,60009,5363,1.09814076052143591883917037983686092666828800358729578959424102772026399351923746959721620480551287089856008577380008963450308843898880000,6
unison,2009,12,21032,4897,75,1.,49426,16135,1.48466552525164441241249736768424415870031861745120810155717123199929041482626446197398220519206917911354776665798822400000,4
elbe,2011,12,28863,18938,466,2.,267531,9925,1.0385278293216307254737983869644073836462378399524943951104878157543307704304061069792075914985424400599702601385599474161097109829439999507937835632000,5
qsampler,2006,12,1974,483,53,0.5,6689,1491,1.286841092677936960408357671688671688604907600000000000,2
ddd,1999,12,14023,8364,162,1.,163300,5659,1.0363173128079466088413472661152976171794395605229233434989811249077184082002299194885547698212241518199993022579701701040000000,4
squid,1999,12,76148,49224,1674,2.5,295128,26924,1.100386273136077467780483528734618323390006961941060044665305852600970624653586825950590075111237959017282846687170380803229933448000,3
go,1993,12,0,0,0,0.,7,0,1.000000000000,21
liferay,2007,12,1280778,1096049,8337,12.,840256,184729,1.30165993061832596673675055093752804292865479751912184959931820928314306517981907732106688958819580190121506677622892669603720658944,1
symbian,2009,12,24232849,541534,564,5,24976563,23691315,19.433263464873665201131696098996642758596061444000092435087206429139069526912882895688465935057300960,0
ganttproject,2006,12,8153,6036,148,1.,49299,2117,1.04486880590018313561990384946238877913149589163247961428079196329674440266111583456402521712179200000,3
degrafa,2009,12,42291,16665,144,3.5,49776,25626,2.0611180124233717070401555055036417811830977826399695429534760439328022921648888911603771003047069803918410292748528918657024000,1
x264,2004,12,13782,11526,80,2.5,25481,2256,1.09713670613665172350078310090365121349033086653619653648141103408185344,0
flamerobin,2007,12,17644,10751,398,2.,57948,6820,1.133492532636114547734436132419665568105207893174270781097070412158247360046174857559294477863641972189368154229593598080104289880000,3
binutils,2011,12,295695,72366,2110,21.5,2541797,223329,1.09632610843907536446790320191611010726169424712503891898958691401915837063440249963375661132051352391647053398925825297975194591933054309184000,12
findutils,1996,12,1265,1162,37,0.5,18439,103,1.005622577652603608904288314376464295536050314037206115067232000000,0
texniccenter,2006,12,5534,1497,68,1.,89407,4037,1.04728827456438997976749864697120285312610256661512389053615364175361088766560000000,4
linux-pam,2013,12,13,7,3,1,112992,6,1.0000531039243800,13
webpy,2008,12,5336,3630,221,1.,6116,1421,1.3026624068068668547219347548095279325798344114149664833432661120173047552299004442392148126565281832911872984327632320000000,2
MooTools,2009,12,165740,92061,1549,9.5,30290,9651,2.114434179779371800459574473803964068530344585424415865691541756276665901419192685467743953890725012452979776044165084932928800000,1
cpan,2006,12,13480,7459,734,1.,14631,6021,1.69930313591588236637698080711036947960263979188043215973938358128779146980942475537999121520124672091623529753600,3
sdl_image,2008,12,622,332,4,0.,18942,290,1.0155479305175130834459500000000000,8
systemtap,2006,12,26410,16047,434,6.,49260,10363,1.279424056856975917824833270108361694098292609920457392187543181864625356697681854418717804132225437352794634004448354599974148768674816,1
equinox,2013,12,30523,9536,466,32,1932586,20829,1.0108952131467710064673591834103633904,12
cppcheck,2010,12,110571,58412,2247,8.5,86556,45532,2.1098868956569787633731353851585980724954675591308171901229746948035842301095560164492776412393086284398096027658004541986078720000,3
coherence,2011,12,409,500,50,0.,78064,-91,0.99883354269728831419486270247985628822000000000,5
iterm,2008,12,3142,2173,164,0.5,38181,969,1.0260399871077167615440729316720855541047854076162819230665550052154000000000000,6
testng,2007,12,84618,19536,566,2.5,171648,65082,1.623832985002974065232727129670268897857828822636913459398259789489246963245161979223684178691685743173098576802824159857333775880073232000000,1
scons,2001,12,11798,5796,155,1,7753,6002,4.42775556829697324693608948011089786600199595347936,0
simplejson,2012,12,2791,1177,57,1.,4971,769,1.1830080914162973125896935367241768233821498010885987107384964418211814395804449280000000,6
lisppaste,2011,12,0,0,0,0.,4524,0,1.000000000000,8
Coccinella,2005,12,53353,23992,238,1.,109831,29361,1.3648688952002712559262551875315616709798910860835768696111565466490837304057784897636374767186361564283501533718331537656250000,2
m4,2004,12,24048,48240,100,1.,127638,-24192,0.80937672366137902808510792448115412578380060536107171029871247862149522484092572824000000,4
CruiseControlRuby,2010,12,164,60,18,0.,146232,109,1.00074594690770835821595610661079739396751329632209213444800000000,3
tor,2011,12,307533,249672,3641,16.,303497,62056,1.2577354697912329430827936928595356522249994235821560110945515760195380892556050297956865903515380725567608838995692366668080046137600000,9
cogito,2008,12,0,0,0,0.,6648,0,1.000000000000,3
openfrag,2008,12,2053800,1246169,841,5.5,952262,807631,6.58407948599806796729591330242454317155624321988000372595298350134145152624708834041411497302014003084229666560000,1
k3b,2009,12,44398,61777,569,4.,121362,-17379,0.856868720144022887452353916903677679060057519549769155009801312260228164271706860066177788056814665119045355840223713100324253027397200000000,8
openbabel,2008,12,174936,206313,670,5.5,264308,-31377,0.8722606489624535426138821056242724072644940258965742181062478937705339354980713471802667528439897862585403316676491645235200000,7
drush,2012,12,10094,32569,1144,11.5,41157,-21613,0.43939511844886219521799736511093125990295746578911768992889549716078374551680504923238266647221969651889946584666795499908000000,6
jspwiki,2004,12,3642,638,245,1.,25159,3004,1.1355901602341003258491851114749940206731897111303354560061671954981597774553930550599087978412583148352774258092602993507478784000,3
gedit-plugins,2006,12,5108,1028,146,1.,4818,4080,6.528455283583026030973678447852775125706700266508662795018449878141466692000000,3
jetty,2006,12,594793,546538,3544,5.5,342584,43820,1.19045383822259330570786715285089187552164467507987933572629954815160533761594723140001521911648425993288744308595215439503350156800,8
stateless,2011,12,105,57,2,0.,19356,48,1.00248601615900000000000,2
geany-plugins,2007,12,1996,702,67,2,8814,897,1.1133004926,0
cyanogenmod,2010,12,31821408,19147209,69965,216.5,15196367,5932085,1.64031783586724245526016753935702264184895403959970204407351753164385402341904300242317669146965028576149751529274307954700424744960000,2
struts1,2001,12,192741,63425,871,4.5,164625,129316,4.6624090179410617841990838937928346424593360539053364806742576474063426349425178385822651188140329331191061273759707623237120,1
postfixadmin,2007,12,16542,13120,490,2,83860,3422,1.0425420820972049138520210062086279537466840768694657692543381677528105835960950416000,0
cherokee,2012,12,787,2996,95,2.,142847,356,1.00249840340790701122563245418804372235629839668832146564834579960389646806281370401970553546263743936366581153713561600000,6
sv1,2011,12,54726,40917,223,1.,157452,12824,1.089593114245885915607719515115740205127178425957876470791589302299794935808768762651489427723067119896987500000,5
xml-commons,2001,12,195126,502,72,1,216199,194624,10.02081112362106601479714689594308465266830921600000,0
linux-pam,2010,12,2230,958,149,1.,112770,1272,1.01140827638211342711954743701266478737104486010503219068354344295031156319368341321405874318192455619542824812818239959018112000000,10
Coccinella,2007,12,35588,22485,666,1.,136633,13103,1.10607139966124632576956142312428284526057888540481108455138288702431797052653307330450188248395407153887882227043383625627911999700125030400,4
mypaint,2011,12,12666,6739,453,4.,16888,5558,1.4905560458931820903981265890822217899275542450930861924198451904330751212735007768455732915116931149347359117885173923933919934272000000,7
jspwiki,2003,12,11796,3204,776,2.,22155,8592,1.6334881663992434164532480345326431580330891310851805295886261238923288555484427082701338106543688247634463274838703628171152774320000,2
smuxi,2006,12,10617,6586,40,1.,14284,4031,1.3931532234455655863398200093055933388016983362181368340803842188676586456636800000,1
GDCM,2005,12,2217,405,44,3,5372,1812,1.5089887640,0
eathena,2005,12,55816,43372,388,0.5,108022,12444,1.13019732574414636052520888212047417039083760751956539758000000000,1
reactos,1996,12,0,0,0,0,30263,0,1.00000000000,0
bbpress,2010,12,14963,7646,427,1,8101,7317,10.3329081644407651612302941241549105300000,0
hurd,1991,12,266,18,18,0,128,124,31.99999999500000000000000,0
rubygems,2009,12,4559,4518,284,3.,21105,41,1.00207123011330180961984485724209351402358592027239857918460070605241047945642823436420040439394637734185135272016863811467971270000000,6
cabal,2004,12,9556,4785,298,3.,5567,4771,6.993718593937753371513042157987874516794271980477004174383085584266598562473963177500,0
phpexcel,2010,12,37400,12243,230,1.5,196634,25157,1.146707721758433132511026239505344921288451000,0
spring,2013,12,134610,193259,733,18,1177757,454,1.0003907517484346326654115679393696,9
qtoctave,2011,12,1272,509,15,0.,23920,763,1.032949000305511805557860000000000,3
libgdx,2011,12,1692312,1146516,3288,5.,771664,545796,3.4164379195547226616691358921383136461508109281689945826808965795529189987859968154322138601597766300892369549833723948916288215040,1
kdevelop,2013,12,5834,2544,268,11,286260,2730,1.0096286107296527104560390138071538414,14
flowplayer,2010,12,0,0,0,0.,95304,0,1.000000000000,4
icu4c,2012,12,33115,28433,633,7.5,526670,4682,1.0090146811076986707909880216748980829292589220577035742519484863342802075790830187399014375704877027160002417222355293549641619828578153803366400000,13
kcachegrind,2004,12,24981,8457,48,1.,89674,16524,1.2258920027443042631104111738340561333502521450064766095567775755496130078480977920000000,2
tcllib,2007,12,40790,15027,408,5.,362688,25763,1.076465088670320488268588576544417113702074740013526549783155875933198152833536569263731664864841152025753642552157718920217032854184458978720000,9
smart,2005,12,2515,1240,98,2.,50447,1275,1.02592939071237189962562328607920141628765800649044809989041956745570465428585487462142503200201379113013443977169272603033181408502740000000,3
mandriva-linux,2003,12,274441,133318,5483,15.,501892,141123,1.394177403988569140977809217162570588228907604045223854950150946186210122814342478668196182166837110013300765101005730563190351662407680,4
neverball,2003,12,28096,24840,37,1,7171,3256,1.831673052443570617086789339462075128244625351703892000,0
processhacker,2011,12,646437,437686,1037,2.,665861,208751,1.48605975654982251838034633232704172289596549461478402884490623635509456339230392510836683078554111106174268438069193100196738096343526400,3
git-gui,2010,12,2306,1212,128,2.,27404,1084,1.04118541032967844085011048417502697542179894996119389618973443494032998016993245989055108416792400000,4
noosfero,2007,12,422534,108122,2934,4.,323038,314412,37.449339212718569554846674816165656671319273594370920279989352064,0
xmpp4r,2012,12,0,0,0,0,47780,0,1.000,6
patchutils,2013,12,0,0,0,0,14484,0,1.000,9
wwc,2012,12,0,0,0,0.,553930,0,1.000000000000,8
pharo,2010,12,0,0,0,0.,350139,0,1.000000000000,15
sugar,2008,12,171205,208587,2240,9.5,102035,-36694,0.6386180542702040002216837176640747681376230704990984447500926827554280330288529236038443304070020822297574573724569292699006680000000,2
mod_perl,2002,12,11221,4640,581,2.,43607,6581,1.17773996652703659342112076470659575874419755048180786574714878439493573807269504783657283907163945375826033040215987684028889588875395072000,2
waf,2010,12,14019,8591,1415,3,39997,5428,1.1570192947448870839555971515779943283038874438107350260,0
debhelper,2005,12,192,121,50,1.,2929,71,1.0248425472332324185317899326138406621494371828813351515915272527211170923457146031581251723826270525434847924157932421120000,6
bitbake,2009,12,4252,3520,216,2.,20870,732,1.03634919058815513908988516626342604149262512749819776683534900649357874574254666482835061038839361395062493314019580791352158688179300097320709632000,6
unixodbc,2001,12,6468,11428,105,2.,219730,-4960,0.9779251413071719999014,0
svnkit,2008,12,93033,70663,1126,3.,129443,22370,1.2089228843829587191374673917424340189877691476630979511043011147950978116891614086957114080299173180357541483034220376254597088778864000000,3
debhelper,2009,12,7380,3139,419,2.5,5464,1675,1.4483404710381036643946928758225151498995248175923053917721614910069878354139419500845558823430672711436359733011369179757568000,10
xfardic,2011,12,394,378,5,0.,16084,16,1.000995767986100000000000,4
make,1998,12,4830,3156,63,1.,23566,1674,1.076466289050437179143822945315486442899554219589945543389804521148635082385560624013660282496978808309765176186020590223360000,9
system-config-printer,2012,12,4363,3214,171,2.,134512,940,1.0070374030481586923982440883958257454785895642685510995925573980428890681940187995380922054967453617415111171462474480000,5
virt-manager,2011,12,17268,11939,488,3.,48266,5329,1.12411207117830062588516216160953603851182833678342328827671017932259232465149124075871193709439445433916600051871328684033274019840,5
console,2007,12,15935,14147,64,1.,14888,1788,1.136488549626142224102076389082582223591457245788794403223180177132726221226861236910947485945800743417752287100303360000,2
jaxb,2009,12,8816,3536,261,2.,231721,5280,1.02331733210481948694377550235588032288906433099773428753680148980028007960397249195492290506651378870188546922544782951210354417966517061398499357116446720,5
archlinux,2009,12,18579,13988,1296,13.,39080,5607,1.168621436305837221901067632090856805477767062530293109260264362074658805698846095318589929370087357158112111776447613486322578110873600,7
bugzilla,1999,12,7206,1709,288,2.,9538,5497,2.3603068546914929023093939536327124951587671704319998644566699778291156514110365681435163643706704138553389315255042560000,1
redcloth,2008,12,4972,6033,140,1.,3272,-697,0.78698044006818901728165347722094907248511867061213700235819503883343551538468376847091373031549021600000,5
cgit,2013,12,1060,840,56,3,17930,214,1.0120794761780257265586000,6
moovida,2012,12,0,0,0,0.,116973,0,1.000000000000,6
freeradius,2006,12,173196,81288,570,4.,262412,-14081,0.94704141232754551603670349359641372381806704325098716121014802459993362381180207558568656784420007623380444539592193063053720780845708196055893463040,7
chandler,2010,12,0,0,0,0.,272804,0,1.000000000000,8
ApacheRave,2013,12,19777,8415,141,5,77173,11362,1.174789243760631048413526994999920,2
grafx2,2010,12,62740,56790,325,2.,56580,5950,1.117519257361147107403411894203550621586332135870744286511498256702591041840708283341394105424264152330993666298296856277111085299602010806400,3
bogofilter,2013,12,18,10,2,0,49243,8,1.000162486036400,11
musicbrainz-server,2007,12,66349,32031,917,2.,323024,32262,1.11098191925228737074228384217138229011923194374459036284549500868027583272999419641319965732565249574989473274407224000000,7
akka,2010,12,1071470,963058,5622,9.,39290,6452,1.3874144348367240578387162755968671904152886442197140934127424991173661062475004792703974333561754368826580021911765767127040000,1
lwjgl,2010,12,24984,8798,226,3.,65404,16186,1.3288634239407493681474822882012523415954584617439745815016127587684404026147744529569306324613020239177637404399582766970592000000,8
mapguide,2013,12,4486,285,40,2,515998,4201,1.00820833260093404940326152167539181810,7
geos,2008,12,2130,1056,104,1.,103474,1074,1.010488281250481024296330965154998329827555991940915085568688998175129266812875612354948224887500000000000,6
mahara,2012,12,62780,38757,1869,8.5,329638,12717,1.04012671927556055427525326499130296167474340558671520112301631655517430688590603806901037216187710120108646976545352468991911279392088211856378960000,6
HAProxy,2011,12,6911,4681,264,2.,73549,2230,1.03126796505846433631946507452645452549888759045540294939731187451013642388434644578277088803257340675606851201851801929811293044258446838955654400,5
automake,2004,12,6988,3734,379,1.5,40431,3254,1.087527234574192193523147534438786583710698490889609798166749571099977362241006216393582750845035389157240584250668573242797975192293738260480,12
awesome,2009,12,29222,28241,1379,9.5,21471,981,1.05198452653050764497136717222963586830776933577767180844168651612946570669530617890703301655211547871980187700339973899371152906649600000,2
nlog,2013,12,965,276,54,4,189593,467,1.00246925330188632780121600,9
coreboot,2009,12,139707,95102,894,12.5,372197,44605,1.13774032374453998374352439651602296696619802186792579991165381068664377319721327737136977797792566301499108785178530434975064044589024000,6
paperclip,2007,12,2664,2288,34,1.,976,376,1.638370118938795853981016764764549031783953,0
fillets,2011,12,55,26,19,0.,115321,29,1.00025153523226319573012973956441021587080000000000,7
MozillaCalendar,1998,12,8974,2312,116,4,56117,6662,1.13470832068924659313200,0
quilt,2012,12,504,3000,44,0.,10424,-2496,0.76055257103114993943133593615314087000000000,9
mageia,2013,12,1215,359,119,10,371908,856,1.002306954281,3
sharp-architecture,2010,12,1958386,2000399,443,3.,969646,193628,1.24951483081186805764807860673964877824408097753260902093357086949881289605629229202832819910239442600000000,2
unrealircd,2012,12,32275,40594,280,3.5,119296,-7767,0.934382049054080400753719616937789126211549704329797030827529379624778469266557746920283512107593901780339190180121874433784234784497664000,12
gnutls,2008,12,75452,70412,939,2.,95322,3969,1.043446849044070289226364129845223378816840884367307319596730766046976085727341417011827471746937857647926346654351001964861781649486417920,8
stxxl,2006,12,17567,16830,216,1.,41972,737,1.02258796119721827336873259297760530360698750427845025372431862173891563806461663673159848559597782211039876349952000,1
gate,2006,12,34718,35739,365,5.5,247524,-1021,0.9957612869832433780391793307531537507011064854902443560885626236728051103508940050096814059277669257192215813248312734866590118832917488960000000,7
elmah,2011,12,14876,4546,112,0.5,36350,9834,1.370870417827796672400046098668686103384121414131435461336800000000,4
spring_net,2011,12,84201,37040,122,2.,1808069,47161,1.0267822055484320626669570179360268911250030913470970607146103887428890527433979564752254547570009600000,7
calf,2012,12,9559,4430,265,2.,41481,3961,1.105570362469691992070402238450101908930366144655096410971456955755551062013280140767249154108023268589924987367671897600000,4
tortoisecvs,2007,12,952,858,44,1.,214972,94,1.000437457534114624808042890243190435314966844468312019128064795464160000000,6
choqok,2010,12,17441,5036,634,3.,24485,10893,1.80142731009239877826809290169424105506885153298773333024994079285939067584981225806723080335001656598067609516970620813342321920000,1
dotnetopenid,2010,12,18,2,1,0.,122072,16,1.000131087369700000000000,3
mkgmap,2010,12,13153,5236,196,2.,38585,7917,1.258151819479208971194956226214534423357416797067082792023321165294112975979309988429560681887130955884333804964169130958115839862285825056000,4
geany-plugins,2009,12,48768,16422,295,3.5,43890,32346,3.801975051632083351111806592536157717488271982567038810080987158866129664609280000000,2
moinmoin,2005,12,19325,13976,306,3,94952,5349,1.0596966619428327053213275391150496,0
terminal,2005,12,0,0,0,0.,6034,0,1.000000000000,3
gst,2011,12,11121,36112,408,3.,361655,-26174,0.9272788902064762086398521372752247406183728671536348514457271945873953536218864590590167592386976911571884234034034412661433912764330568211780428615572480,7
plan9port,2006,12,88140,39138,841,1.,768008,49002,1.06815242153476921487565363113824901945566439793621917973912211959985834799894318897341102328158507796118769511558997076915833499876075445240365849800000,3
gpodder,2008,12,11729,6816,389,2.5,15117,4913,1.48696600249125153772078106800325857646798951379765299811527759400696536460119642765209942342905389865807631915408574403975312691200000,3
cinelerra,2004,12,66300,25801,356,3.,423760,40499,1.105669504586439947166201366214564745730659431602492622427226518757826508436687828710745231361265478276492269172311676927509872755992997888000,1
args4j,2005,12,16266,1511,46,0.,14760,14755,2952.0000000062088479495270144000000000,2
audacious,2013,12,6741,8401,133,5,167706,-1760,0.9894987440264032071063748294433560020,8
openscada,2007,12,80123,48279,143,1.,122455,31844,1.35143635982129971374894559507168072003274163152100234771413018130584857224696625235864008534774105336316425532786930149044761449920000,4
glibc,2004,12,236709,329139,1764,4.,933686,-96843,0.8913458604622376358357721322017940874774474096595377933937507580093684792044828003410192242918811887031162604804134947529418987473057062400000,15
htDig,2002,12,106236,129350,81,2.,185570,-23114,0.875443228978644139557587985416466786737389561723630936733273955026826596739986834056661762913745861752173564340541327699200000,5
modsecurity,2007,12,16574,6354,350,2.,25112,10220,1.68627450974541133672805366833740605922426452654805601989956125753520734651079785436211430584340696731162240000,0
pysqlite,2011,12,76,49,13,0.,7600,27,1.0035652977686431499262147235820644380000000000,7
metacity,2006,12,11468,7725,257,4.,62274,3743,1.063949018469698460971332774335131927395239132870460966908308515795806272861634708004160524320330144239604965791546459082020282977965139125677440000,5
akelos,2006,12,3428,1643,54,1,148797,1785,1.01214186597,0
transmission,2008,12,685332,609747,3143,2.,356523,75585,1.29267584365483093097472417148308803811244781132693502574592661463882998140800525782303063689775960412987056127662676297314797984400000,2
topcased,2006,12,1566712,331642,3320,8.,1529381,1235070,5.19647923484281230091380170712726601900108722777157146840514284380626825542730577830660142654329644651479396469160305076852224000000,2
Mumble,2009,12,329886,173980,1816,6.5,228624,154649,3.0905576207664012721103097405308089528205235166253600962522019144249849465203856345186936309640309994153202025360102205944900000000,4
tao,2001,12,1587170,1428240,2567,14.5,1233500,158930,1.147901020863929604729564947645315520820854371468905852327343719486592091354610090726023896449890277137580258154580152955595431829914662400,4
moodle_lang,2009,12,282093,186910,2941,13.,971150,95183,1.108660486073526238998462842957301067125683321069813995674450525708897354345286908270012505320146408873743297145451265674468238278062321971200,3
aquamacs,2002,12,884798,597154,17658,25.,1991510,166954,1.0915039056079379493672149299200366736353593203552253179234396447436579813621815038866527812939857401845705707623490459916349214254449316344000,17
freeswitch,2010,12,1196703,409820,4775,21.5,2090741,355434,1.204824852297248241381709719770871908990848692420106483912850219339915056140742732145249792423347648448597460559062511690304716800,5
openbox,2008,12,24469,15137,532,1.,39346,6275,1.19045162077736720978429873393015231149546219208158926437219451253194988165538045938239387577779200000,6
angularjs,2010,12,76413,53393,792,3,23303,2634,1.1274372248151559570062080828605736680954036711284686091689349378836444668720271193315979878603914806948033509480226560,0
valgrind,2002,12,99575,111361,915,2,92136,-11786,0.82354174153097695638134390095627146000157716613867948899752875780950582957511024428661444256907238752,0
opencms,2003,12,427458,440500,3138,4.5,316342,-13042,0.9604048769828984051251875807476690223316887057782906758854231973515039756283536941173097524748984226740541989403760139696508158338105344,3
ccl,2012,12,12362,7491,300,3.,392365,4871,1.01260079210884922133089914436376291267414038774529509807886247626572672566850048493487747015173202989869256449138605682809546136217001134361903104000000,9
geeqie,2006,12,6555,3497,63,0.,67757,3058,1.0472650272758555206927849569797173688766673626000000000,6
wikka,2006,12,15460,4823,148,0.5,24965,10637,1.74239251815933653583706516334069940438079968000000000,1
fractal,2010,12,24224,16847,335,3.,2549880,7377,1.00290147150314742802599699779591946646797943198427270460656076762617912089695627860319726806331133233127298803984008526997156662593188440681905042003517593600000,8
sesame,2012,12,190619,107081,901,2.5,459281,61939,1.155883344831040781943676213966348565642924155187284125357285256768406086040724750226753851162040782140188678373104661816072548698429782572800000,4
ganttproject,2012,12,82728,62791,629,1.5,146226,8208,1.072026536030088203967799856657729251347688369378311204838986537573925484874537081765229570736897144068426850095633756703436328176367344000,9
naev,2009,12,105320,51438,3024,3.,80276,30256,1.6048780487624865260916127129155699639049079360814606352688088265321687545767006960128326041049063231447603173316547432149437122560000,2
SPIP-Zone,2006,12,2720335,1982966,12560,27.,1020616,737369,3.6032720559347627462810506853097102793909294046511598575763116645694562262962888657856046230789928315549212657574189516468224000,1
websvn,2013,12,1,1,1,0,58943,0,1.000,9
port389,2005,12,449515,194481,772,4,646342,255034,1.690391304952522125446930425063953454566266004395155608713568731914741850271183667127716542348049857869399460788914377607884288000,0
dcmtk,2006,12,28171,16733,203,2.,287310,11438,1.041461257396927867827257321022296267767011237357706335214983586570924539590275201148389089792246137212778464382737586691258000000,11
ingres,2009,12,181253,101215,1150,23.,3419456,80038,1.0239676494549233941256291489999617342778588622850288474282256605239257982089019946204618268649373193621076600435779673041542808087541472892740416000000,1
cppunit,2010,12,0,0,0,0.,104484,0,1.000000000000,10
fetchmail,1997,12,11123,4916,742,1.,11447,6207,2.1845419849427480015147828207503533225200218832144052948023089851364263275831822474205053713553380140520071882399611630631206400000,1
dwarftherapist,2012,12,1697,694,46,0.,43100,1003,1.023825925837439002431877917830782992000000000,3
firestarter,2003,12,1891,29509,32,0.,11472,-27618,0.293476592500000000000,3
alsa,2008,12,13432,4051,347,4.,282521,9280,1.03396269227629988641448206003254851519012081462688625344199967002305507273058727634226685585790793925423797614820892870025292544653383350297395200000,10
pnotepad,2009,12,199400,22100,779,1.,689637,175032,1.3401288366710215840927713589394528136913514348536949055996404831119742564896169019920246107112087761645238356437168233298655694833582080000,7
kdelibs,2001,12,406176,245576,8529,55.,464719,160600,1.5280827571005634103160310503562633958802407357233957819014322155432139143653539852043922129766963772290216630443144556178724434096640,4
josm,2009,12,579768,468380,3994,13.5,366184,111388,1.4371654185086906364718604817902299783874427787818242962703812861198377795569216206579142295379158584733486426443253367589603328000,4
strigi,2009,12,8744,6443,254,5.,67830,2301,1.0351142242360927118564393590243925134302082453862101293176947455256364766882784988559274290163184156626906964328297422982581325589954560,3
macvim,2008,12,88056,47442,873,4.5,495645,26944,1.0574865425888926333601005940235495475483069404614930335944424227227859954423327620172804366109684981070067171816436497865039622740373738554800000,4
skype4pidgin,2009,12,957,515,84,1.,5346,442,1.090130505718074550589781686891136416916034353364978566531799099813790911984921905970963943719032074807703015159502560000,2
alsa,1999,12,41521,22723,283,2.,34299,18798,2.3322466337120423148540150363257063996306197434039780266414618104298968965765098751869053594903727463264949632055050240000,1
biojava,2010,12,382329,330713,1184,5.5,304628,51616,1.255110513694776232528312251922527856165563747114005635018084823993442757157875363945095140235372662026491624973567442387457624275066880,10
heimdal,2001,12,14197,6620,872,2.,143150,7577,1.0558887094040186432407178219499742171129523850972223832482961778771066307107133250556501889586272456416529479935761423885911628608110559273752640,9
wxperl,2009,12,4417,3137,109,1.,53187,1280,1.02468850056126717935432757203908442440500349762458290099570605067900167913668788880404874980657827089578799337881256129110645930831388340000,8
freenet,2005,12,41871,77462,445,1.5,101337,-35905,0.54119706617237170019553403515207005930889086490180438577666985703646298289825774079132694554159450331413520352000,5
boto,2008,12,12490,6452,513,2.,10435,6038,2.373209006081082971044747196852454860854503854567589344166482939566289220514374768886408263114073756738842749341728940724355222528,2
sdl_ttf,2002,12,285,125,17,1.,11002,160,1.01475742482878986771524218678903450276927225828691391946085600000000,1
wxwidgets,1999,12,845834,456759,4698,14.,807306,389075,1.930287329273339756660114955967215402980395269469836322461005034768027935837756005579052428182563209991291528952108474658389340108800,1
fluent-nhibernate,2011,12,11849,16447,158,3.5,80016,-6454,0.9189959209228287715681458531123149677938067975267356050967447172140945871967614110813364311075818310311530800000,3
kerberos,2010,12,32085,21301,549,3.,437951,10784,1.025245395825831850152943351994855820817821262145030963798970235919817692245103402737086348722064793670591220937860265535045120555804215511040000,23
webrat,2013,12,2,2,2,0,8835,0,1.000,5
fluxbox,2008,12,11720,9984,319,3.5,66876,1129,1.017227698599526160238382984494424345100503822287244442953287767478785950599000000,6
ipython,2013,12,22328,22451,490,17,80555,1839,1.023427348471510876656728021451202725,8
jain-sip,2004,12,54896,36004,349,1.,60047,18892,1.4590450735490230791213903498684963278807909787254526756844401839764568159225995552446587757696674671013607649504497184836116968664880000,1
freeelks,2006,12,10691,2414,29,0.,39650,8277,1.26382558250182959607251420672390000000000,2
jsdoc-toolkit,2011,12,0,0,0,0.,4660,0,1.000000000000,4
sharpsvn,2010,12,6906,1626,208,1.,68672,5280,1.08329126703315339263041902268455064873590551182328793340283191783253847670645182801260814222790497290935218606506252849669728498252800000,3
gramps,2013,12,15422,11906,308,9,381579,3516,1.009308285324021643413397827894785410,11
cakephp-media,2010,12,9642,14598,366,1.,7508,5,1.000666400106581720807568600000000000,2
gnumeric,2012,12,17249,10249,552,3.,441746,7163,1.0164824671018874983998097222469575514872598612586878028038185116215347842632262224788753737675679238043855010597978762326710693474411881004728320000,14
fop,2010,12,22319,23029,206,3.,302733,-710,0.99764286402116183666594467948128729451232854181990139757652571812810938790224508646757359967390180312812922212751557241639940407463337521934336000,11
tine20,2012,12,240213,117123,4769,7.,312382,66133,1.29141824749864857260473960837264748578752172887852460790478839858513768361117934408430329797013902330740729870640342004451010346744300800,5
iolanguage,2009,12,77083,47227,345,3.,188225,14617,1.08490801679984628423786514065709951090426978574374522602980674013400559731755748368963097987040284576935597568000,2
pld-linux,2003,12,1715595,262899,2304,26.,1749091,1452644,5.9001811462448084550425084852286804361409251757632059180422673454192887286984835843555552768929628974615030262972297917799546880000,4
iodine,2013,12,5,2,1,0,8060,3,1.000372347027400,7
swinglabs,2009,12,68,38,6,0.5,15499,30,1.00193936259650483827744180000,4
Jitsi,2008,12,97039,63227,1112,6.5,184407,33812,1.22452272651403950779910170186237454522156368723683925281770929520739996821500972262229051141602317572785465955422241307961759746155315200,3
sproutcore,2009,12,389024,183938,2720,17.,145071,121541,6.16536336592582226189172612031413452223934249663146152800213147541173936669827964498430345060204951293213141333362768074164285440,1
snehasrinivas,2004,12,24443,4158,398,1.,25036,20285,5.26962744666728716077930671636296629373562064202189181208431046590840347323844637701225855126524463125006017866986619981661491199606784,1
cglib,2004,12,2881,1724,72,1.5,13579,1157,1.093722154725218252330428254570439310737870940054820645850877174455971606494683511331827981924623333712932945054286496000,2
Dina-Project,2010,12,43486,15275,415,2.,57688,20359,1.545393661774574545412310115872258730955473062448561419927184438385783251781374617744753797885208440963814612692291362928640000,1
dokeos,2011,12,0,0,0,0.,3023688,0,1.000000000000,7
cel,2007,12,198681,135588,553,7.,362441,63093,1.21076806931153738895872957356783442182901187831187669642496366153488727639519425053682185864183126686535686430798870575151912499200000,6
openafs,2013,12,7380,3779,358,14,1014689,3601,1.0035615099770084637924903415525984830,13
opensips,2013,12,17420,4025,290,6,384311,13395,1.0361132978915448496775360987025624,8
flex,1989,12,921,830,26,0.,3411,91,1.027434428702922654197817591969856452000000000,2
emacs,1994,12,99963,37199,4665,10.5,283913,62764,1.283808653892988794281710196508186918813799768692031162110683290753882667337406126472368004975871662468340258111064370285937698580480000,9
filezilla,2010,12,10535,7552,284,1.,245989,2983,1.012275417067054854843393927192087248765996189074836007049956716083689054558763960534539298753036756600908247661638495525443428026483147187885495525461760,9
perlcritic,2013,12,0,0,0,0,44007,0,1.000,4
gnustep,2010,12,372825,354178,2890,14.,2113956,18647,1.0089353655890515080129302421956878695438357609092853338409081795776374876837688805281460337024182071056748049455944105577879315065184132086252800,6
hal,2003,12,11069,3021,61,2,19313,8048,1.7144252108,0
php-dropbox,2008,12,0,0,0,0.,563,0,1.000000000000,1
dovecot,2008,12,54297,24922,1610,1.,145972,24393,1.20063497807331654556813068990932504695185653495159846729256316142562973322812756505809888362776062057393077009134431902825216000,6
doctrine,2009,12,214506,681030,3771,3.,393394,-311016,0.1981271689074537564735355259121172018000398832364847455614372754487763264808498082581332660570310899037843010019510778620876800,3
exist,2007,12,119117,66215,1770,7.,371189,52902,1.1662084847901825101810449211974685616441888424691788080102926076045668130532687800329839816885813202391633867587588020386617984640726221760,4
outlet,2011,12,0,0,0,0.,4545,0,1.000000000000,4
gramps,2003,12,103336,65789,1210,3.5,119119,37547,1.4602927475455983084631919796278046098453705932099096815933482555103968080331717166304327200532478825619967382652619259348101211157120,1
zeoslib,2010,12,9134,2962,58,1.,252384,6172,1.0250678277252829810372327992012986918045713625245177004109651964639137838100042352668248945317120000000,4
bluez,2009,12,36884,23360,1201,8.5,106310,13512,1.14560658635809538087680794870583804069191159419617635147347586396873007505350412953464866458878129341761201375930757115634900208089464960,8
ko3,2012,12,26162,23650,793,6.,32136,1439,1.0469264633949266457198095817431776475025660711352670847161131654718864884528476543867134042040000000,3
iphone-color-picker,2013,12,0,0,0,0,2618,0,1.000,3
asciidoc,2010,12,3695,518,99,1.,12396,3177,1.344614383381898285477673422649431629430826863958716004893649675278569497512763552170114025600000,3
openproj,2011,12,520,260,1,0.,92086,260,1.00283144207500000000000,4
compass,2013,12,1665,832,71,5,19104,722,1.0392775541286586799336493842785824,5
bazaar,2007,12,1620784,536398,6663,16.5,125851,51530,1.693343738693745824141187241186826271190115339420846553356327992123514099279345627865659203225750974732378272415408697299057513600000,2
udev,2013,12,0,0,0,0,23505,0,1.000,10
ghostscript,2004,12,600794,335956,1843,14.5,1279485,316899,1.329216298615446031000970982319739612711094791642642063668709805768655469994190995125610779244919422282669784486606910761244216221636838461440,6
milkthecow,2008,12,2236,2328,96,1,2384,506,1.269435569725379506892977755389186572539960144000,0
tar,2003,12,6479,4164,175,1.5,22343,2315,1.1155881765479844470970659086713655967057879338585468875533383300566763092232962087898180123884306428054885677147266600000,13
ScrewTurnWiki,2009,12,20328,6654,256,1,197866,13674,1.074237751913756923268329255585520,0
oro,2000,12,118,52,17,1,6349,66,1.010504536047128932714787000,0
itk,2012,12,199630,73397,1633,17.,2507933,54858,1.02236295262115531695543000094617842356982081404734947524033736087935903320759045906611595946256893235632868988840855131440998100261851354718044723200,12
openvz,2012,12,23650,7900,1034,4.,25778477,15750,1.0006113483250859466938618651480804752508773976607577274827157012037589340091512120793503546548582707814482840195606006087621392913482568376115731307957223138752421212651520,7
cdo,2008,12,948687,530610,6459,3.,1327655,418077,1.4596384257302276861266567278604993576934472863411925302615926788188591371358187216925100882071785270793695962400982570963616348160000,2
xen,2013,12,34012,29653,428,27,498838,4961,1.01004501120682243904670290666016230870,11
nagiosql,2008,12,51485,22748,936,3.,31778,28737,14.47257384040904398612790894264059294287118761376426613724090524117970013484539468800,0
wxglade,2005,12,4940,2085,60,1.,26157,2855,1.122521671962989816482510504434406204799297985839395533060784016003683840300034117537384805357029039544893672717400147668677809953720586723360000,3
pootle,2012,12,88059,83712,1438,3.5,34079,3885,1.12866794729067038506523848923477774033273288187660410642225532522077594597960919001991209889247089100464268363020423039882716857796626022400,6
anope,2007,12,7886,5609,97,1.5,88391,2277,1.02644169357327774225219983026899944009327827923795060524038095082859246586434837285800206174684433231693510656000000,3
vi,2006,12,32,27,1,0.,18121,5,1.000275999116800000000000,1
groff,2001,12,22424,25099,161,1.,85295,-2675,0.967173483538003778722582097349118820493460972150468035226923857680890454376181390582087435105797608613528274765463589360171110037178984000000,1
gmp,2011,12,30332,19791,638,2,209398,9787,1.0490303640476892909999737622738380800824540041296218867993435422203401378565523849945196735998718130004405448140309400000,15
ddd,2003,12,23417,11998,150,1.,179771,11419,1.06845677014466795702929380014187418845220782013900287624508051971318430602288451711360000000,8
autohotkey,2010,12,0,0,0,0.,60586,0,1.000000000000,7
htDig,1999,12,63157,27985,884,3.,169092,35172,1.26263440860300402515828147914640560527036373974382688541541509535578271742931867973697755499119179906864843737923133877851299430400,2
spirit,2001,12,106969,46934,464,3,64281,60035,15.1391898233266981391172442137473332102692607392000,0
piwik,2011,12,571602,281846,7018,11.5,510036,289756,2.315398583733778209870311759709540625585220221311750428361315493464019498685658203371574116548539916658443041406207735259657471795200,4
KazooPlatform,2013,12,52661,42849,715,5,226176,6853,1.0312461529334178174026964499781970,3
sylpheed,2008,12,2956,656,98,1.,118328,2300,1.019822801392627365103981027703515453158234456618109390250644974901301729070412418322658079506811706583317522918285427107084135570586815436800,3
coreutils,2012,12,33115,26678,602,6.5,80522,6437,1.08688668422293953279474896926961846226361781134097715680660105868774123661180197889397679811229014535392898299932201935386288301512530462929280000,20
cobbler,2008,12,76989,38378,1023,1.5,21089,8962,1.739012121663930700444454210297152899099682008212667878024980094004555681644913055342714294644504361245414788603527321313280000,2
eiffelstudio,1996,12,214732,81341,3924,9.,480673,133391,1.38409995335380926341159417408264182576576379359633267404290712725255314045058535168069321342984543468837319908512717443806298813071360,3
enna,2013,12,1750,12194,92,2,30257,-10488,0.6471419439642943345000,5
pylint,2009,12,5366,6562,376,2.,17494,50,1.00290225214301746627157852856372378585561837992649950599688701456192837792468486168772058033434994984960000,3
openjdk,2012,12,7589480,2345696,4203,62.5,5430746,1934633,1.553366839108653138509659187705594415749573017806421496478751862107960377908650341775226297729312969542736573877808157293282395007915220640000,4
tiles,2006,12,46662,47367,332,2.,22460,-705,0.9621476510327228511854093206175819879823889851315348525727348795093560859812919326947990372228709367846901839109962154798504836890624000,1
biojava,2002,12,70205,23185,837,6.,114146,47020,1.700473735925765170025122533219590199416515710910581943531832305514320301779732802994874227188522151109580567605235191338704319283200,2
datamapper,2013,12,0,0,0,0,56365,0,1.000,5
nethack,1986,12,0,0,0,0.,17413,0,1.000000000000,1
dejavu,2012,12,0,0,0,0.,1937,0,1.000000000000,8
duplicity,2007,12,3212,3380,130,1.,10155,-168,0.9825418269025806225818421080159738306016808409525266285286772185528861563189791952001203200000,5
cubicweb,2010,12,166663,115591,3763,10.,130185,28985,1.286413043473829614951674611386274313289526533406403822951922114650582624191183020952196318596206777774534546549914246475327658427678720000,4
seahorse,2007,12,6869,6541,155,2.5,58250,328,1.005662787888479906332711526878575117747726387112553998080254147437505665331265007524866512806999237484419511140880338636953997342885140305920000,4
gettext,2004,12,42814,36355,224,1.,470063,6459,1.01393858305036356094341746266646560260988273448329813184738140477814973859958464076288263430693442388092170904763814310776923939142959104000000000,4
couchdb-python,2007,12,235,138,17,1,899,97,1.121249999999819003378351500,0
blueman,2011,12,582,248,24,0.,17635,334,1.019305242469478593111510000000000,3
app-engine-patch,2009,12,14893,4555,148,1.,12996,10338,4.88939051979259699967761672802468639959677115060720358831212098500526067060603564369142400000,0
xom,2011,12,0,0,0,0.,113211,0,1.00,8
phpbb,2007,12,222109,64208,6352,5.,355987,157237,1.791129559742093895446873017406466126816791937718065818829517018345302916027149944959224933812825731445402653487455672977512280548352000000,6
httplib2,2006,12,2830,757,60,1.,3301,2073,2.6881107487080469779261069840263263728922198070392608428687826548348671597223448701956935083657194199040,0
intellij-idea-plugins,2008,12,0,0,0,0.,11205,0,1.000000000000,4
maven-android-plugin,2010,12,7775,3914,228,2.5,3456,1429,1.704982733212945623529425764347294678105132126461692467036615444035038722340604033486297188762017903640675118288652819968000,2
quilt,2005,12,910,518,100,1.5,2272,392,1.20851063829400979632428024808169002478894810629484707886041911201272482013842091519618580000000,2
swi-prolog,2002,12,163933,83940,2016,1.,638575,79993,1.143207264089155656064996895855573666963593333802904296666911048292646807676263200175275080734296390514445930691828490019207687938490178764800,10
tikiwiki,2005,12,214963,158205,1272,7.5,510314,56758,1.1251400047615665235966757957246787430169120963348952309352699776361628468360710092661971232777950632852204883120468519162093683641466880,3
jmol,2010,12,182752,90771,1893,4.,443558,91981,1.2616240539013083913050047500392285244925751164679782139656559922828209156675184222079155068561164437351896247779595051720784846211614880000,11
yum,2004,12,59828,42824,1212,1.,44756,17004,1.612712597247273338199555293590805710870995064293151608660855247918358217369215703244894368989696632672980909216231911663165952000,2
notepad-plus,2010,12,90574,62999,245,1.,231684,27575,1.1350993831789610927339774954426868795736181248001249848198484557374353766484376771966883579890516412116443202753162756769299275334877993136320000000,1
smslib,2008,12,27752,19299,231,2,15963,8453,2.125565912166345091673045255627678210404420903572529170014335509589274218033678079115234644191055436000,0
ncdu,2007,12,665,418,15,0,1712,247,1.1686006825792868901827000,0
xfree86,2001,12,538357,336540,1842,9.,2126137,201817,1.1048770474943830062075267274444757491923985370657365361441341881913832664261988729887515685373745081902727650659004539213981355882487808000,7
ipython,2006,12,11636,5994,386,2.,14348,5642,1.6480588099631662864451907385156384638793290753215859023618768035930872218150793084639077171526457814289161668123674893207749544524800,1
pcb,2006,12,63777,40384,588,2.,109004,23393,1.273247596657901582002806757465293863669786190446381443160885574676320212422494479682031729313729776742924243693403281660313600000,3
conky,2010,12,51350,50425,759,3.,34353,-115,0.9966635720146998859651340823226508007352010419626028127664033263921256489074174895338530807451514803096618157298800000,5
deki,2009,12,484954,257684,6868,10.,737403,227270,1.445511268644430903502246145788313677180634065610997076839218664783504471227192021825460260482645387000435041275158195127176766093241440000,3
groovy,2012,12,193541,133810,1732,6.,251021,36946,1.173247989486373247760547906279857821666659926998548035171772509047636782494424533021290719143157534240974464438831335707642474211948800000,9
bugzilla,1998,12,4477,3316,85,1.,4041,1161,1.40312499996219119769197003417345035304775000,0
textpattern,2008,12,18141,15578,543,2.,54843,2563,1.049024483543439013489519709858257249769546874257718544349005602621813284450909567386198155707957291919387093180582396369762866172553371772600320000,4
osccms,2008,12,785,236,65,1.,107434,549,1.00513636150977868488373419970007766154117804351233872270255019535804729626271609174933153208145505214266560000,3
davmail,2008,12,7258,3521,164,1.,7405,3737,2.01881134126045209925322995207235022133199763999649507946060067303186432000000,1
pharo,1995,12,0,0,0,0,11,0,1.00000000000,0
wayland,2005,12,0,0,0,0.,7,0,1.000000000000,4
sakai,2012,12,148192,93707,2446,19.5,1473443,54485,1.03847131509674148430640069243215098184144709703238961741738129007636456290277096534245820293102896867804217006830605955417327958059375563571200,6
joram,2002,12,48947,43311,433,2.,34506,5636,1.1952199514965521913575276566900052230010242452716645915825349334117054649474342508145570727032599479250890031619897435196748185600,2
gnome-commander,2001,12,450,134,12,1.,18083,316,1.01778578263024836894291500617352726250,0
firestats,2013,12,0,0,0,0,46400,0,1.000,7
iodine,2006,12,3976,2579,64,1.,2572,1397,2.188936170175388365759431599450537806914998400,0
gnuaccounting,2009,12,9202,10836,258,1.,22347,-1634,0.92233102001731898173823373708123992049941190479370783422136400644778523115365869942848481241949703953530641279342068069727764480,2
automake,1994,12,957,654,57,2.,1601,303,1.2334360555087529205476460473690680218355573264788139004258971928852446270536197306868887819015897945856000,2
blueman,2010,12,2744,1261,56,0.,17302,1076,1.06631741139640990542390930697867093543147046725000000000,2
lame,2009,12,3222,1780,83,1.,126842,1442,1.01149920255505428841507433878353630574278125426203186804618091561794885228002696050181750613403613835547945096522735319929828655590400,10
apache,1999,12,252839,58538,1803,8.5,273783,194301,3.4445912281268675414085096389867125762365369342711207900464565932952246846424610953482061150809499759736241297692003727836148135104260800,3
ac3filter,2010,12,0,0,0,0.,61406,0,1.000000000000,4
docbook,2007,12,396765,157538,1115,6.,1038455,239227,1.299322596332395021124912483842432142195612434624665033871252026142675370630864948361203411299976556135954542025963796935890975479817817600000,7
dpkg,2008,12,24667,16231,641,3.5,36962,5298,1.167319353203898989259840810565088978417836045431181081251068389006203397042850984396354814178928440042550930559976222729769343940607602292736000,12
fwbuilder,2006,12,27397,16449,439,1.,226784,10948,1.050723697616375957695959826959559372829435442489080434489187657593898796955289786968668146356276884902923535233795972617845725037062045569162240000,6
gcc,1988,12,0,0,0,0,5,0,1.0,0
gqview,2007,12,0,0,0,0.,67757,0,1.000000000000,7
mandriva-linux,2009,12,136500,115503,3538,17.,1172804,20997,1.0182733244466955212769939116872307572639638552656597611012117172288759187243502000873466935994927850020359204176342346343597766317925680438132473856,10
inkscape,2010,12,159890,125194,1346,13.,496544,19962,1.04188576152874219706333077987336071038697114432230822658357144254693884705311075820794390885632276888847065190590563232809672877950341120000000,4
libpcap,2004,12,12700,2693,121,2.,33204,10007,1.431391990363141407561610669656450753867161266956747140791247406834849305967968613546301381537151001872014088365904258225172567682375466700583680,5
vi,2011,12,0,0,0,0.,18135,0,1.000000000000,6
hedgewars,2013,12,22048,12630,462,8,167082,3080,1.01878025878166425844337545026536450,8
jforum,2011,12,0,0,0,0,102199,0,1.000,8
bacula,2012,12,14412,5462,386,3.,353988,6713,1.0193305017639097593733075698717862174255473034509949753033641826678422704059330850546507940400738375919720064707037081305970764343308739264000,10
libtool,2008,12,1387,1001,134,4.,16580,386,1.023880227664391782473635612309717228027463520543726091150945081603619446660373138287057329090125107638292258829621459322341481933506180886247277792000,11
evince,2005,12,55226,90450,972,10.,82519,-35224,0.549317399475707068075934936357264789790137384788257582840858789642183490468081395278989272554858366955004568284426066072614120000,6
hildon-app-mgr,2011,12,0,0,0,0.,49032,0,1.000000000000,4
processing,2009,12,65565,30210,460,3.,509221,35355,1.07460969979403802198365693394699739521949965148514047412159555112608651429391516333722653384746568319206869168310636451452037074396782543544567296000,8
beautifulsoup,2009,12,7627,5665,41,0.,4028,1952,2.01666666665553641178418875000000000000,2
nltk,2012,12,27904,27570,562,7.,214718,-407,0.998108076699762394809722848716667883019012356152443091356571106732976818605764965059757661941549604298830424200885081533326881536764830853830098329021440,11
kstars,2001,12,19272,41157,206,1,47057,-21885,0.5413968693218994496695835800479337914177223904247053948723302000000,0
vlc,2009,12,222944,168603,7395,33.,588537,54496,1.103878280036949782338604276267707631507352591197065727190165816348241242359872564311712793051176620115374117268837514822863824136766451340800,10
mrtg,2007,12,504,458,30,1.,42356,46,1.001087521868668292197708823631809428866373870893883983860765771289206226060287808000000,1
webpy,2011,12,1425,585,64,2.5,7365,797,1.121345919606645619684711786164261935550122553592165158443407878705525629251271940000000,5
ecls,2013,12,0,0,0,0,858367,0,1.000,12
comix,2013,12,0,0,0,0,5880,0,1.000,7
geexbox,2008,12,113822,10083,2092,4.,73815,53591,3.6498714403400226454737993983784870197444328439222376731929324256365700459599710724745657308177450036320261184194988013308889606682880,5
tremulous,2007,12,24532,36512,175,2.,190642,-11980,0.935447021284436916825961422650856511470764877494955929917983773907243708499521601621573039297800658536229099568689977618777156781056000,7
heidisql,2011,12,11948,9151,338,1.,32553,2797,1.093997849178278902195185978471723025498835245566994542026848152104952426715234803780116550376308772996549863558646317676898447515804392003993600,4
xcb,2005,12,14634,1885,201,2.5,24805,12749,2.05748175189261207775729792594781512636989600616668115605406991464410233282475821401001386913283515703073127540608475460000000,4
virtaal,2011,12,6341,1115,318,2.,22355,5226,1.305096619775684779897068206840087262588103091376199077267494768524885182332111899940474226037532736520994684456535960700592301145359273000000000,3
angularjs,2013,12,43896,1815,134,25,177144,42081,1.311565713820387236743517888360010344,3
strongswan,2006,12,564483,473393,718,2.,131618,91090,4.980336465125058392856518723796935766965842620448683088246626554792467768110036377777859660492827831412941473892694213600000,1
sane,2011,12,52409,69158,283,4.,499539,-4258,0.9915481830957725189338309026549413272767881970879955794762231486634867081749732261742721789317497420201207407640223309458339933986975907840,17
Snowball_Stemming_Algorithms,2013,12,99,13,16,0,22995,86,1.00375398315100,12
MacPorts,2005,12,226336,23536,1463,13.,544214,202800,1.594000246021258428910211082062690446507905073121531087719548934356668013401702679581819395770687797718100116136096129943187794424960000000,3
spamassassin,2010,12,3866,1225,209,2.,82235,2641,1.033180893037752496602824993102379047683729541450847522944814537821323777548694147213965714949390764454204809385615861605273600,6
gitolite,2013,12,407,148,18,2,8519,259,1.031355932199069839980240,1
growl,2011,12,6155712,4532023,3674,5.5,3153668,1624597,2.0624732269449416184399999546289988869063480622530884596547356476488227293441172290568698597031132934966214383327151330701211222272065928000,7
libxslt,2004,12,13977,6391,396,2.,239878,7586,1.0326571728687939756202287988242991695773992456220333618993290060457489801747157304830647825678519641567542171412729581799395774203919012607746048000,7
seashore,2007,12,4223,2667,179,1.,26590,1556,1.062155468559277625753338254616913245202139826876954688283245311793383705512359919596910950351907224504986227110469869616212136828000000,1
remind,2011,12,2551,3214,37,0.,26075,-663,0.974297344442910284997178157037234512000000000,15
boinc,2006,12,186519,65755,3127,8.,184265,96374,2.0965172770849418941556455098980552060506415325908087932998885447801279311905180500850561013177797007900955467066360776159302451200,1
adblock-plus,2009,12,14476,34200,470,1.,39381,-19867,0.6646806642801969530355133094282845632078732751900272602642961538437777774500857033574616456350075773699595460786000000,3
eet,2009,12,4565,1747,136,3.,12269,2818,1.298169505891952013484063468766316168708285554563863249095642871768258325163579880785405571062314216670919218642157486135088348397211648000,6
gnuplot,2010,12,5535,4411,290,2.,150180,1124,1.00754079003424868349107707561941681776128779419459856283526857926593555064661894668557394417047998920376112594199065768969250456338812182440064000000,12
gvsig-desktop,2009,12,483105,325579,1392,10.,1566228,157526,1.111823508454701630042082910740391707031610687634850685204955084575162629106878836531328795303650179283795430362083418530744841469758644913920000,5
file,1997,12,366,196,10,0.,2377,170,1.077027639332581796298750000000000,10
php-doc-translations,2007,12,781213,311312,3132,17.,2317730,469901,1.254298963827831011012452843509036219937767579375619163893015500406248634596009189945694841456332259329499644309544755861525855641600000,7
open-power-template,2010,12,32945,29508,398,2.,28817,1525,1.0558771801243017256599798814429330162427965712740400761747266016570302189421309547288026792698005390003284738322234584042536960000,1
quicklisp,2010,12,7716,264,37,1,7497,7452,166.5999999999534330823270656,0
SubtextProject,2010,12,375076,296398,277,1.5,365356,78678,1.274447289295583002564110211254206602405017748999111018398316556160186155739441146868897519817000208291234001883317167286480000,5
vegas,2012,12,114253,12447,597,1.,2229242,101806,1.04785384847951672025726834644254781147562514990515918173046214712178952864731083843205374866905246037034165445808854126933730800000,6
cgit,2011,12,2698,1214,204,2.,17232,864,1.0527859237582978996320789362628748719484678002214586890555800000000,4
scriptaculous,2008,12,14346,718,34,1.,27020,13627,2.017471813634248735157320488980181770261668778951477967910712957226180751872000000,3
wine,1999,12,327489,214057,2991,42.,361495,113432,1.45727093519038868596036476359397792911691136368446550914074382488599463480240932343561960464471385171295532154695863994797045573222400,6
xfree86,1995,12,92806,20127,285,1.,1069582,72679,1.07290478612182157407853766663292670429368488540880134090632129929920819323071291113773382580825330194574745639392385859099626516176911821945241600,1
smw,2010,12,29947,24584,1048,6.,31310,5363,1.206690561543871377306995295101011400387928065368424156805126080644944420673402007534847546609206132490845829282155321998467890201709404160,4
phpDocumentor,2012,12,1,1,2,0,70440,0,1.000000000,7
simplejson,2006,12,1358,1077,25,1.,3723,281,1.08173356601936884108673087967757513376924493554548988160000000000,0
args4j,2006,12,19925,11685,91,0.5,23000,8240,1.55826558269618385059976594149796320322312927961180584620667289600000000,3
haxe,2013,12,24602,19314,694,5,105590,5288,1.0527207832371739305643667860446000,8
axis2,2009,12,42436,22085,513,10.,409378,20351,1.0523125644238122616953389478042205286303610556440642134500158823765115385803730609431654889327145408870788329198364653601477622036726188547768320,5
django-diario,2011,12,288,483,17,0.,1144,-234,0.7954545454414035450564695263305177879329578282258855137600000000,4
moc,2010,12,484,184,33,1.,30890,300,1.0098071265124296375271080797353323520316640269550010115972462645322036548406264946731595146509231251440000000,6
ace,2007,12,30343,23696,1251,11.,487842,6647,1.013814617682010533979729755641600724687695603090302906362510935157349879694962573343252546250551434414369375335920562352476752088837895201068979200000000,11
oh-my-zsh,2009,12,65,20,21,2.5,83,38,1.844444444460878523667133182936000,0
lams,2013,12,13100,11374,187,2,1351236,1726,1.0012790926890351340948843022783682413090,9
mylyn,2009,12,82142,46695,2080,5.5,226010,35447,1.18601197504874157350608874147115501318807252930792427704146789294775128897979344609142105476697151394673563540319344325412030851555840000,4
mevenide2,2008,12,28013,76607,620,1.,74842,-48594,0.2165038212703342686169609801018381878037428473560010355264293032025289354416296668418867200000,4
wxmaxima,2005,12,6992,5533,235,1,13782,1459,1.118396494349883392790977915010610422212838013118267725893597045285829644528225362881587742139836414127674421862194799052800000,0
Fink,2002,12,47905,8241,861,6.,76428,39664,2.07888151451361131905640546209085601558318151932593674986027200348891693678556726566456021413803925850182048804643383093936599588864000,1
network-manager,2006,12,42906,30889,685,5.5,67620,12017,1.2161214323049617966642880477986450669269209316771057778361425882094242547608664171691699957452492128339143863795630451780263725058628800,2
adempiere,2008,12,4924841,2895713,4605,9.,4661078,2029128,1.7709599346273570959809968892154974668334997465149720669393318013609013054621577884922021573724329609719700982969686860374699809883634585600000,2
yum,2008,12,78188,30536,3320,3.5,84702,22674,1.36554459270689611618970532594073071832136294119624994891783587484556167173978986221332349289473559593783084299409281012787835130675200,6
lirc,2007,12,10979,6998,164,1.,51992,3981,1.0829184978393742523152479660756522289807579988802932361037330176105018139607737834673034484284290959015414191960760861851017765260115862892320,8
chandler,2004,12,138945,87928,2293,11.,82090,51017,2.6418434007996260981460230307581564309056976819825844553944191848976829372695686321145303393962731974607268067112221829356257344000,2
oro,2009,12,7,2,1,0.,33761,5,1.000148121815400000000000,9
xulrunner,2013,12,0,0,0,0,2399,0,1.000,9
flex,2005,12,6,6,4,0.,49624,0,1.000000000000,18
smw,2012,12,35286,25130,1603,7.,47907,8466,1.214649729961431638045108317852391936559041798187973173536691648228039863454925611281935184928450925444444003610306730417798490090045440000,6
shiro,2006,12,24980,20072,196,1.,16052,4908,1.4404163675863082534367948700449518156014722191413779433616311928276347985100000000,1
VMPK,2008,12,2214,479,62,1.,6894,1735,1.336697069699567783824067517635052064816440192,0
duplicity,2004,12,0,0,0,0.,9459,0,1.000000000000,2
kdiff3,2007,12,1996,323,10,0.,95958,1673,1.0177440738200000000000,5
e2fsprogs,2003,12,30078,17309,236,1.,79642,12769,1.190944028187799065496934009853579606427283491994882311901633970205736484266929598525669790256750948485741298670801671040661870000000,6
ironpython,2009,12,541218,253988,548,1.,518051,287230,2.2443841765160305700870445912978285949623263007465930974068963913498688070197035959539870415577547983543412956691846627074291190172514400,3
vegas,2008,12,2846227,2383778,1100,2.,870347,462449,2.13373686557441937459536583931461312573643076748454258489391458516825883388078556337728171839940505796209553279384815632596158054400000,2
jhbuild,2003,12,7002,1554,251,8.,6853,5448,4.9250720467418907067889119854361327029446968237262097695786863758957854046733512896014493246280064492532454906874519011325150316736000,2
bison,1997,12,301,146,17,0.,8629,155,1.01829124380584841793565328432835752871273692052800000000,6
qt,2013,12,24361,21186,145,28,3148511,3175,1.0010094311069238063342063193566318590880,5
dbus,2009,12,12223,4944,368,4.5,93957,4717,1.0528574630219546164189572501108823268475064045214171732665907770790819321318180135090474436036081809255043823628248415312686447084512000,7
karaf,2007,12,15378,9487,118,2,9188,5891,2.786775857,0
newsbeuter,2008,12,15696,12234,297,1.,19537,3442,1.3394477318413329088264220906361121515018636435625863418684992399684731236203353501689160929693596387061914066094953939971250000,2
propel,2008,12,178289,157100,1809,2.5,260090,21189,1.08869364297574697002943354190622171208836891517226443622907831670863065275993072889197818963551067453813835413261425890107098646344955299236505600,3
eog,2003,12,24056,14617,228,3.5,26058,9439,1.567964378097861443911704256394616309608766611692157011435211852099173444839061934900915373431768537334908425498505407358553931452288000,4
DCLab,2009,12,386086,74999,2446,12.5,382211,311087,5.373868173990770331757476509345842626364985329372714789298569379756454941112260599540397267791474650534000,3
log4perl,2009,12,58,26,13,0.,11473,32,1.002796958307990719694228323596026041472000000000,7
audacity,2007,12,49306,22186,720,6.,126774,27120,1.2721416099807086028827278875795649503342680772357654016453372890930815520629266984861522185136040219058172041409499063537071136452300800,6
coverage,2011,12,15330,9379,180,1.,22395,5529,1.327819281351136846871170233870827020416736787801739290894457370339878455212038222562639122004534954374291975998669472000,2
latex,2012,12,64923,54304,804,3.5,50305,10619,1.267575467414603666426407836698369331544703774929447648573873490622560534363507807062179137301213887686931350923667200000000,15
rdesktop,2000,12,7252,4324,24,1,5302,2928,2.2333614153237283061032344549004165815532629000,0
groovy,2005,12,98562,88412,1135,8.,85038,10150,1.1794142083213195283699764445207614836120757081119426798575620788503399489575559569302209339022837222183033254515846389255859296000000,2
jruby,2002,12,108292,92575,1199,2.,44362,15717,1.54868214347376687282214932612731562101630909645451751002511502737114912710613880469611820288108751940483850402711174157329682954800000,1
bacula,2010,12,207751,224851,1431,5.,346565,-3298,0.99033068585379225414615066221148428518294537264470564514869888388442149226036759178654313773561899627606740542746854598265364677633520435200,8
jetty,2010,12,78791,48701,1282,6.,392953,30090,1.08292385831196947621119667850534372762124014839156044584597571932657118307855863204907524551947157957974946523454364799011743635955975755680000,12
sysresccd,2007,12,526,692,7,0.,43645,-166,0.99621099723858474325266362899914953083590406069018800000000,4
jfreechart,2005,12,4130,2927,156,2.,26457,1203,1.0478520286374916134442768733586914955371155773530664966679221803314546267108308623542543225354910699723615105688129770327870256199379577942485760,1
freepascal,2005,12,28507,16556,470,7,166212,11951,1.07747259514881161400738784493734086252906412519473995043307995654671951448534785640,0
dblinq,2013,12,0,0,0,0,151762,0,1.000,6
gdal,2009,12,98270,66883,1579,7.,710599,31387,1.046522830831632939104689242996845919115133289355699621832871119883964204305434313633849578272623296326398640993566560502097378516869562368000000,2
bukkit,2011,12,32447,14635,794,8.5,17872,16553,13.5496588325438023798701081299679387250969057521263559151851596826911654835340822357522534571388313333877295838621346592000000,0
jenkins,2009,12,1536328,971074,15443,42.,1661008,560357,1.5091141515229373078911756762648281142948705656109840184406210693648427786802622799660810507632394961687367836596358224288399491164160,5
ehcache,2007,12,52571,51316,371,1.,39985,1255,1.03240382132038823811376064825473910652158164297271825850891910332148380515598495364182640089533466873979315859513265976931450880,1
joomla,2013,12,40756,34223,417,18,1268896,11641,1.009259060413251178056148367369401140,8
heimdal,2012,12,10465,23394,199,4.,384973,-13266,0.9655216328019164436761081282158820571681817501308638937987130876516951919377195811881462937336273101424109570595801448979593670448762912600072836230725632,20
TimesheetNextGen,2009,12,7119,5016,52,1.,13734,2103,1.1808099045629357805379880994900970618618250255939221681940405964874848000000,1
dbix-class,2010,12,94928,49284,1074,9.,41047,9209,1.2892455556282518634719942129921748888492766076425855909380722748731979022600843036697111737595595938183966780397501501381237785382800,5
puppet,2007,12,324352,225564,2320,4.5,154646,51468,1.498827269440336704533136007501311202791049065260091975618447505237600707487423148244590230440662862364635988164646424227410567360000,2
metasploit,2012,12,653683,280949,4686,28.5,828542,63895,1.08356143423411567136022792593508939359219347684811344729195497676417377189641602026479049871404316840811743617306274873906214400,6
debian-installer,2011,12,2529,129918,182,5.5,126893,-127389,0.49898529864271968461663425284979102539223124761576347636612294918022423026631029430929695911238636567506229909507607691091136000,11
log4j,2004,12,63561,52127,1866,7.,124612,11468,1.10567442547816966921854821844609711741303549211880877178580222894560229657751767284786304070871826988317785857435217364413748766336000000,3
keepassx,2009,12,72692,29097,124,1.,96116,43595,1.840401742793536412445301990184046103459818210462380670872194437200106781931572060450840980634644848640000,4
emforge,2006,12,681,198,11,0.5,69287,483,1.0070199407010,0
pear,2001,12,141157,43998,2885,13.5,100316,97159,31.77573646344522482205771217986243166070304012959254825843191699317144688977670974523511318357158128259010735931353618317312000,2
wix,2010,12,1413864,123745,241,1.,473371,0,1.000000000000,6
qgit,2009,12,3174,161,49,0.,26105,3013,1.13047808765013565878548470547821296415721987456800000000,4
OpenFlashChart,2008,12,90377,55960,437,3.,46026,34417,3.96468257379904017256426748593508345186803786686942201191972240388374670369626626244631680695394609851636647872959552000,1
gnome-planner,2008,12,2612,2011,42,1.,90603,601,1.0066856519904649506128112680380369158652875863499864398901529401354991274658717788347746723452400844800000,4
plexus,2004,12,462720,127822,2223,5.5,400404,334898,6.1124782458810816936827361648817899345989076258595098973674552539922193063804286379089569448017185887204037957916799990784000000,1
ogreal,2009,12,305,145,15,0.,10001,160,1.016258510313997203864143754132058307670675879648000000000,2
netbeans,2004,12,458054,140482,7660,48.,846745,317494,1.599893056420764285668688021254939863393073754696951833791121447369359755056978171901240726999812188485890939937854530875516007219200,5
emacs,1990,12,21161,481,98,4.,39397,20680,2.1048779186038959681191294597456428502159323450257306425111848522367823970662228097989795518677585776538320682152936890553840000000,5
smart,2007,12,5514,2560,96,2.,40402,2954,1.07888482389022604363425938290427138661320095490913924623807254499978327846381708496033373740094283284072294598182274579523767984457958679200791068672,5
werkzeug,2009,12,11011,12823,309,1.5,16967,-2141,0.872247747514657894223308906851549906946737046324173831598806772248420660599528722619185999566183657984000,2
pgrouting,2009,12,94,41,9,0.5,6689,53,1.0079903512737505445671145530046055376213824753046751453106058062380914560000000000,2
libpng,2004,12,360861,243790,636,0.,345438,117071,1.5126441211427433038540190085722046568719936411613921280000000,9
pandoc,2009,12,13099,12347,211,1.,18512,752,1.0423423423427178846363936658947307023708174192084590840386116728242983811653443150761224687271900329388857025227582000000000,3
abcl,2005,12,53535,28550,2335,1.,102404,24985,1.32272439582694292770305414209900190879218253165447604957679380852610486665148562675952342313471577083320170066673215930195711538931712,3
audacity,2013,12,1593,1177,77,5,161857,416,1.00257679276013040150686816336494740660,12
log4perl,2006,12,658,136,69,1.,10326,522,1.053243574053566485186875038898100256142738962513336956431809115001622601513880996800000,4
console,2013,12,0,0,0,0,26872,0,1.000,8
gtk-gnutella,2011,12,117070,41636,2072,2.,364593,46655,1.1467424466363434438471584238881561806303971549663204393445020304969973882903171852550268733246034927858119284515919708000,11
gnote,2011,12,4206,3140,227,2.,27108,1066,1.04093387604353081355333650422652272636368909022874871407744234195625247240846962723635567170988622961873827819141651921748293083164819498991616000,2
madwifi,2013,12,1,1,1,0,114383,0,1.000,10
egroupware,2012,12,63412,40047,3826,4.,754268,23365,1.0319673061910283140971491793771921004093652776590099098449228391216445995928295936568745275370161122087830819166318586142688971049013650880000,12
connman,2009,12,31560,13983,1433,4.5,28910,17577,2.550957380947323451395137834334230371722470023400422335263217305328893599385248042028737743360282603509353646480070073920578496000,1
xfce-terminal,2004,12,13448,9346,203,1,52586,4102,1.08460523058684789910169345238718650,0
docutils,2008,12,4432,944,82,2.,40250,3488,1.09488058320705733475187566925455697647274627919542631804896412634993821240055406856237564712443770004470235751123120134565135158296823296000,6
cpan-mini,2010,12,325,154,12,0.,686,171,1.33203883497338069591100000000000,5
groovy_eclipse,2013,12,0,0,0,0,73314,0,1.000,9
geotools,2008,12,3205560,1900967,2194,12.5,1533022,1304593,6.7644243939053900646749814749537109761593768128546001591079246303770215032197430267647880639157968358180284137113948827970031087779840000,6
tellico,2005,12,26049,13878,43,1.,125759,12171,1.1071504032076131824731922519373400006746598098831252175342288044721963008000000,4
abiword,2007,12,91875,85383,972,6.5,571541,6492,1.0115699239006197522463077079278791264789562988992131416876162390421386519384664704145634190148152551647695159766272321600932332421081253656576000,9
jaxen,2012,12,577,74,25,0.,32879,503,1.0155361996576601540338107392347479240000000000,11
ireport,2008,12,154216,70607,355,2.,342102,83609,1.32344783031241722338892239734816095340381866639926537665268241006305003554289003617396041618204699683767763168403950566012215674985796032000,5
jsmpp,2009,12,487,95,21,0.,14509,392,1.02776793936000028613367846315235050000000000,2
kstars,2004,12,55788,32962,394,6.,80568,22826,1.3953101728832730982684500173070782639977008428665694232964247444591623444713660807686773062246090673988608395844096009938804045524484466560,3
ogreal,2007,12,5633,42089,80,1,20363,-36456,0.1821424565039360254904111688686678022934872539562461172843480647934085505400000000,0
fillets,2007,12,13439,7008,132,1.5,106526,6431,1.06424896348136436968939378453866850139547749856891315673281563261830547348281174294959370217308270656906057153536000,3
gnustep,2009,12,142385,110526,1880,8.5,2086876,31859,1.01550303476707043848121535130810519532554770623929019677907000645369191950159420911798592350447524479853192549697787182911627640704893670567378550784000,5
viewvc,2012,12,467,225,56,1.,21531,242,1.01136737282075075607794445245941124319638957997291607520296358051511051150000000,12
commons-dbcp,2008,12,291,126,28,0.5,15346,165,1.0108709974958964976602294787227619046595011197996800000000,1
worldforge,2004,12,257479,162459,3955,10.5,1357604,95020,1.07537429341502554842811168487931105335216158652910607203795398443598929809189244110562725003408820958293073485184759453695775326540644096768000,6
openezx,2008,12,3135496,1943900,49053,593.5,7119383,1191596,1.201018693826917927363538935804072756383627604068236727973019195455393825900327001149226943656586684705184597519527905097732628364448000,6
Gears,2009,12,352537,178820,412,1.,1500600,173717,1.13092111360347534207197080929431330017583789292995775876897626271604573729841415980842143231704414632079923373098204525484064823342694400,2
gftp,2006,12,2426,1859,103,1.,26654,567,1.0217349637745317429894234425749519552719309623793791684879394833683689191671729908410354568675650000000,4
etoile,2011,12,169279,123956,1093,3.5,517656,45323,1.095955607611347382909115048548746075466714279162686037061330600372747109261846768475715053235562461179637550244692709805320078112012451840,7
sdl_image,2004,12,1271,1060,13,1.,17242,211,1.01262792507223422432675023007510687141511782531003780982101950906917060000000000,4
octave,2001,12,63847,41836,266,1.,249708,22011,1.096667940253739269940712072002972784550906162043167014683236362393001547134019835187558663898754736648026639139447817514735720000000,8
apache,2007,12,74195,46614,1864,13.5,1175174,27581,1.024033782010521146530384138215845834872979013283102364474120802132020109863376813670365308157533264791748667860530835152107247807090392192992956800,11
mysql,2008,12,1312476,488203,8358,43.5,1041725,27002,1.0266102177615999703659567865191940364624309637201600715467791036512088623919560106528229747484592375955469207295343340448360366219982163997451793651200,8
tika,2007,12,13278,7100,146,2,6335,6178,40.3503184648539318952845391598055517752572513644589201091446322372618240000,0
rsync,2012,12,147,17,13,0.,47403,130,1.00274998413497227178770120811519463773166537798746169214942740480000000,16
linux-pam,2000,12,10734,6218,94,1.5,42716,4516,1.1182198953123055770670440555396958178568176227176188336491800,0
libgcrypt,2008,12,37370,15364,242,2.,163366,22006,1.1556734578270940948333870976497702383461204045553529090460319864106249810701460315627798798989891371121787221649199240000000,11
hibernate,2007,12,748947,452268,238,1.5,849826,296679,1.5363474809174819458450811275235318542805647863318143892443742525130039800900762070800000000,4
openchange,2007,12,24853,8424,248,2.,35405,16429,1.8657778245948927898735896555817891550696113732505479604508622079719208953929617067913307642502823831037497680000000,1
wget,2008,12,36428,8411,360,3.,49337,5339,1.121346424832484826758038197779534472381709961967802163629033421743582166509578269072338840160688453655808000000,8
fetchmail,2007,12,325,147,47,1.,46632,178,1.0038317475355637672625686111922528784091232984077942168827266958378664909559699632130511741994224869516000000,11
mcrypt,2002,12,7124,4858,181,1.,25198,2266,1.098813884522455710577723397864062493456785801560910909791256875599048735426910623244590489080000000,2
mypaint,2007,12,2802,1230,120,1.,5574,1572,1.39280359823876490426135006352205611585453363769309769461592721855171365250680760315374111457395091472640000,3
haddock,2008,12,10191,3270,235,2.,13924,6921,2.026397745606597976452333823917132866032826353866072713702949877423974967733270621385675297614383806141730447822654687942656000,6
rockbox,2007,12,262854,190913,3918,27.5,514185,71941,1.16267264225113350596757723055554433870958791467791423593308171632815681992407738266031569474559883445543856623115278587190432380223488,5
x264,2012,12,5784,3375,137,4.,78816,2409,1.0315285248766878291087044478898687795190643806504544011899238481000857378244408164639455485737859825549353284598680096977613915405239086487306240000,8
freeimage,2013,12,1198,613,12,1,408391,585,1.00143450562246393174459075283884052211776,9
sqlalchemy,2005,12,15105,8607,593,1,9116,6498,3.48204736457642817853265451709848366287674837217280,0
xmonad,2008,12,614,503,99,2.,1974,111,1.0624648283653653107079486772683393570089409101429336209546731268846588905982551651277209600000,1
xvidcap,2004,12,7874,8113,56,0.5,160921,-239,0.99851120953313338895381143681519704215876632198482338849851821571065336000000000,1
dapper-dot-net,2013,12,0,0,0,0,82166,0,1.000,2
sbcl,2005,12,63121,32691,783,7.5,249983,30430,1.13859979138946904987440241523577588646776852442800934507641770563205300696422333785627684975467441134654860195652238034485243638049289980243200,5
pywikipediabot,2007,12,46368,25087,2382,9.5,69951,21281,1.437250873238041251218726095959501824415528440882271570488955734481283169952815592515449450320601163841516456081954613434923385154368,4
glob2,2005,12,15847,10831,303,2.,65095,5016,1.08349007140452100953932534017419996722664895651518754311356922382285602228601859124109575922087643942365144780554275984093846400000,4
konversation,2012,12,4139,2322,215,3.5,61628,1727,1.028830904324969745727085519237963895316866858040539862174094549789745524938054215520829529561071959796808758177455160837376000,10
spidermonkey,2002,12,54200,25842,800,12.,368035,28358,1.083485193281585413035155770125989732618589054198785021927519210578759500825995632554943940667983719342907122918699955549686479792922398720000,4
quickeasyphp,2010,12,25506,15680,108,1.,18942,9826,2.3530707797383483457222294394862303002374594661017428703913977316741016814007121957406700000000,0
vegastrike,2005,12,880913,38509,701,4.5,1443767,842404,2.4048003789014193281592303367905779762326264432625321820365266797016174337991101810185154842605400168003239993990213464841313504565704722720000,4
stackless,2000,12,298621,189757,3895,12.,513037,108864,1.299238051180682800041962145926164192422669388531111875489399156460666513709286934938655774292954954917266498840304122290156133335040,10
ruby-on-rails-tmbundle,2007,12,47,45,11,1.5,7341,2,1.0002725166917086624101585209059427878080,0
fcitx,2010,12,39585,23343,267,1.,33677,16229,1.93013525905826909276566576328411152462179662444468388719630289940794489877438670910249079709634712560000,6
launchy,2005,12,3887,276,26,1,5096,3611,3.43164983136917829972788106343430644752239050963480550886662400000000,0
bitten,2006,12,432,156,22,0.5,8500,276,1.033560311285816338529897508635568182734605384876733851226585340607975624000000,1
pentaho,2007,12,275007,210442,2305,11.,164898,64565,1.643507121283739981500581104166805275251037066807300299093033115291512585053604038631911102562901868320821760889630462529849797017600,1
premake,2013,12,3267,1664,63,2,96502,1509,1.015885381028112723852170348664483552,10
struts2,2010,12,53750,9840,162,1.,300175,43910,1.171346067513046663923027588571437942781474685617745337838285945993137305751880830296886196976836138434910564465274628301346516379048750000,4
automake,2006,12,4841,2613,245,1.5,43985,2228,1.05335632348621978102649420354380072141798444172458347206267861983384705362634846371092440298076495755775602645110750599643829790338928000,14
quicksilver,2012,12,0,0,0,0.,48104,0,1.000000000000,5
dcmtk,2012,12,157501,11363,355,3.,465989,146138,1.456896848183600061491030259078259466931227774976113673055225746830645363781760999394688186454755533291179238013991825311960145664315084757090349056000,17
jgroups,2007,12,89610,92460,2770,4.,95489,-1425,0.985296242021636555292334056407177767268430560748752114772117638240723835584566719879418292656111206025092508394880590423265190449897786624,4
blender,2008,12,1660491,1577987,3341,21.,701775,82504,1.1332276176201158892963339357410676771344287299016885554555278139340716565201309585085505057358772120296560832149277384117674450000000000,6
openvpn,2002,12,22680,4171,127,1,26429,18509,3.336994949438146579385372157075447976707023531861252116380514216970563092728979887948523919527683625000,0
pywikipediabot,2005,12,47711,34265,1968,6.,31208,13446,1.757009345856680660094966540708893943042547592952528221968433610249341074854353089927931492251745233498483801897367852500371326592000,2
spamassassin,2006,12,20640,11409,800,4.,63160,9231,1.171169500636235367176382409388808183133438931331786772735014683693380824478715195436423509690691914523061243458172413824432008024912035840,2
cakephp-debugkit,2013,12,11,9,18,2,4461,1,1.000224215246600,4
fetchmail,2006,12,2597,1914,216,1.,46454,683,1.014922112252731174799273803975121293615448195797412019135388174948266966207457514477174852256065146180132053907337009482226833679158852468396006391808,10
flightgear,2004,12,43894,36404,888,3.5,145586,7490,1.0544885785012621861492027167501020521243028468274270077462823013038688986791194793488744325243961027598020541837320362512944973994496000000,7
closure-library,2012,12,63625,40812,1360,36.5,291046,22813,1.08504919230147135479257822852570303880384474727354933355128085939537195941134003648283655434715729814929934248388609750292030458432924036544000,3
chiliproject,2006,12,43049,27848,207,1.,23623,15201,2.80491569696877155104403348990338860262406902598501033880,0
swfdec,2003,12,4037,8197,109,1.,20297,-4160,0.7828016498401629692985414637380725378716346436603900838577895607552269302007327361568000000,1
neo4j-graphdb,2007,12,44730,46844,270,2,4073,865,1.26963840395683606604295949182240,0
python-ldap,2011,12,2024,782,101,1.,8592,1242,1.16897959182046647922031060740995374664278076076387103637620296476177146456885028520786290784852694784000000,11
snort,2009,12,60046,37768,132,1.,204550,22278,1.1222239290792500020075081515232868895608963818735644579383151744959128056622697396924397719721371537906883840000,9
ghostscript,2013,12,139966,118119,147,9,4204048,20948,1.00500776935727833687245904922292802800,15
devhelp,2003,12,5500,3331,86,2.,13279,2169,1.1952295228949919660886547014740316891314971512023210035023041294922138524934590816960000000,2
cygwin,2008,12,31413,23301,629,4.,1545146,8112,1.0052778791669427223720880992878331784693408659089613969790166748894584732224366277560130136347615157324064248029068788179461829913598502293847049059188736000,8
pentaho,2006,12,88275,63094,1093,8.,100333,25181,1.335067596339799074621976727741195825901816139905458863453287279456,0
jabberlang,2010,12,0,0,0,0.,1167,0,1.000000000000,4
vpnc,2012,12,675,491,39,0.,8986,184,1.0209067151418434941206344279173248875000000000,8
openmeetings,2011,12,2762053,1678669,1593,2.,2493808,1083384,1.7681264641376853353058229908019480331970720198118841055847835642981908786075914517246351451108510215182250281387176301645422947772507520000,4
xfce,2007,12,65348,47326,736,6.,264531,18022,1.0731088925776438340009162678013724675214408242339356852744131888634740798907808012288659671754975028836533936242735573912099128912445722534000,5
gnome-terminator,2007,12,1216,888,85,1.,486,275,2.3033175354410820787977488357282862877596697376932407155485779085404362018391006888960000,1
acceleo,2008,12,1057145,639484,1484,5.,682802,417661,2.57524109798808225043730667048480324824747744479481877683213084848758718527205387470745447354170460091638254904858806401552128312800,2
liquibase,2013,12,20778,12333,212,6,73767,6527,1.0970701963051121491530600533228730,6
Macfusion,2008,12,0,0,0,0.,8499,0,1.000000000000,1
haiku,2009,12,2346464,1877939,6481,19.,7265740,468525,1.068928965758353588551288854060448228657683358034423789992355091274172929000916822609453446706162344070973410925685976006159518605076695174400000,7
joram,2013,12,6627,4229,66,3,188984,2398,1.012851982463730793246326527228334624,13
glibc,1999,12,141252,77651,1779,3.,493689,61418,1.142082166037684385299927183512542446820205802294995791287197228869803733577199134515295867573387856533014876436801443375699349293200572416,10
filesync4eclipse,2012,12,0,0,0,0.,9252,0,1.000000000000,3
Bombus,2010,12,0,0,0,0.,19073,0,1.000000000000,5
djbdns,2003,12,1038,1031,21,1,966,7,1.0072992700750334518361625000000,0
openbios,2013,12,165,131,28,3,205196,34,1.000165722697134957399930333086791268151552,7
eventlet,2009,12,19004,22827,557,2.,15255,-4072,0.70518389805708253448412985775052378033836403511096815927362339104318358843162396840765286506962928771322375288718891603874217480000000,1
ack,2006,12,1797,732,145,1.,1702,1065,2.67189952897921983492820271583840,0
tortoisesvn,2005,12,305168,274523,2371,3.,221831,30645,1.16028893327598729296402935510166557688908043769629481969837800655937977678631716269973279878148244133159034222183728543321490129184358400,2
sugar,2011,12,24536,22702,355,4.5,76676,1709,1.02286654714372774977047287214576775977953012656552007308470490057264216208635709266252550987395257202893813021742541253012998898946241691317248000,5
panda3d,2012,12,35457,24707,436,3.,751740,10750,1.0145076181867648982797856757287362496314017406174681716067059529598175267864653983741987713964498211405017388083112250187763182698354714811479041844000000,12
petals,2006,12,236451,147918,1464,5.,91826,88533,27.8852110506877047522874274541131468135443588962370016279823449747560139494741444063004361344512000295041465415495677489152000,1
pisg,2008,12,13,22,4,0.,12067,-9,0.999254164249600000000000,7
strawberry-perl,2011,12,6501,5379,290,2.,18358,982,1.057049904138194814908302467582971444700923151562093617917736255536535435498194112000000,4
mantis,2013,12,715,260,83,4,193174,455,1.00236095039956759437469870687037091408,12
ubercart,2009,12,16284,10464,145,1.,91409,5820,1.06799939244568484105962845904814877859359667500242840171688644470291346749914113190325640233251343688232245149421591921587787539200,2
bogofilter,2009,12,1551,1020,82,0.5,48933,531,1.010970621047976499794774887307608983271015299493709190208004000000000,7
eventmachine,2009,12,9858,5606,399,5.,14739,3256,1.2835495950555322272280571227459244346874563638281452938438937107004228912767408262422252366500434883090869920348911242743549154151385760000,1
zodb,1998,12,1889,1922,21,1.,6402,-33,0.9948227172889324282112933740244820430465742573161074638697417616046085522128121600000000,1
lvm,2007,12,23909,18652,421,4.,69585,5257,1.08172180077959496754999585204857610920211523726274186219235629233210175417205020394174225793842898844989541101920234348587351239110311321600000,6
Apache-OFBiz,2009,12,720680,252435,5174,13.,1155643,468245,1.6811846994479082122270230295552168627875831651162628387794919006837041081322470432344008137602994357113276153500436804460440097604367360,3
greasemonkey,2005,12,18001,7782,215,1.5,11434,10219,9.41069958859255618215540826651069060115190420950459740257275400936810907803300014525165944872561721408050000000,1
Gentoo-Sunrise,2012,12,13428,12576,788,11.5,31131,852,1.0300137386886343387058517447114959310446974362311328466987115651251520239657528783565939164506382691185537155017504353972487888585280000,6
x264,2008,12,24839,28347,443,5.5,47494,-3508,0.925545462261118419364929774788144007191105839919885742551634190680019705091019975732481210824088167913455553575708684611131699200,4
mule,2011,12,205114,107502,1932,10.,1316392,97612,1.08008992599486287736848777319399982981205435743240558416864233302421099949186956679610476258890851017291914831437504768735485823772213353067520,6
cruisecontrol,2010,12,81603,22370,574,2.5,372026,59233,1.1893680485168322350649646129008784210332475790577888706729881774672262398727968554746579288305911880257199352210292843546207623680000,7
roller,2005,12,30736,15327,426,0.5,69399,15409,1.285404704565871880478863787253480081389267623926115196556310274816000000,3
linux-ntfs,2002,12,10216,9001,120,2.,34124,1215,1.03691999148825731968238463754387167510,0
open-power-template,2012,12,0,0,0,0.,32825,0,1.000000000000,3
pil,2011,12,8580,4620,135,0.,38274,952,1.025507743423943778573440000000000,2
sqlite,2006,12,29734,12012,723,2.5,114727,17722,1.1826916138236776474210395301288123134698956900029563507288345656892442561965323428911992122951896603419843197832027032877571311741321500800000,6
ndoc,2007,12,0,0,0,0.,81330,0,1.000000000000,6
spidermonkey,2004,12,64062,48118,716,6.,383899,15944,1.04333138563404564508921349563880943993368159815845464087892318635348897067085970462467071109374668463657864297143472267103811174321305712054108160,6
ndoc,2008,12,450,643,6,0.,81330,-193,0.99762695192400000000000,7
blackbox,2006,12,438,211,28,0.,31516,227,1.0072549458281322205644952596033857118888006117012068400000000,5
piwigo,2009,12,389210,78720,2480,12.5,398115,310490,4.5433951498925094842907455908942234450773201920019789797405161188119596186859352572259343822439662577740802291195812758892707840000,6
weberp,2013,12,0,0,0,0,380206,0,1.000,9
fop,2001,12,141595,69228,696,5.,160990,72367,1.816571319000851190790127721344087184838718574067333362838598432673133101915309750958007620091512723321273874002029995780607600000000,2
ettercap,2008,12,0,0,0,0.,92730,0,1.000000000000,7
zenoss,2009,12,164188,133500,1349,11.,3309673,30688,1.009358993712377692804188630330064976191163775832628334105939106574097620946858338683760297579863501307348232327726101741515147585192324041431826432000,5
gimp,2011,12,57984,45338,1649,10.5,749296,11406,1.015457588529861100760504828891824485681442669950121718330354976056190059702141628448666528406136464577692046991692687863727141785326337970425895960000000,14
konqueror,1998,12,1906,996,38,2.,3704,910,1.34693099508181534771451665089306125860821037100241413550897128586519585419164537855346542361913802752000000,1
htmlpurifier,2010,12,1227,320,116,1.,34242,907,1.02720863956922277281361781078019169043799717307698246886976003514162766328859807524536207732551089291928237585474599925796864000,4
mediacoder,2007,12,38565,38520,82,1.,65530,45,1.000745477429611183556372103659582141993944254358309894827137975074963350398760000000,1
cpants,2007,12,4234,2940,170,2.,8284,1294,1.185121602290262776001844208420360700119659829335338676622466132373509805086312453318024000,0
jmeter,2001,12,5748,1378,116,2.,4679,4370,15.14239482384046388828657268404579921424193470546947036748710118045280587267850768550725225297920000,3
snort,2004,12,22028,15680,154,2.,85206,6348,1.0828180039163602465346279937182518231711080346704428160247116047224577413667769117464854461602586624000000,4
terminal,2006,12,0,0,0,0.,6034,0,1.000000000000,4
wix,2007,12,99677,35845,75,1.,435913,63832,1.1800011279294947908507723159235723558135660568016166797670972521090598676426240000000,3
scilab,2004,12,504945,191372,3068,8.,1302707,313573,1.3170177144927161019605880475763991717589692050961456148071841435735489719649337355444493692576729513106925074499404490357628703126272000,3
phpmd,2013,12,1093,193,20,0,11274,300,1.0273373428100,4
libgcrypt,1999,12,16618,8356,328,2.,48350,8262,1.20609658750829174746945906653197423232101065307195756817959215640980422489281118087845226926091965164605230934771172810788524828023696650,2
appfuse,2005,12,41124,37327,412,1.,35276,3797,1.12062009593755419943455515521893493816933426289955666471783690330872863454980996011710261472982286048121771071077997919647960315331462240000000,1
spring,2006,12,146150,48837,1345,5.,150941,97313,2.814593123066782617188689818474950079034659391966229026177625640938788542788148714273054169394660536938724497480031141530504069120000,2
nano,2004,12,9228,7806,526,1.,14335,1422,1.1101215828932458506056201046403283528255773409932337771894774359899320113584828227450921140790465754972493014788739141571995911839134816000,4
mcrypt,2008,12,24,23,4,0.,149806,1,1.00000667534461500000000000,8
xcb,2003,12,2833,14617,78,0.,19604,-11784,0.39889818405300068254208751890832570536758615619163021120000000,2
zope3,2009,12,92831,51871,2006,15.5,221052,40960,1.2278466929725570755545885501283983321208520411487858365594670948590742998164144546312952023232777563355323034061066017038641084627868167791484928,10
xmms2,2012,12,14011,9112,186,3.5,130404,4899,1.039035545536081133938129554460011545310104253353603960711603118217960619952261593952736381402574225280896378547777390729090036319347081216000,9
boo,2009,12,35858,25080,602,2.,225034,10852,1.050667189587946652368731891356850613306465402373618009226246262418738853633552380080192635788624259087913304104630971822023894436240000,5
Syllable,2008,12,35805,3965,307,3.,2670435,31840,1.0120670280965067218856980827747111763572750281670714326507389126597371415122084128225891759770727033538230639095501648444682292794429217011656536315908548448000,6
reportlab,2008,12,165938,266094,252,2.,259700,-100156,0.612264333588336262626979047237664695098902491213607142186304384784524635485250718613731826967339839912052333463344460922724114380744217917938450432000,8
glibc,2002,12,227165,160331,2422,4.,825114,67104,1.08852653658787216440182754450546596234300923096346444872187756489048662515722990088832032947579687692171323612485659276823885738839012540416000,13
sqlalchemy,2010,12,138040,68027,1275,3.,100316,23607,1.307747461200000000000,5
ecls,2002,12,54705,41917,354,1.,352163,12788,1.03768569516985471922374765087180404385441197762408777499757211716404710610143513425964000000,1
kadu,2005,12,35766,21869,573,3.,78517,13897,1.21505725782440259845294026362349730784608489270978346702144236347505638945501193224155419855756442134500917539829069397893714405297283399680,3
clisp,2004,12,637155,1502444,5425,3.,1444416,110590,1.082911864071879754897632246281752320813639499802523657525822768764634175053036948841871994596632789379722857016310817324494785200000000,6
inspircd,2013,12,350,768,47,5,50952,-397,0.99220023969079914252036803534779398294,10
itk,2001,12,595374,228582,4735,16.,262818,231286,8.3349613096711100157644416848772029269878721622043420392175328228585751383973552507872770022862004161532851876573027425647113600,1
SqueezeCenter,2011,12,0,0,0,0.,490929,0,1.0000000000,8
playframework,2009,12,261024,158066,1178,5.5,91283,78415,7.0937985715221787029341195391371742093906484815939729683371003962451837831943410235182636105793765576466155658363736294694246400,1
mixxx,2008,12,664568,460024,5974,4.5,3335737,204544,1.068410050940950863430113112773159296452519708974080306457441567219867263030721156184120450442676531420641611855463781251633857834602049420800,6
trac-hacks,2005,12,43811,10862,242,2.5,33136,32949,177.19786099293912969739122022778146439388087540651966995840416918034684893214377859591671033803554719419334656000,1
sdcc,2008,12,115538,61943,353,4.,1263988,53595,1.044280762921848017596811569253536022944485513677195761908267148403217124677355279381950198015362556752778815811138840487949209852820571243794365800,8
mpg123,2007,12,235334,226914,493,1.,93845,8420,1.0985659935546426477909052872499579906869232643682037573725301329014010126192730524945092095796960010689966753662024874636102650920960,4
DownThemAll,2006,12,4632,3229,233,2.,7760,1403,1.2207015887966738893320338853632609953934581769858980141991116643020800,0
php-doc-translations,2005,12,576710,193693,3227,22.,1683206,383017,1.2945856333091131460375507903316430855052830117788768006732269902535426038884585098519287857673664467460078673664206534286328737500000,5
NServiceBus,2009,12,573754,397192,1379,6.,482312,176562,1.577471790643348017284638648645674128761963065774230614124762032869790686902146406885952483272769157631774134170372695816928359236792320000,2
AndroMDA,2007,12,52744,49393,337,4.,327802,3351,1.01032821597062138396917698966789541030868088922567604888968349539048278820112513122526615011938245868810474667616822651882239661345212311413760000000,4
ioquake3,2009,12,15986,7208,261,2.,258138,8778,1.0352021174201375241892643857220969458714088610636489136247198802711150802845480643214711875069732269589697055193123579622400000,4
xerces-c,2013,12,24,6,5,0,287096,18,1.0000627007294200,14
habari-extras,2012,12,8261,5337,525,4.,141776,2781,1.020007913953862951199861970887602885935470315442437507099926338599403169507270534290435328907737670228948093665423860436357759525771884823953002163852800,4
pyglet,2010,12,33179,25592,58,1.,516191,3573,1.00697010249398040990059703476492912334166265756755784548881434738709820545704281519657714014072000000,4
libcurl,2013,12,108885,103016,442,11,117438,5869,1.05260421801859828686585470607513600,13
request-tracker,2007,12,1131341,1009775,3677,5.,176448,40116,1.29425226653139973282818973260536091709578273332084060741938771196899427792066547399330214001957304706581368290971121172528749116599561748480,9
pgadmin,2011,12,389031,336826,449,5.5,236185,52205,1.28375366888170871884642260302775190723011568062828491326712077830210502653770019881802432870083570722560740071487485811463143974826884353024000,9
jamin,2011,12,5,2814,5,0.,47630,-2809,0.9410245643500000000000,8
tracks,2009,12,64342,123193,434,2.5,260027,-43083,0.834624995670097476627103518165732039533011571209168302918066253353362640962054124356276064827194421654313003019298984102400000,4
ikiwiki,2012,12,9834,5601,241,2.5,45298,871,1.020193355438499700092400424673721486739985548695819546631796672227302207376310357378341180364510995391081105995692504665623538835275939840,6
jna,2012,12,573037,343724,409,4.5,229196,108755,1.902973240053475989335008562112095146655533486442481552323308758861194535676210033758599139130419522830765930990406511490226170118221107328000,5
SubtextProject,2013,12,0,0,0,0,452167,0,1.000,8
nette,2010,12,41183,38219,1600,4.5,28752,2464,1.09373097990893357965548348179148748842922128593681970876768564772037757951068982408380928508252395967506019184160554832662139252055142400,4
cia,2009,12,63,6,6,0.,61402,57,1.0009291710815695575230952600000000000,2
smolder,2010,12,0,0,0,0.,9769,0,1.000000000000,4
pharo,2006,12,899,248,133,1.,349546,651,1.0018658908841130993845636970618647868483285282453433107634543344261562225302475520000000,11
jabberlang,2008,12,0,0,0,0.,1167,0,1.000000000000,2
github,2010,12,0,0,0,0.,3442,0,1.000000000000,2
f-spot,2012,12,48818,66844,104,1.,120129,-18026,0.849710693539754689439545578132921123450871969502541511911795569096630684305606525655040000000,9
xmms2-scrobbler,2006,12,90,42,26,1.,452,48,1.11881188118434442210727360227221171390239257776051365984000000000,1
esb,2010,12,2365967,1878528,13818,34,1887433,487439,1.370758091695155610031643399031709746117343859009270734065632231415452080009520588975705193213266771905502905922461260800,0
djbdns,2004,12,6,3,6,0.,969,3,1.00310559006200000000000,1
windirstat,2004,12,16476,9600,219,0.,44571,6876,1.182411460403078396946087331916655000000000,1
wireshark,2003,12,263044,90478,2736,8.,537670,172566,1.4726488890782762983972769569146894789166580303297175485949553718322149791422091914242986415955583790378779079209580401292361899328000,5
davmail,2007,12,2606,1436,87,1.,3668,1170,1.46837469969912137840544659768432212400209243681692618641348905756731471748328350064604820371271958945937131215220167844422886400,0
xfardic,2010,12,0,0,0,0.,16068,0,1.000000000000,3
ossim,2012,12,29858,35505,580,4.,1084304,-5647,0.99476098805520539580519859665491169831592186892678344383056187878165665842521178427671652438596806140192046316716095686460894154818603451530348876800,11
fusionforge,2002,12,31064,19642,744,2.,66691,11422,1.20666196238916253377057453745711794163104906354079849037684749276806132613968169968580404896381639515169849391122552584323332843414968848000,1
axis-java,2007,12,1107,716,22,0.,187740,391,1.00208701407535282359693974403261914675125741472423242584947951111040000000,6
html5,2009,12,1150,1478,77,1.,62177,-328,0.99475241980639856102737,0
gEDA,2000,12,35904,18581,372,3.,127226,17323,1.15762081107703060762288514591622646415725353877128923492473928918048813951904157404752290602264239502751799372314022163688624602325393920000,1
openvz,2013,12,891,258,53,1,25779110,633,1.00002455536841928362267296429183398109660503,8
ibus-cloud-pinyin,2011,12,0,0,0,0.,3785,0,1.000000000000,1
ispconfig,2010,12,73657,35437,963,3.,268031,38220,1.16631057696296480438156652768751436575563983788541890922917213891228740608161169436923790923840080788574703396702116504376180736000,5
fabric,2012,12,5595,2342,392,3.5,6946,1074,1.18290190737055499302318640761751551843256221149734437971192284914559275614239232590228729518908194681532509477343554780494491021083040000,4
sudo,2008,12,10419,5912,389,1.,62858,2603,1.04319973447155235034083134005079745892341801437521668195321672675145806363780599724750598275887003087886651193575419620915382250259928529305600000,15
wwc,2005,12,400162,382298,3355,5.5,506665,17864,1.053835768411651401060019582112745372772095066792158137491529544852823739716690377715200569796151393808066661532563319400812441600000,1
ohloh,2010,12,2382,415,44,0.5,41530,1387,1.03455147846191179072633471566806883532703076701861984759616000000000,2
svk,2004,12,46148,35042,713,2.,12948,10195,4.70323283729651790461553885056959509646961060233852304145567894008984306228576384824880293356970092501234736623209478062768640,1
xith3d,2012,12,2508,1055,27,0.,122995,1453,1.01195471524266333304626058325334749113092522848564886117518912160000000,9
gcc,1996,12,64387,28156,1979,13.,368482,36231,1.1090470758537354930576783297586997138248721607845162321840752705954263805630471814933200033315260776421603633103840174593026628982027095868800,8
xfce-terminal,2010,12,411,207,51,1.,13127,204,1.0157882516823202116491420775261876350163167738299524872007010905458915682664382004810734183634432000000,6
powermock,2009,12,16006,8732,267,1.,24333,7274,1.426402485509830497517840059486874637114562072316236930039152397916154974105874466182737733495666761704877463961072310065435267563520,1
jasig_uportal,2000,12,22051,20126,266,2,12050,1925,1.278098815416817523718734513636652826346366518181169858271339489316275890512388507498963001152,0
tt-rss,2009,12,45843,28459,1218,1.,59355,16961,1.40008019997928121890506614884121569596939150885566154318256151519588023643598155679706969822512374233813297721527204054809364858079548577126817792000,4
aws,2008,12,37377,26513,924,3.,102379,10864,1.11871277933139596309645080717993949514247570927123632638849647152817933532511855351742257839247983921465757288242691193700602939224939122688000,9
tellico,2012,12,15369,3239,234,1.,100155,6295,1.06706797358604590988368441730791462145392421266320857674176160558356997603736516718028342722596498461824297147055409218763163451546817000929280000,11
seamonkey,2000,12,0,0,0,0.,5422,0,1.000000000000,1
akeeba,2011,12,118173,69794,1061,1.,280450,48379,1.241832123670801617827204883289743166229077279345750559633315780839661492573084148653147587812759213055894640287028842675729392444219221760,3
markdownj,2009,12,2248,2073,42,0.,5977,175,1.0301620130979423931506649653065597422296501732000000000,4
iterm2,2013,12,15704,10165,184,3,161352,2795,1.017627730094547111247951042076466800,3
re2c,2005,12,15267,6602,148,1.,30436,8665,1.398006522483137163133478327415928108182558840778974032571969759476092849620721061495506677440832055698520535296704000000,1
pcb,2013,12,136,149,20,0,143987,-13,0.9999097222222200,10
mythtv,2005,12,295663,174105,3978,13.,627704,121558,1.240163905275132645594568362108147507823949569159171658907028528125210673943163430448304686653081875764864406761121444141337908343995648000,3
activemq,2008,12,392837,95182,1077,4.,799985,297655,1.59254872288883990761230868658699538074084510596600319200622859841899255443352206992504159752290342464704850919693019060814907650293000000,1
xmobar,2008,12,443,1447,42,1.,2318,-1004,0.566493955146819468637683148877010759768150164004115374610502383285386701081976122805047041789664395504800000,1
commons-logging,2004,12,2986,978,71,1.,6009,2008,1.505157232591640422442559227480574952642836077558054941861302229117798341489055862019720128995003663349265267200000,2
perl-xml-simple,2005,12,32,3,3,0.,4099,29,1.00712530712500000000000,3
ldc,2009,12,509484,401818,1839,3.5,521614,38720,1.1026832360508746121703700618574865146094283065286965388609706224092188970928196613719139583058676760694323095331868846974743406203526853451776,2
x264,2013,12,2420,905,41,7,80331,1515,1.0192219853812986972483612511707787200,9
cmsmadesimple,2013,12,253,296,55,3,529576,-43,0.99991879575998536752565679554822061748502,9
Snowball_Stemming_Algorithms,2007,12,2206,2107,54,1.,19238,99,1.0052165665518373564815618774898180894607652402634402500000000000,6
firefox,2004,12,31588,17737,822,13.5,44002,13851,1.46567374937092108677606046037241511426744378839884747150189726795954647096137907238551795588756427375558410719444744520365364304441817600,2
etoile,2004,12,2133,1568,12,0.,3911,565,1.1688583383000,0
staruml,2009,12,0,0,0,0.,1517505,0,1.000000000000,3
gdc,2011,12,712773,599045,953,2.,1139628,43505,1.04227073676069795479494691909661583651690084689927087137574818283836362355003154350939399633751522603485012094598977959299145140919034223168000,5
hugs,2008,12,0,0,0,0.,81336,0,1.000000000000,9
outlet,2008,12,58899,29434,178,1.,29546,29465,364.76543203725321124369149503817213750348190063364706001830367977847343166015684347978733593117864513975926537057085382013747200,1
argouml,2005,12,187676,129358,2204,7.,331579,58318,1.2134150135176921889147389454373936943620853219876692397103285035362148334398312459819032968399660166600802127137546215277226070226791168000,7
swinglabs,2007,12,7217,2452,154,1.5,15445,4765,1.44616104872133535969180105341927186199916867204166573864513595317996076990478425569017610887196750990672000,2
pokenetonline,2009,12,235541,164166,1322,5.,158523,71375,1.81900904212421723131512764908710794407513708772324698473178078024764913771422408123469277994609060469743943680,0
joe-editor,2009,12,0,0,0,0.,80935,0,1.000000000000,8
nedit,2012,12,1,1,1,0.,112989,0,1.000000000000,12
doxygen,2002,12,66910,15037,172,1.,155437,51873,1.5008786836799379789784122138602304518978372454401413996694641757227875446846199486668502958150242207035428767241876469390898060188115993600,2
pnp4nagios,2010,12,24337,4588,529,2.,55937,13460,1.31687736889586804856096592888006287808858695568540436900542533673118639591219462761444728855139940724942212395652308623821802818588636325120,1
ntfs-3g,2008,12,436,752,4,0.,20355,-316,0.9844755588300000000000,1
freenas,2011,12,996454,823999,2538,5.,385696,172455,1.81013092326706182168935347508325777367438582294403552217318187345688178782191140791218385057794989315174391411024444759049347896990105600,1
modsecurity,2008,12,29198,7219,283,2.,47091,21979,1.87523892959217370594599046805516563619815835967326148969566246551565078715744190122239507070977376658173414033666180960000000,1
cpan,2012,12,238,178,40,1.,21050,65,1.003101588967616556181844795614622469671839055043091802759248297914672148070400000000,9
feedparser,2011,12,4350,128232,287,1.,141985,-123882,0.127136676864289343299049629617273969686737213029001283445646724065195300555341456259315056964685743590774646630789124904960000000,7
couchdb-python,2010,12,6270,3400,134,2.,3284,481,1.18075911311056957275429639084146468213700161133175184446558217648720188432233587037660983316437229805438508544000000,3
reportlab,2012,12,2076,853,73,1.,172997,1223,1.007119820228891436612018688735221846061875246601777865972096031680668986726512647182942375000000,12
jpox,2010,12,0,0,0,0.,1108397,0,1.000000000000,7
vdr,2012,12,7931,3186,51,1.,60324,4745,1.08537397218107993513977240513982719839148346014014667758503912982116535221008592499549421670400000,12
sudo,1995,12,4570,3124,503,1.,5006,1446,1.406179775261729124802522840083356101640481028829306655655899801556757780542201245159887573682090590254038895900443231428034351311880192000,2
linuxmint,2011,12,32834,19975,185,1.5,433991,12590,1.0298765309041959971926494128838477435700953825458913168391967680045530224723835654684651545987373714072885169578022922027376489893064590128770337393447680,2
libtheora,2004,12,19455,10729,196,2.5,33593,8726,1.35090682431293295794870371987553211731847708208672463420203013595126441548307835882208350561910995300510244279083632433058643128444619531744000000,2
smplayer,2011,12,54372,42221,64,1.,343659,12151,1.0366537157445335329352257900683424004161046446871628352102483691474508622979182031409944612416941417600000000,4
sbcl,2009,12,25737,15589,550,4.,362598,10148,1.02879273655824445114018289012396555421102728771297640163755584264487519054798013760267069859951234872831364840117148706986408256714915666695952847360,9
clang,2013,12,61033,32080,2329,55,690691,28953,1.0437529656746211566985490562139630,6
apr,2006,12,4772,1193,318,5.5,226687,3579,1.016041558348964052863178366554078702276691660810571372432281832880620346494070482434860110516651149103381374992209971250388835259526892745794423576000000,7
nuget,2010,12,411706,260993,946,8.5,159761,31973,4.611136209620080808619006638124263325036,0
coremanager,2013,12,0,0,0,0,82048,0,1.000,3
kget,2009,12,26508,10690,383,7.,38250,15818,1.70515335233122621290997954035088818059384022579381233171017037474649702190545915654280246751735447693979988840688784619556737673935233936000,2
marauroa,2005,12,16184,24258,233,2.,12651,-8074,0.6104221953619327484378454471261355466237414848649705645708829669965850006496725186755006402837086835536720310971271871078466802282741760,2
bigbluebutton,2009,12,441272,488435,2346,3.5,372036,-47163,0.8592594581079901397286141000182449208067898503091355910621461840131442294982243998057060005794659456995379142336908611527804493824000,1
jekyll,2009,12,2902,1089,160,4.5,1934,1016,2.10675381274193074580757875375736065990831928989908903004478464000000,1
abcl,2012,12,14783,7752,549,3.,120670,7031,1.0618713645848174038852903170659523181390520863601105527803703329253256505900569443669161904049369352983560763170061944871540173770571776000000,10
sourcemage,2010,12,9911,6044,323,7.5,84721,2516,1.03060641080502733849686113800744463981716476717048944149048189682619052351695069806385764137598297506751380385915452609047694509110156400,8
compiere,2005,12,202784,92288,1102,2.,518379,110496,1.270901214305714737571549846308771745412650541657971714273200542877558108101745582543048528312416619056321611781131695417672062671673450000,4
emma,2008,12,0,0,0,0.,38912,0,1.000000000000,4
gnome-commander,2011,12,30569,15899,792,2.,227843,7535,1.034202117039754049518506270167060731648272204714284994495442442739605331896843469996301035456068297931578202677121859563095956673812736220182159329917139200,10
bogofilter,2011,12,0,0,0,0.,49205,0,1.000000000000,9
lvm,2005,12,18402,10849,340,2.,60124,7553,1.14367236689817581085053043815949141134514821769547480062378331910781847873281197070432613807518876065269256255492695780123432337949600000000,4
pentaho-reporting,2005,12,73908,47740,320,1.5,102227,26168,1.34404869902536174269040822339725069222784593983858638808955816679836472626233542601382769420877615180106374730550506258888214280217600,3
gnucash,1999,12,38007,20749,330,1.,41400,17258,1.714853781690225399101544926073252088362102423007455212394703886757418221765423191912588773453459361513339135797950857472000,2
ace,2006,12,179722,1403227,2833,18.5,1717344,-1223505,0.2822594743274725210155298123317331278984076487177204055549046103693740978277265889953950287654012501653341706138453394483326162221823462940800,10
fife,2013,12,3367,10794,43,3,253929,-7427,0.970748556525027474905695765295860065,9
capistrano,2012,12,1438,698,137,3.5,9283,240,1.02653986508953594051297927336426004775392571988567332814634364205386975810776586578101126380297865259953872860910531379200,7
mysql,2011,12,4722248,3222941,10214,47.,1389913,74747,1.0568346505361322194108935952313365197971501194904010913289017875785819932543095394461283273410426482428392127356216323806187780463452610950000000,11
vnc-tight,2004,12,6822,1524,64,2.5,64799,5298,1.0890405203185600133720,0
apache,2003,12,294000,123305,3676,15.,868142,170695,1.24474261127554918881952516114836135158494081128609948987231533167640320094594778648668035588323340022779849972098167709990973374367903666176000,7
resourcespace,2012,12,84180,63376,2579,7.,138976,20804,1.1864141002304977428199232465025461878594679813181526581468590350677447915619187303647880305565665771991315418427175943227934500139663360,4
nfs,2006,12,5990,5641,56,0.,4913490,349,1.00007103398821399507728281097604261223536481723501332000000000,8
adodb,2008,12,0,0,0,0.,7930,0,1.000000000000,6
lm-sensors,2006,12,5808,3078,270,3.,74552,2730,1.038010637409273139835015421799295974592693966146175171101280700348243056817733492591520490048143223906776693363499137745635391378926779022091264000,8
springmodules,2010,12,0,0,0,0.,2525158,0,1.000000000000,5
gtksharp,2001,12,17309,533,47,1,17494,16776,24.3649025096200379503623746163072,0
rosegarden,2004,12,4240,2268,30,1.,23506,1972,1.091576112190009371221693228673162859060468647659475158559072000000000,3
imager-perl,2002,12,6349,2064,131,1.,32822,4285,1.15015593791329788449362070430889549296243316599711367641209779981448161773267346009872050982424491663957026564671338120000,1
openafs,2000,12,1334,167,22,9,656694,1167,1.001780247038,0
simple-invoices,2008,12,1464358,1157970,1640,4.5,516317,153194,1.42187908737665819279140778679760719083795751560912508347893472922587031110515010015192035972745662778568959910771599914964662592495616000,2
joomfish,2005,12,0,0,0,0.,5735,0,1.000000000000,2
tomcat,2008,12,103907,77421,2210,5.5,709548,26486,1.03877539667343463688784813818225268679244192159765104102277228795235358430753977406205846464969344501448089430578324304722979659329094492249200000,7
openmrs,2012,12,67021,53602,1127,9.,245884,11194,1.04769696194434812627579524399747720728384453157984051179899448557814716201213241063240529504274775198754268306887441845870183778848605190064901120000,6
otserv,2005,12,83718,43588,800,4.5,61869,40130,3.31764366135562048485105817719662043978234713529714927496558869963066879037623297615206372745571856971132602037815630765627329740800,3
squirrel-sql,2002,12,301549,90483,1569,3.,305959,211066,3.26886817817686266400122859961277495106605259429321667557359481611935246821524652232332719360727716607067932350194140215262806240000,1
osg,2004,12,89809,150426,1118,2.,284683,-60617,0.751664324688991722496300246978751604484708261870725002528655786982395885585024266642025977853153106334987198486962710306320945990307840000,3
nexuiz,2004,12,11013,454,13,1,10563,10559,2640.74999999898750000,0
gftp,2005,12,2185,148,28,1.,26087,2037,1.0846985446974419311069792412349806032000000000,3
nethack,2011,12,0,0,0,0.,207455,0,1.000000000000,26
mediashare,2007,12,9372,1123,193,1.,16290,8249,2.02586742948424261455607185868055416967613254518683023227846311170316149633453362632000000000,1
helenos,2010,12,886636,495807,2404,4.5,305930,28527,1.108059274079743525963147525284913172911825434178996773797144563498667386313026789448285569736758705626687347926056211270761156297810739200,5
e107,2007,12,59015,64197,4793,4.,531515,-5182,0.990344645122206434736184299292914328463642545663018684795801826579736168742880835212241839270442047397023375402288046246398352087332228110080000,3
mod_wsgi,2011,12,2040,1392,57,1.,13944,642,1.048263419040707903261636252530979206576150018283458280080396128567257919857974800000000,4
magnolia,2008,12,652372,295811,4759,7.,888926,353039,1.6664017713772272446127200523009308323609317209147152671300160805455824665549262320849235421245083929264098785551937149968024649309194240000,4
libogg,2002,12,25350,12019,172,1.,31685,13331,1.726326686240508536600997292375556590291275813772290259052822938420458437277758345199439290461817279716000000,2
kompare,2008,12,419,308,41,1.,9025,111,1.01245371928566405380256269911848355323995891349305995121836383884663405382459139781215131743708640000000,3
puremvc,2007,12,0,0,0,0,510,0,1.0,0
bzflag,2007,12,245885,225249,2490,8.,308752,20636,1.07162392924626871670669706243454619765670970864123652906057687759083386911114774836129814843962958861902488865713432204715220203903680000,7
PyICQt,2012,12,0,0,0,0.,24655,0,1.000000000000,8
boost,2007,12,5567839,3222929,4953,24.5,3003545,2344910,4.5602571982668623577905093562677193385853302278451422574402116695728153542034077935810116464351595473392001776739492387651005644800,5
kde,1999,12,2149573,1589838,23825,74.,1456066,544945,1.5981038742402129514797098344583929393113138936108024580447151215303941496154949244384269338964606289765589778267198378832811762688000,2
gst,2012,12,1333,1518,112,2.,333873,-262,0.9992149789212458657498835050032960703390133169319123996917174725105101045955282811664384588198344390613315353824312749463600000,8
obm,2008,12,499680,259591,6119,11.,263694,66323,1.336032142513413354238078493118727736135940306808052658037585787786002069470782319161994314628269526137833002979674505418962986643433328000,6
sharpsvn,2008,12,82975,45125,965,2.,58506,37850,2.832397366281566333337445990197776051565404465029690294635834557327973068287651065270419109322862206283036668589830129539004716182400,1
haddock,2012,12,18523,6017,203,3.,9765,305,1.03224101479380580162604058698949307195867255830247016937150406696065360009492365794153882592957013686546901918040088023040000,10
hsqldb,2011,12,39927,108714,763,2.,635328,-68787,0.89150777489855482086733946569020054088580236903126230258808080854157645432475642702705879345169603235216991744015506035855494673242016115993600,9
xerces2-j,2004,12,19409,6977,520,3.,147529,12432,1.0920227688241903556905970769597140311177441005158800006131931184073763343271673215016138759613139973478883738339866967398179559223068374000000,5
django-tagging,2013,12,0,0,0,0,1577,0,1.000,6
python,2009,12,272580,177486,5765,24.5,704005,41189,1.06214243469969309602959602021110241600610645823108158211668414437949121947087481429518420141719793251237113988843353151342080403570142809600000,19
php-gtk,2005,12,129490,192423,1339,6.,220312,-62933,0.702927625965216199356225997580830002015468761330456043312546850319289542797560244797706658403108209102473726045163549025646533081600,4
selenium,2012,12,296820,258020,2969,14.,400971,38800,1.10713171402316614262609692613774877587968864022864816071619311992170755736897590883129242374974904153475613450040704633250158121290926080000,2
xlib,2010,12,116416,14096,154,3.,226762,102259,1.82133763843908643166706087710943501696213339960863911748494565093400763064575154979238576796123132096898828355930679406862928374931369249041073040000,7
trac,2013,12,1666,1081,58,2,76767,585,1.00767897928656507502783047470387657620,10
w3m,2013,12,0,0,0,0,82513,0,1.0,12
ireport,2011,12,7481,2422,18,0,474839,5059,1.0107688705322917888617697056081526048400000,8
yafray,2006,12,23593,3718,110,1.,20298,19875,47.9858155946794442420776187317123404893055489711935820144362389170502386346426091353303613356290083239837319600640000,0
connman,2012,12,31336,14199,1266,11.,72605,17137,1.30895290978471988813411629700406057424188217008216386544517794314112188496741649767641023168557695676598572803431166528439651057528576000,4
compiz,2006,12,106088,55376,1628,2.5,99844,49738,1.99265557038913802425580749361331658349461233517708268270195563105037005984994443288772512058256528495606000,0
Shinken,2010,12,169224,89387,909,2.,78832,70047,8.973477519580902021467920417033901874450961044704545062365596023582814515027173715814272545802390884490437092582560336000000000,1
libusb,2005,12,672,1259,59,1.,5113,-587,0.88521705125553758233715235773923723182880249681360540831207328638804037979432841881600000,5
qtractor,2011,12,41771,14398,826,1.,100412,27373,1.37485963140888539478313386713917504428791229784402628724215842290681588155103284402119461240134817777594431884204591460778017020201866240,6
gnulib,1992,12,7384,150,28,3,10331,7234,3.33580884721739428027479452360452,0
ampache,2012,12,7952,8105,270,1.,91751,-153,0.998331552201057066487556242867028630457057682563802800090673609701781648760306174210891419856819723058020341083319493613839765515084066869120000,7
opscode-ohai,2009,12,7039,2622,338,4.,4087,2482,2.54641744550337802550217665507078785761641158193573567808706573741577034380255563428389695942429440000,1
bashsimplecurses,2010,12,0,0,0,0.,324,0,1.000000000000,1
rsnapshot,2013,12,0,0,0,0,15011,0,1.000,10
cfengine,2013,12,202303,196136,1177,13,95065,1802,1.0195946239851254930697599135283084,5
mongo-java-driver,2012,12,19147,10227,410,4.,25550,6879,1.3684323282163120621940474626372728468398590934455073095766038380376968843370441016385312935322864840506272636220272164980881945413809664,3
smuxi,2011,12,8676,2835,442,1.5,54189,5770,1.11916809516215304696032870821269652413557194718177831606860533217617091404505142378979088287699008108978446005399406068740210880645427152000000,6
gupnp,2007,12,45698,26251,603,1.5,26394,19447,3.79933784369558706091608573634801114421036015572714746058078674933351273219508210885764537446400000,1
cyberduck,2010,12,189482,114400,2492,2.,164214,75082,1.842368621816935819459963730868347897775742539940504268747177491597656743004318029254307004484206977240777203916402688000000,7
gksu,2012,12,0,0,0,0.,82272,0,1.000000000000,8
tt4j,2009,12,831,463,52,0.5,1129,368,1.4835742443817875625763241948879000,0
pkg-config,2009,12,255,93,36,0.,4768,151,1.032733579012272115979484938964784400000000000,4
ilias,2008,12,321906,128356,2916,7.,908844,193550,1.2705880378815474454068999102099266024889359679497476594270321121067553649964780902836768636029329805278444033273287815014545121922359088000,6
freeciv,2000,12,59318,32353,932,5.,126112,26965,1.27196990329289633808650834724167532695661234290889577357199868445281505901815700921303254151451219661696233353306912089308914540301778944,2
rsyslog,2009,12,79986,31695,1659,2.,54973,13735,1.3330665890451373047730545907740092159919455239782540981448292813164283596178870069870255316223341724035045024095156439079107663869816825389056000000,5
zeoslib,2013,12,15749,9470,100,2,288848,6279,1.02222112121475082554332942007624308,7
etoile,2006,12,473522,159774,1439,3.5,379598,313748,5.764586180499704018039698492983481983933594080749889917063030411240914804116532227793514382842338505951972573456900992000,2
geoserver,2011,12,478613,55431,456,5.5,537850,423182,4.6904977850126175730967290155899327521647338617047536121162976095959061280273152000000,9
eclipse-gmp,2011,12,5508,19168,82,1.,494379,-13906,0.97168414772211867832677420450663383328276766981224949396712175342112990035303389534908800000000,6
quicklisp,2012,12,1592,919,24,1.,9430,608,1.0689186125578653914000279468252720267443312719350914499635556455684657648181957403136000000,2
scplugin,2005,12,661,528,26,0.,19370,133,1.006944444444486312242752760509710711128745753600000000,1
pida,2013,12,0,0,0,0,60034,0,1.000,6
diffutils,2013,12,4,4,7,0,9668,0,1.000,21
xchat,2012,12,365,206,27,0.5,63743,159,1.00250062908904795919155060854859205007475962964592257911276188161920872206494900000000,10
TrinityCore,2011,12,449607,371070,3858,35.5,1450523,69430,1.05056599981330656861772111304806402995505603975288497442513189011270492281102173050427074505803668673237864613056877250157006329881845480000,3
moose,2007,12,11919,8151,204,4.,10514,3745,1.55325749740003662351403061634297074024699765462352050783891947179871993755139135527681126868968295800328317401468729533440,1
tar,2012,12,2067,658,49,0.5,20457,1409,1.0739710205822350965199953705589581857487317800917902589631183974674290924800000000,22
firebird,2013,12,7493,5619,165,6,3723806,1874,1.0005035354962322872354703214115312004898,13
jgraph,2010,12,20375,2569,7,1,63372,17806,1.39077382259794399668928881855660000,0
eog,2006,12,2248,4235,168,2.,29892,-1987,0.9315629951092974098703576549391466914990291548199391253111828410543957025814675932105154448483117793251052414015209689752097095271587840,7
layman,2009,12,721,378,28,0.,3238,343,1.1184801381344695720511086773023120000000000,2
grass_gis,2009,12,141245,121576,2953,9.,1167071,19669,1.017142204738814392165225541657971967217240746165865824934059154809053323366039219020433935514000959889720625679121315976693489843587537422412160800,9
gitg,2010,12,26457,17055,196,2.5,27999,9402,1.52123295273554565236703470388665762885541396432165021242052684396631676515745949905939972523956138535232774891640128600714053605374934047500000,2
gzip,2002,12,11933,330,15,0.,18671,11603,2.64162422232070222689490723325000000000000,9
htDig,2000,12,20146,3868,7,0.,185370,16278,1.0962671208600000000000,3
twiki,2010,12,50084,11784,657,3.,1817588,38300,1.0215254641214399481674057058850722591858737453718074669514345241046922473386994719500074574437529551259686621961438680246618663951862807035533366660608000,10
pygments,2009,12,5057,1380,160,2.,46149,1192,1.026712681803231427902294290969928244753958958269910154008197229813520264684152608870400000,3
gitextensions,2008,12,52978,4188,106,1,65652,48790,3.893488317,0
opscode-chef,2008,12,50493,35063,400,1,12788,10779,6.365355898258062851601914954552773780075736937995647467484339412091102268509177101957776237647360,0
launchy,2008,12,23170,18506,208,1.,30811,4664,1.1783761043233763099970697970328421760305708690312334148614126900651325624727989931699370168332525608739370812754706192480000,3
gkrellm,2009,12,519,241,13,0.,59870,278,1.00466505571200000000000,1
openvz,2006,12,44136707,28284697,132485,457.,21005376,1981999,1.1041875477617421349164063332907125000689973008753257486230977744801820020703360029613466645382542537788679362919764356582105358045725912473600,1
PsychoPy,2013,12,1482,1139,94,3,39279,104,1.002654754306861080343862577824238868,5
pld-linux,2010,12,139525,34250,1716,15.5,2737859,104900,1.0398411065263790490385658463598282395767506054151622113807803884424395833073807857792873755573341297361029282802878912412148404829017146272993795328000,11
fop,2007,12,69090,45815,639,5.,240569,23275,1.10711294375717230634314410804959872821316480282523215322133473535800938439381357306461226413998015507002136131680505749345647355698948211200,8
dejavu,2011,12,2,2,2,0.,1937,0,1.000000000000,7
mpc-hc,2010,12,1112016,1194871,1294,7.,616003,-82524,0.8616715277596029576119123564908338533378984927151308368689948589888042203703800490359250294463867251601954852127032466919636952723547744000,4
modx,2012,12,48940,25143,1404,8.5,408756,6686,1.016628945208331986348218030062275803423790823913302496720406216369274940103640093944320000000,7
revelation,2012,12,6043,20007,57,0.,47408,-13964,0.70515202701580416944932359874872039107733007236752839372800000000,8
findbugs,2010,12,268613,226866,1357,3.,268602,41747,1.18843235582837287130765503194667058173158279758971433683153305451681381781263033875001245580020275195297549202377817937780339421298032640,7
wolfcms,2012,12,4892,1593,188,1.,31660,1883,1.063236726331859827881581820101185580571302917977061290114221820724824711654717735553773158400000000,3
wings3d,2012,12,6471,2959,91,1.,262927,2714,1.010429917030740551413464592577395420494886646912000000000,11
empathy,2007,12,82929,59152,506,1.,44829,23777,2.12944138323357931825724825295795943437577124502486905717110204412357822417638014751200,0
avidemux,2012,12,27,10,7,0.,9882936,17,1.00000172013956611013014927740450000000000,8
lighttpd,2007,12,10565,6857,395,1.5,50176,3708,1.08229210591120765314728499079086668357406363675108591621654718248556830205792370584244808614784165039551641526504841600,2
kdevelop,2005,12,544197,867897,1223,8.,451872,-323700,0.2527321331602997925829235228568930598772768019309463632406192393518327919322167071224893239623734271400074100717148580023308955000320000,6
evolution,2000,12,642334,392423,7542,31.5,352226,249911,3.44256462880026905252910997599356737994385568640274948326057122991651370512440046246925093710822450328616800203774202213887731200,2
pentadactyl,2011,12,36561,34413,1425,3.,45897,2609,1.0612383813736889817976186429304016069003958745979178591869522415865494576303505131445726168810720383133037607971419150468093171119720421232000,4
util-linux-ng,2012,12,54585,46437,1576,11.,97495,7478,1.0830731972769314242830924617467170310890399363793540486053788484348957556907946903090488194842524834408116860450989654955486672735949516800,5
statcvs,2005,12,125,38,11,0.,9674,87,1.0090747887762175250498225450156070846000000000,3
facter,2012,12,29477,9582,619,10.,13150,5888,1.8107959239229767513230637413593237740134138196983006319068184611137936056192830065721001840224642390071483890956375928219944186511360,7
dreamwidth,2010,12,105594,78459,893,2.5,192822,23970,1.14212951157330255695504228902117940207471559843749980750923060960000000000,2
gnome-terminal,2004,12,1474,3748,101,2.,37966,-2274,0.939909626613698101691117316622446874488192494255917984802698882311311761085809543269340579562536865162334346914651475660800000,2
openssh,2013,12,1665,203,42,3,56592,1462,1.0265191365848364235280993046936506280,14
kupu,2003,12,868,158,25,2,3215,710,1.2834331337,0
unicorn,2007,12,16014,14343,230,3.,14635,1671,1.129064648176539771346541673408302097432005958936461026299047342112331843700229334144566471030676002658135450104000000,1
chromiumos,2013,12,51422,35174,1274,82,12008360,16248,1.001354890614857584416373639222357944372,13
anaconda,2005,12,14499,23681,935,5.,69328,-9182,0.86643392246276844364531268189551800595509032471123862351493271659003625850068749636522271579107846777770465700221653042059948686408081769776000,6
dia,2010,12,14193,5927,254,1.,381056,8266,1.022174947618398104360774345016785419186703975668099965049534140659771940726867895338938891843817112344339178028132289206737439918715600000000,13
awstats,2009,12,3333,1743,59,1.,43908,1590,1.03757266411739244602498402672784522635138033365285023388901521982611431004107192274588777025241479371811448658871397991361671620040031692800000,9
ltb-project,2012,12,1740,375,60,1.,9144,1365,1.175472425757927199586254159990095716804852521713430316960014347139303708846559540735582315724275286217824000000,3
py2exe,2009,12,0,0,0,0.,7267,0,1.000000000000,8
rsync,2010,12,1586,1286,58,1.,46281,300,1.0065244340058539707548129988797911350676407541324779864520442726483555631098125480760325226816897147649520609547807212128000000000,14
joomfish,2008,12,106762,79868,1558,3.,61245,26894,2.195714031393904841226791543101801561423969123416413312109300515743960490125968794558670409100322670442748494367194395614577892842642944,5
mc,2005,12,36716,22354,1162,3.,202054,14362,1.0765189778996870286255454577499476841916287838382197024123757125152969560630670380649342585978373877142938196101612780841835167744000,8
vip,2005,12,27,24,2,0,278,3,1.0109090909100,0
tsung,2007,12,2288,1082,93,1.,20963,1206,1.0610416561183095024444996174188549595809230885284541172432835397142624028916979016853300985568000000,6
jgroups,2010,12,172712,38498,1989,3.,112724,8750,1.0841556543036646458838311179875798320129299483243255060296915700803966596308211476345760589921435010608351699490913293866026543243420720000,7
commons-logging,2008,12,410,44,34,1.,20084,366,1.01856172025331639344483653292051160000000000,6
jmeter,2005,12,81977,52751,668,3.5,129912,29226,1.290268756247373449709171826186415367831458020545766991260713119171028809926441192804620728014096148290288137960999174481769302044462336000,7
fbc,2009,12,18802,8472,180,1.,1039496,6284,1.0060820044667699398496862871766874159880702910342815115421230757839563893442958493625662887427249106755916227338852574424439499566234947775942002152616181760000,4
eiffelstudio,2001,12,4059216,1681648,5645,12.,3766398,2377568,2.72141465454703368904699465110144826013179314908484651289386933406233861482885670660285629969065156759983365764589419763723366400000,8
nhibernate,2008,12,89551,102297,874,4.,360199,-12746,0.96407482670351620972734023838498501756575996651047976965393369105482408412800260440494274770930729729624279619916951587108906627063971840000,5
eathena,2010,12,13841,10682,322,4.,153479,3159,1.02101516764212140294962636567229006535558439172742079413854452435362015545716726360709182410202797840716263465410429775943274258770194037984920977408,6
eyeos,2007,12,113289,30398,329,2.5,119243,82891,3.28023217422613894750350531880528125000000,0
musescore,2012,12,3486582,349295,1931,6.5,4836476,3001451,2.635645835555614060021490816892223333749170566057121725566758992569837438974931751559002671016860389769726013056871185500823438344608324848000,6
gitlab,2011,12,23497,8948,736,14.,11043,3219,1.411426380410193391426,0
prism,2013,12,0,0,0,0,17696,0,1.000,6
nagiosplug,2013,12,125,36,9,2,109172,89,1.0008158924855881995850180800,11
magento,2008,12,875360,371976,430,1.,2876260,503384,1.21214087883209717144536116393429814399717404970723132500,0
kerberos,1992,12,18733,1836,203,1.,60146,16897,1.3906911142419424087746997120621688899504778816450580070441647887092153825231022652628070100000000000,5
bogofilter,2008,12,422,131,39,1.,48417,291,1.006048512813799922139307226318869570765971623952841874590623620597739357624000000000,6
yasm,2008,12,13866,1154,145,1.,158472,12712,1.087211855109098810360530353616496794724903530593095511886546647350842352028074728579319955663729300016554011274937928318394902082758400,7
tortoisecvs,2008,12,50267,47123,68,1.,236762,3144,1.01462516050215162750179909083371631384030065653574045570948571488055205638110000000000,7
bzflag,2003,12,155483,117732,2802,7.5,126500,37751,1.42536817312229926092359114996910917831384074742266376242099525119344650316133547294848000000,3
websvn,2005,12,3823,2049,230,0.,6357,1774,1.387082696892626265598424352686336999863463593147532680800000000,1
backbonejs,2012,12,43423,39612,1139,14.5,20537,2493,1.144454745634115747594113186943686494913000023937815767723835597445654475247761054030004881595022148882089072503950422407708259177728000,2
knowledgetree,2010,12,980884,284881,9032,7.5,1999865,155341,1.0842173915886752436584614098807384021929210414462620928208664190323667808069146461842635946901264287890200585799164224000,7
spidermonkey,2000,12,107986,38708,1385,13.5,343810,69278,1.25234945287806704288748973632699438293622182044742023550121737445122193023571271011000357624227680464764398118728020171216181463040000,2
stackless,1994,12,56098,12038,485,2.,145788,44060,1.43311575972602631009926385238508517270864586018473013770899138770257088361711286346576629275164971967039886608654045606686720000000000,4
libxslt,1998,12,0,0,0,0.,88,0,1.000000000000,1
castleproject,2007,12,1386795,1080006,4658,9.,2183709,306789,1.18380130049770322156348341555031522650491148201315275001974873523435631942582870666549763341375914481606399901096097804115689704161280000,3
opproject,2008,12,168536,139832,29,0.,135605,28704,1.26851011684084490521993668615000000000000,1
fura,2011,12,0,0,0,0.,288911,0,1.000000000000,3
bluebox,2011,12,278904,10408,826,5.,446985,52271,1.1324275298110799567510515289903369351342787297490409936123463622823359860215577837424963584858611272640123375616000,1
telepathy-gabble,2012,12,41236,40809,596,4.,117545,1186,1.0108867266386475497473578580031681014148637716331985929072055689699015690900680371170160105830177259207939675401964633948488671273932613222400000,6
lftp,2013,12,1108,390,44,1,66118,718,1.01097859327130346299851350613992838704,2
alfresco,2010,12,627360,506487,3164,15.5,1928143,120873,1.066881539566716491399086695355362230611823272666666460098967136020000429899329578002153254531764240829057257091205499050703336986576926277632000,4
nhibernate,2004,12,189146,47827,1103,2.,164235,141319,7.166826672012259416363792663625031605233441233491794937475160302617089901818034680181101774443135103638210923553280000,1
libtorrent,2005,12,25961,22710,393,1.,12806,3251,1.340240711583939049227786290216464293391224725127153100567042841546061891854698488628749856381647437005191712863078348539580120000,1
pygtk,2001,12,45042,36356,386,1.,59810,8686,1.169900633766314538897512164436140949742417607584808522065042105063742143899197632502879303249063098533128800000000,2
OpenDS,2006,12,144698,51355,684,8.5,318025,93343,1.4154449399553717343309266769791822968626609923006713911547215872,0
django-mptt,2010,12,3453,2468,123,1.,1719,589,1.52170062000633546388512639078423354030880032918176325444486614976000000000,2
htmlpurifier,2007,12,30277,13225,862,1.,27968,17052,2.56211066307023960409253855116324319349640423682062482179321073591466108829555306729077331028745422219721817060580380438970908262400,1
quicksilver,2008,12,1487,1454,36,0.,48103,33,1.000686498855845493008312688906665083660000000000,1
bibdesk,2008,12,46312,25222,1068,2.,137612,21090,1.18099586341643813795000560784274378903418449083794469784223130995936665630865766559013208750753192493666199861386903730237081534391801188800,6
imagej,2008,12,920221,918708,210,1,71851,1513,1.021510421108680111392864956556197737978238998254291833983650,0
rsnapshot,2011,12,15,3,4,0.,15016,12,1.000799786723500000000000,8
rosegarden,2005,12,5862,24875,81,2.,26395,-19013,0.19114268697445234254135067341918836546772307520217726466142563719512811991165289307794749939620406446847152316062000000,4
kerberos,2012,12,43309,84195,850,6.,420083,-40886,0.902878535218011693625947636322716535290415721217001703623990117314542216935351832971569350461217565708057110329383305320540991576202836386775040,25
ejabberd,2006,12,25292,14903,247,2.,54517,10389,1.2354287527238305550508620977195580524357963613255464163740411219121829450957213615265457955662501112762835765510041148616999246929596455400,4
boost,2005,12,203893,71699,513,6.5,378993,132194,1.5356342610443524932123695948792655291632072444454636732582278041814548210367701127538642168351902708466701534305332247038381922405318656,3
kmobiletools,2010,12,1608,3558,51,0.,59948,-1950,0.9674712662900159564936295676298631651546306898864000000000,6
coreutils,2004,12,41382,52410,1517,1.,190533,-11028,0.94100118233285564959599763294180405735266169292657958329185708856358233918211540290416857636360443327347507411257320448116452021784203512264000,12
otwarchive,2009,12,36830,22314,1446,8.,38999,14516,1.592901196692973563230357268233436122020194844381512273249028811297536152383107255642065430393018972461063220455476942197697937408000,1
wxperl,2006,12,15500,13460,297,1.5,44751,2040,1.0478166092471929940158812678805326636638051143468440506642092506592426449594104582864280391747678061408533035502217049364422575802036489792000,5
synfig,2006,12,4840854,2322512,280,1.,7189295,2518342,1.5391495054737778334510327329241858094704919844602756613738264379558211824810392333853169660960316133660577870240000000,1
opencsw,2012,12,249347,25009,3391,15.,699957,224338,1.47167585819461695919229463380499409287674836814861077007598926965207724170509990489855730595105321562981459262893901391793316320673053868800,7
bittorrent,2007,12,0,0,0,0.,8633,0,1.000000000000,6
php-dropbox,2007,12,68,36,15,0,563,32,1.06026365348178818585761000000000,0
elbe,2006,12,157968,86067,81,5,113704,71901,2.719996173,0
aolserver,2009,12,920,312,32,0.,227691,608,1.002677435122497980417138395335816475717503592222074798062770771380000000000,9
brasero,2006,12,12269,6432,54,1,55085,5837,1.11852257960382983676930,0
thegrinder,2013,12,1374,1317,20,0,94579,57,1.000603034214300,12
struts1,2005,12,100621,501160,385,5.5,403188,-400539,0.082231392620189946386964908747559633372947503614916612496373803494600948045486438564521677808441385134547746912033769642265453097547536000000,5
sword,2004,12,73787,66041,309,3.,410092,7746,1.01925208650925666733303758821447472820428997650825410830854389630485462150428377560641423798800629105495955436656000,5
chromiumos,2001,12,14734,44,66,1.,20408,14611,3.520441607808375436610146664638041708981413261138975332783585288866090103693606219346412615795171877850498096604219987864447100557557760,1
icu4c,2002,12,237539,65936,2658,10.,395794,171603,1.7654321538121944260845882297933781038827855777318530252692747831218195778327885684969117147846013158456057432304133765963441195107328000,3
eclipse-mdt,2003,12,4,4,3,1,96,0,1.00000,0
zsh,1999,12,12609,344,26,1.,57983,12265,1.268275077648209262082031215284894293065988136399528267010436244056644984151627279534561280,0
habari-extras,2010,12,30363,8631,1534,5.5,112787,21710,1.23836973108427044378386280286298237612531587132420574918154415767454204723912523506769021345882785895099961922912308242951170346122787328000,2
sling,2008,12,231448,204984,1919,3.,159283,26464,1.3636363634483304087910574665415801298110078298117400301958437561264672013724057678413633353767548144867323713378453407183494400000,1
jekyll,2008,12,1638,842,111,8.,918,619,3.07023411380878844704,0
sunflower,2010,12,1601,554,28,1,3771,1047,1.38436123348144034459673082348826385896482151681609620800,0
fltk,2010,12,865370,877150,1780,5.5,1101662,-11780,0.9875814113869041003733392275748801036367302693347726815306822862556585567876935823905158668984088198599914185891516978344031729243204278528000,12
roundup,2002,12,32343,34230,667,2.,17463,7512,1.75489900513340877156310878743429888110226089496490138732710741868818863262434811142715943373898935465069780302591230502521169510400000,1
pisg,2007,12,251,6,8,0.,12067,245,1.020724073760018372396347812747198128000000000,6
htop,2008,12,3052,960,34,0.,8844,2092,1.30983412321996201279653718750000000000,2
amanda,2000,12,7458,2536,136,1.5,68126,4922,1.077874818046757643546041498402819462145704616291372727942366995749078725684019653345391731303480657635463748311287842423102345920944000,3
vosao,2012,12,773,1975,47,0.,344054,-1202,0.99650331341608625149067250000000000,3
texniccenter,2010,12,0,0,0,0.,89818,0,1.000000000000,8
claws-mail,2002,12,93114,68411,2203,9.,131463,24703,1.24230505150061280139866141278769642089402102557344308769785378655669030066327477798552770612551169179704673771458298148615230602807090000,1
kompare,2013,12,0,0,0,0.,11533,0,1.00,8
mylyn-mantis,2008,12,64988,35705,103,0.,39495,29283,3.867508812849899153132252904060000000000,1
CanooWebTest,2001,12,41572,21710,502,2.5,20312,19862,45.13777778580421826077434056554931780640,0
tapestry,2013,12,3100,1813,87,3,800028,1287,1.00161163886226492658959065453228397280,7
cyrus-imap,1994,12,136375,18015,1900,1.,157370,118360,4.0340938221816510091432726830048350556842795880730191336543566231356135570419137206548210108594745589483520000,1
dia,2003,12,15607,4707,341,3.5,138998,10900,1.0850911021279348971256550131019615493693076720307300617351547274583724673741029329425987341204665562982391710068066281019313891840,6
fusion,2008,12,182130,129805,554,3.5,76086,52325,3.202137956421574259293091594894718042832876706755704431808733002332281754100517938819596371634536944126454864459889252184632499947520,2
scriptaculous,2012,12,0,0,0,0.,28444,0,1.000000000000,7
tcllib,2010,12,96818,12635,224,4.,515910,84183,1.19499127925519168909107264466451354982416505898788213245586212504455729216436808505621314462310129301106240361667949781300297916825880801200000,12
e2fsprogs,2002,12,15964,4293,226,1.,66873,11671,1.21142349917282105507873865168635539568709647101981226343486183184738946290610897088795611316239748891002324310210912668655090804963548152320,5
eclipse-gef,2008,12,15274,6120,409,3.,220038,9154,1.04340775022770387730807883212520971238428549292567492653877253313813643881632806030516669860811051583107287065640596805061450202108800,6
freemarker,2003,12,34409,21693,731,4.,34124,12716,1.593983557445038338001738083510875601690352907233740625928913431603480972763261573880000704285435172410916716573421967412405995799213600,3
hibernate-search,2011,12,141562,125078,941,4.,130693,16484,1.144331882779515514194515996039448303204620715833662923258803446046312875809576301449675235043757395801438485290055704615991793783083860480000,4
fcrepo,2013,12,133,63,5,1,266195,70,1.000263034288400,3
taskjuggler,2008,12,6273,3189,130,1.5,103627,2522,1.0249443647705621859636224131810703445865086265209153381266473317746293718523798979123200000,7
communitymapbuilder,2009,12,15409,5536,13,0.,151332,9873,1.0697940746100000000000,8
tinyxml,2004,12,1108,383,22,1.,4110,725,1.2158380470343072110798009200113773091434679027994612774889963027903188390783146528500000,3
SqueezeCenter,2009,12,138670,121347,1869,6.,490775,17323,1.0365887143732820452030452859821407443576463121515776982808487489503645728237315395317457670557962990206892649929958585576740046919608201610035200,6
strace,2001,12,17053,12729,110,1.,44970,4324,1.10638193180481511529041739257055361752157787006592922291425421091350771973029634561499255519312493154196312064000,2
swfmill,2005,12,9374,8208,119,1.,9659,1166,1.1372895325508591187874440887288407699119100000,0
bugzilla,2007,12,8997,5340,452,4.5,54160,3657,1.0724115399159402784534411862656499821731354222860044278328519167584699036166794493988442663805949648956005748977529903286973318712301063680000,9
scummvm,2012,12,1137402,576577,4552,20.,1428168,154023,1.1208834159433232187872236427283993912803806302360169967401513625384860850768606396563451016603618774522293396764567816823571845503034471735040,11
aforge,2011,12,30744,5322,306,1.,151684,25422,1.20134323865930148906888563124973018146100903963919399377983072336427117426675020180256159348587772641917038860684111918678819108618240000,5
wxwidgets,2005,12,287457,286815,5314,16.,2749585,642,1.000237618744463012127471064901839973731890868692731161045685199875229707215934162569265480432304309315665765042965844536601755128441417913958400,7
libtorrent,2007,12,7890,3634,140,1.,21758,4256,1.243172208941805444349569845408112624321499557771667936324154321124127866510384600924626246068146164121038124942933315720183973730304602795520,3
open-xchange,2007,12,676947,363990,5659,15.5,313260,312957,1033.861386371241461054944849917073650326686942205545256722303812309293616816919126680105232769684425342195505654916353257308794880,0
libglade,2010,12,0,0,0,0.,16265,0,1.000000000000,12
llvm,2006,12,240475,216998,5785,10.5,323161,23477,1.078588309347645487176801081603512680195592476148926535094925238167203537230715657102523362860269139185367905265287923010395457750179840,5
linuxdcpp,2012,12,2,2,1,0.,62784,0,1.000000000000,7
gsl,2002,12,30267,11604,579,1.,622811,18663,1.0308914372014451572513376497629886331921971488114092758685339293038434958309235247055347781119912941876808126976023600634235171234315817814004531200,6
camel,2013,12,29576,10436,587,9,824632,19140,1.02376187472464572665584806409474532,6
civicrm,2010,12,343957,210869,2397,12.,883822,133088,1.1772771714169875379692664969995603078059326758192720962056839989376004062745678661147653992319749182751353871002639160384954735685448832000,6
gegl,2004,12,3623,1049,19,0.,29686,2574,1.09493951018056785272070000000000,4
equinox,2003,12,427051,356927,3331,10.,292570,70124,1.3262552573630835627132197087540780286384282742110021715483831560221855432831735261143480282447147025930692983267806245017668072275200,2
elml,2006,12,30863,20482,158,1.5,21192,10381,1.960225696013073344846704991140065557861952820298146590946320550739852496832861480723061760000,0
kerberos,1998,12,24523,24704,480,4.5,242273,-181,0.99925018227940788689388057102265326340206943539865266928827988929314688873814920144632717073884634985742681528529597959949041831222966117131706726400,11
viewvc,2005,12,16863,13549,250,2.,16083,3314,1.2595348108718699391527149757634363981142192601159358075077705580228252526791285937724023056728953430562674134627800000,5
authlogic,2008,12,5724,10408,53,1.5,2958,-4685,0.387020803375788473402,0
rxvt,2007,12,0,0,0,0.,41398,0,1.000000000000,9
solrnet,2009,12,280716,110950,398,1.,184355,169766,12.63657550316581522794830640278675294336300070521434848542272873435171683104130205932653568203303134184116202275200447360000,2
tiddlywiki,2013,12,2031,74037,108,1,1484740,-35675,0.9759649556599940725913623353998640327,7
Coccinella,2010,12,2292,1478,82,1.,145815,814,1.0056137543875345994444483804632438203417925323166092938630409886187015351490309877175221203149638019115000000,7
nagios,2003,12,34951,24865,339,1.,96698,10086,1.1194867967482325145018882912567183717947890515734274181803789678498254217551217802803867686595327308116710976067628239395852916638944288000,2
wpa_supplicant,2010,12,64208,25106,1160,7.,219998,39102,1.21615735007585822521263465646622530689548318641031268564042004913918151114600690177943546090215201251110388006143161238672063223472906240,2
cscope,2003,12,9148,2901,19,1.,23020,6247,1.3725326495805592924507854875460100492607515436989394395154837189559153060000000,3
rsync,2009,12,4874,3287,200,1.,45981,1587,1.035748074064554839119942613329699726662324517649032283287780655348460659276621446697585001616362356119313025333636960668915724682444800,13
foresight-linux,2006,12,30296,5219,91,2.,51002,25077,1.9742802750746924859378630621474182523904608775210733357661900968715600332270352586727083542761742110087357956506570240000,1
symfony,2011,12,757125,486669,23069,48.5,749010,99313,1.15286048728059696793067112460098873469426016769325895307337239751374122074423309846033622652711906840066041810599800212720278136603835514800,6
devhelp,2013,12,1288,2826,61,3,10582,-1190,0.887608613501903789617393700951376265,12
gsl,1999,12,175875,116526,1437,2.5,413342,59349,1.16765585759965884379548059248554297561515882706400002312586976216194367025116961774020774158434348156886948749551329910967644979458641920,3
openezx,2011,12,0,0,0,0,9068008,0,1.000,9
perl-xml-simple,2010,12,0,0,0,0.,4350,0,1.000000000000,8
dtc,2007,12,33811,27916,1395,3.,70032,10126,1.1767591251009172809082333923439913486495528125241166951046528172473104296771605253845218503266388909809296077376000000,4
wammu,2007,12,5327,3030,286,1.,9589,2297,1.3150027427071351121176736396693924881955809195805907226144529119729756926105917548253159581835037525744070168546800782283044306400000000,3
jbossportal,2006,12,643288,297221,3100,7.,491433,346067,3.3806598509138866886047534944734344703454833666814356520976195415633192387531819505047362426393758271893374717277083420008512000000,1
archlinux-packages,2013,12,21697,24703,514,30,56610,-3006,0.9485265158599347543131496916461200,5
gdal,2013,12,16793,5550,302,6,902037,11243,1.0126213243461077390460017285709539592,6
ubuntu-unity,2009,12,14630,6735,249,6.,3488,2242,2.79935794556083084540,0
wayland,2013,12,618,417,24,4,12734,201,1.016037660579304396340721991483955310,12
AsteriskIM,2008,12,17,7,3,0,7519,10,1.0013317352510000000000,3
kalzium,2007,12,25130,22771,433,7.,15518,3725,1.324477351952924292954210552503230706483862989323418173548013262900596122031918184184637084580837563203343263916890571965667306934361784320000,5
gitextensions,2012,12,586148,327478,2088,12.5,167995,50655,1.4336900685413295862301005527096752467053390364908404692887128096445537574458370425888220075264763335224311252179894751613220966018482000000,4
pango,2009,12,21821,33018,671,1.5,65185,-5091,0.91983434639922932004658519581580642194820402414161346750128053064416311621907575680852308471384899999252145869296303060556816163378725390068000000,12
gEDA,2005,12,8522,4457,249,3.,90124,4065,1.04723503642639682603266883928746999250658092217587067418528773441650626082368231627424665583408947572289167109072409198196859500187313190147220058931200,6
maemo-mapper,2007,12,28911,17333,75,1.,20791,11578,2.256702485534484619128018172160526581137949015256988771823595963528878298930251137688110080000,1
citadel,1998,12,21105,6608,470,3,30036,14497,1.9329429178576322468805090574159396970209952729259744,0
phptal,2007,12,275,59,20,0.,10699,216,1.02060478870634242371715392007073556217708972012800000000,3
moose,2010,12,41811,18835,689,6.5,33881,10704,1.46377816285663619284663067347078761324820710650049086486147565925539020295890882888877040707106479917257956886139589745202072413260567168,4
sdcc,2012,12,2417936,820262,960,5.,2553464,1597674,2.984873124824210080473101189408186688096199291244786482370051634756686692595583505361372968834788786110680732464838158024929745124199376000,12
acpi,2012,12,0,0,0,0.,14813,0,1.000000000000,10
hamcrest,2006,12,8320,6184,82,1,3867,2136,2.23396880433380346178716349838378395939854822689958871560030442128000,0
jcal,2009,12,0,0,0,0.,1604,0,1.000000000000,2
kcachegrind,2008,12,648,592,48,2.,73946,56,1.00075788334008550209545504012151613412595013545423298631405696067854082302247329442152214915582508066072680000000,6
Foswiki,2009,12,12934997,9527725,14757,14.5,10462341,3407272,1.48295374570306155605513922048742465598381430084379956590247316076250333045534295453243210323796131032801713764505240935578211531519960000,1
pugs,2008,12,965673,757030,4799,17.5,1195714,208643,1.211375878747415062306717054770945454071158006482026922233121814476724985951895009136298447146714459124829307160761453990801688177874406400,3
rxvt,2010,12,0,0,0,0.,41399,0,1.000000000000,12
xchat-gnome,2011,12,703,900,32,1.,56366,-197,0.9964992714220650289790563701420604228558287486001737593139695886924284826699799691970969600000000,7
orientdb,2011,12,196226,126097,1713,1.,133100,70129,2.113671372560453178182580953949515026025494724521698312465464880870987585000185527765990523875535542744992050078247829387578349478400,1
rakudo,2011,12,58516,58279,2489,8.,26738,-1485,0.915802007241155499492600219432738715075803978176644662407155313627629655809065959285767142791144558621822080000,5
pfSense,2011,12,278996,148141,6839,14.5,538299,73674,1.15856658595364985775350725675994987407203884705374308338480089376032716798078659520651175956396478288938733221204744133560357758905308800,7
akelos,2008,12,24368,9794,293,2.,145712,14574,1.111134835056389925138098359448351408353257702452979983665917122389541574337716931880170168091958352053953080479168963011598602194414080000,2
derby,2009,12,51853,12301,474,8.,650946,39552,1.064691508261618455522261790934679636854093133899604654938520549214536305260553891106921419345295059883844128969856624286976563433976298924408832,4
bluecove,2007,12,47521,26335,789,1.,24867,21186,6.7555012224082662114076885521340030880658327924170884606928434961950470839237453423441903252076235310840277810082408081423104000,1
gnulib,2002,12,19474,4988,322,1.,45715,14486,1.46386371639865064448135532232676320097579250713939915448639389278196388185298094376388162871801592720135658709939613177619718813947868160000,10
vserver,2011,12,119,44,10,0.,39723,75,1.00189164648955686281875710000000000,8
struts1,2000,12,35023,4761,414,2,35309,30262,6.9960372483744485046690170997410484730574480668436408857297730749413120,0
scribus,2009,12,2260877,2059494,1249,5.,1991851,201383,1.112475062379503108620318578357645883614690686927022295169849418026050480978772422382034188956797411380041310064866816245733804839688269824000,6
Python-Ogre,2011,12,884,172,22,0.,440732,712,1.001618108267970116376599900000000000,5
utorrent-client,2007,12,0,0,0,0,2549,0,1.0,0
valgrind,2013,12,18261,5875,186,7,554688,12386,1.0228396723550209625637333821175889920,11
dibi,2007,12,6618,5810,161,1.,2585,808,1.454698930686994901561979486835703165696307549848170508660712328283311166067675969124187661040800324602992601421912279859200,1
pyglet,2006,12,57165,25897,581,3,60844,30766,2.022873861488178181462513883100,0
blender,2009,12,1004649,947600,3179,17.,789832,57049,1.081292437035000100589650892855877791160760560052289872218209414400017239073612343373871185667172219179405538319024298430388908912328704000000,7
markdownj,2013,12,1480,1841,24,0,5977,-361,0.9396018069300,8
openssh,2002,12,10165,5759,448,5.,35248,4406,1.14285714286246395527983777046652522313713690646239230005993890140447651989259445572933665208001746854045861962286363565355522816000000,3
kolab,2011,12,160789,102090,2045,4.,71052,50540,3.4639235570773841416818975492854827982487743398041851487045557314930314650224226982944969770137482687856138348362662632899520000,9
clisp,2008,12,296218,3048067,3716,2.,1313636,-280822,0.823876201235127634532821420114468347000055053216479871880610567674319399437630034464487823492314810368531463362556463273476200439645717017872384,10
vip,2007,12,62,5,4,0.,373,57,1.180379746800000000000,2
flotr,2013,12,0,0,0,0,23744,0,1.000,5
jackson,2008,12,12392,6893,96,1,15790,5499,1.534350403381890939007667457037300735451093884902499148094668821496632161600000,0
bzflag,2008,12,706800,609347,2502,10.,411755,97453,1.31563520236210558166962412214709285996389738591116238039996007943103785179496039390814548477831596391622915539850813290122546768872000000,8
bcfg2,2011,12,42937,13187,732,7.,54375,28285,2.0841318513793409093978689312535041827030786229721774048604330829045342784015116785013534123710851925433095719201022020882913276948480000,8
subversion,2008,12,101980,48754,3592,24.5,406112,53226,1.150830579839405549896204504456081557645690338988518495091302080874596627475944096538278567119561379337604656410326227169676402075949895000,8
openmeetings,2009,12,1110918,338112,1844,2.5,1140264,772806,3.103113824998548687576893071035320822613086058936592746281295086973477172180607329696540586932581797027981947328927533568709611520000,2
tonatiuh,2012,12,14203,10956,126,1.,32183,3247,1.1122131600818129873371284862652736186261209780732013592473219918315584271531483732861487177129138270476288000,3
dcmtk,2005,12,56278,41532,268,2.,275872,14746,1.0564708225150832331467710114363454982367884784584801017613905537576216656737587719400702335337306099543873533779791197454103120362377440000,10
xine,2006,12,465259,278883,2582,8.,1680788,81368,1.050873441614758914507769392543496732936130267363283530165628165219502473708664985696743835768067366339333462139752558340272682934190328595132442624,5
jdownloader,2011,12,306905,348684,1969,8.,357695,-41779,0.869974137317773137272295338936795998552258434567084540769805622025577326809724904420464585403156327996540476886585884545717890400000000,4
ncmpcpp,2009,12,22999,22299,739,1.,16329,2959,1.23897593280174994608469316029186396458132491326026822109337546458840432937893200513824911437613863905832140705568766049532201057720000,1
freeradius,2007,12,95296,55544,1099,3.,285348,33542,1.1332057218583611725620941907486790524265407982840367978095990481823473603073227388271998756334508560425643195024628372622668779894599081200000,8
gnome-planner,2005,12,16419,10636,144,1.5,87591,5783,1.070689908075798452710947825837491885164411084897899648647242245612431673070769482933369238400000000,1
libusb,2003,12,705,341,43,1.,3335,364,1.12251767082129022292939319169848930241531133475353015889466838126337035572572254400000,3
elinks,2010,12,1583,714,72,0.,121870,778,1.006424867042961371244814871417062836098926401487394247753690493000000000,5
unixodbc,2007,12,52243,29181,283,2.,410000,23062,1.0596012797893188337564084576924589177498228353485977618528413316128682157956210934177351626325499624408559557950441931312369399895690755015673129005056,6
planeshift,2008,12,111096,95560,2155,9.5,791536,15536,1.020241343103354736704377558414900578241459018653475481231014401784683197485224512351434494187473379458297623104041821318580064038276907922584064,7
dune-project,2006,12,101200,65027,2480,8.,118218,36173,1.4408921933279314484347968410637986477230664089373526519451729456023760789647110960770062736281381598121738799267863781052189164918336768,3
jspwiki,2002,12,16278,6799,953,1.,13563,9479,3.3210088149767685651104888039837927414025024792545129534028488096634777462282775456066075569894368862569354345668800917053440000,1
buzztard,2008,12,55932,44808,778,3.,117905,11124,1.104175836525916093164155844841759094945571889621819106667463211824644956917039117414621539329318513128504827933305821571377821534388224000,6
sdl,2002,12,112375,23666,1720,2.5,873067,88709,1.113097590642562803175624539998726108469518465592147096265682933777483695149383812617240638405758645087301559690629731057964197038735987741526521600,3
winscp,2004,12,71582,49107,91,1.,144840,22475,1.2226834971103573785572329118740506333710918948431866739725815143441082194563055810902000000,1
gforge,2002,12,31066,19644,744,2.,66691,11422,1.20666196238916253377057453745711794163104906354079849037684749276806132613968169968580404896381639515169849391122552584323332843414968848000,1
moc,2012,12,4576,1895,178,1.,35036,2681,1.08286199969619499093314276361868162190929563057176684133854614316566411162557186673581797270502181305504327461763481851710844386208983000,8
zenphoto,2013,12,0,0,0,0,183812,0,1.0,6
xmms,2001,12,19101,9744,242,2.5,63097,9357,1.1741161146335248249452466880306182690544296406522916276590715253732267419636190389631117018244452951598265478110507346644892466033820311491706880,2
cel,2009,12,144540,64711,155,2.,499161,79829,1.190372283504388143578475996884545859443234525935846727429614372071268708930574557368155154812600127526743032198322515570811719846200998645626190057040000,8
wicket,2009,12,225681,210320,797,4.5,184758,15361,1.09170746268771935324312428830424276303282846432655965260511738688028556692604297715161268152076330791439775091259043441333177349459979338776576,5
freeradius,2011,12,41117,18616,588,4.,348992,20478,1.0623352429434556001360761161152198639200487291731043165238491209449877122328018692439923998202795966629837565708931935337576064368948012530076400640,12
psutil,2009,12,6677,3570,420,2.,3460,3107,9.8016997169385823973715273313437200371168066048514687695924754165184017277060291950906001818880000,1
velocity,2001,12,62261,30402,1409,4.,57219,31859,2.2562697160117014877693525876973921201579377678541924226423559218144539829066715557746445064742010299009764723497696942624168652800,1
OrangeHRM,2010,12,442068,214847,1104,3.,435093,227221,2.134930346649837738049538596762009303244381305351881232317125828184183917057749906626611713585398396204321830595457771326099197199407848614890860108800,4
swig,2008,12,79246,50202,1054,7.,531663,29044,1.057785320495868394519069478221461056682791188787832992873296436804047124778787468083951572987661054748116710886245975600223113331686400,9
specs,2007,12,10888,7793,75,1.,4805,3095,2.809941520498034715836464545041008912682400,0
PeerGuardian,2006,12,0,0,0,0.,115940,0,1.000000000000,1
libcaca,2004,12,5727,2080,117,0.5,10269,3647,1.5507399577581516415374353745903924243203007013758003906813114701136000000000,1
liferea,2009,12,31927,34394,1720,4.5,90754,-2467,0.9727716215618059745686633773262147288791058939521469169826758955213416493503534970530956571762154984015256303546127811039567834722767019949539328000,6
ldc,2007,12,74962,32480,582,1,169514,42482,1.334419673783569669060864921729035,0
freshmeat_asterisk-java,2008,12,10390,3178,223,1.5,30009,7212,1.3163574154077168095537849989413663891847261070874680016976728327664553119989552083964374321040032631371450880000000,4
xmms,2004,12,8833,7107,143,1.5,82916,1726,1.0212587757117213372367043181164931068064623218055987319858327549321235359627048201708043775500348800000000,5
dcplusplus,2005,12,34316,8593,224,1.,77920,25723,1.4928060999600479406891906370604629743507054609549674436995977994637619155377061652358771846670407832834793213776449094278148303360000,4
apache_zeta_components,2010,12,112877,228629,372,2.,1240722,-115752,0.906185719114474099112263691580727764715390631832560043642418560151845293039333232062604796796288024258663618485072558235181389063040000,5
mapbender,2013,12,217407,12666,362,7,1362366,201827,1.1739079858159621908644660100627912,8
markdownj,2010,12,0,0,0,0.,5977,0,1.000000000000,5
perl,2000,12,1668442,1071593,28025,31.5,1978818,194094,1.1087529500441934267878176443000130878043383907906214223678806526507531943560792184004340453559528426477242977236797743026504586005248000,12
windowmaker,2009,12,19939,27779,155,1.,112264,-7840,0.93015963511666034424121966729394810522799983618279481564247891211516625587656123840000000000,11
MyGUI,2010,12,254101,218401,1236,2.,150482,35700,1.31931735851697789217293598674558249760465355801320240981715867732214865224498601724206642781323700892950690615298463517590734266873842905600,2
ikiwiki,2013,12,2778,268,28,3,44457,453,1.010294518681141295865236336683929300,7
lazarus,2007,12,301139,181615,2574,8.,818710,119524,1.1709473587958494709419275869993804802077594967579844456620599425446233163213742400607605605580561970573934354019054039614471399533537600,7
kdelibs,1998,12,102648,38119,1340,16.5,114830,64529,2.282857199550259720991973296957229421485666630455307209663736317552868943601262527148504072491571366688142972481988291934512860000,1
modx,2013,12,28,28,5,0,408756,0,1.000,8
actiongame,2013,12,0,0,0,0,508657,0,1.000,8
enblend,2004,12,82824,11103,362,2.,74182,71210,42.789906103086817852097353112330684673527663862562500401991341338906602820157849809920000,0
gupnp,2013,12,7490,5561,109,5,65981,1929,1.030121798874390417838991409560471805,7
commons-configuration,2007,12,13280,7928,246,1.5,65146,5352,1.0895073084228380084763151194337136834379552533980152029205240582935973286128805139897961453701014043410087678825985989044747218236546242816000,3
javacc,2008,12,6578,4043,69,1.,32614,2535,1.0842780677561837386044622360929779353208610649234938564286072411206304512985860613833600000000,5
openoffice,2010,12,43304555,41792310,16119,51.5,7624627,13463,1.001771024186629402043614077905840464290174417400616617441704222000633683314970158756522326989026172430000584947111457789124556940609838497930527969239121920000,10
weechat,2004,12,14722,8162,118,1.,28216,6560,1.30291835979624624849647029916524037079696622567558530035780060313638797818361622153326155204338175468420346940569619093536370997938000640000,1
stumpwm,2010,12,435,355,41,1.,14437,92,1.0064133844537553509563610270906641229320024824620080639937275980479121368460298224784155545160522850740492790480000000,7
lazarus,2001,12,108586,82596,440,1.,101679,25990,1.343378826553412887997838607785403013973760552558204909853996024015762964078419724653428223759461338506007329361963881652928950000000,1
anaconda,2003,12,16406,27568,974,3.,66094,-11162,0.8533187905482407050538333136457946852267573824698451291292654881759474176399878716963481938959554688706859844750568138122505825566720000,4
bluecove,2011,12,67,7,5,0.,68146,60,1.000881238433813589375657270000000000,5
php,2006,12,844645,638332,11226,48.5,2013425,188721,1.103425541892513293459131213327538100270581957172967186396623728287773028309948840717578531279925531435224885668224447159585332477356324160000,9
librsvg,2002,12,14976,10290,222,2.,13564,4686,1.528655234671196687101612146216829552190556389539186615773062171430832612622359469458858717790133943803314886720000,1
saxon,2012,12,0,0,0,0.,911648,0,1.000000000000,9
debian,2006,12,26633169,5143805,34527,143.5,36384311,20571196,2.300894605479811549165792304717394199783616800447438966583849513158812480141970869950442105941070515618777527006148002488272486400,10
scite,2010,12,17083,10068,649,1.,98452,4794,1.0512113831610431729245014733242700322852524776463375214344130562428798734260325517698856550654081948978535664475044004448490683973267751274779770880,10
evemon,2013,12,1648,922,17,1,173397,369,1.002132602815573386188914400,7
bricolage,2004,12,58112,21069,1152,3.,107868,31429,1.41116445793657402279414585626315551063266781380489320759663692294696167729273224921032833798860733615962892501416318505844736000,3
FirePHP,2010,12,12639,7142,206,1.,20413,5497,1.36853043713023193135411995162456280856486268528204066704817016825612377901062704565546800000,3
glib,2005,12,23680,7147,477,6.,130394,16533,1.145203361988965696256408525104093931794932969239346459791611648531483710887504546536968248239138107215207281214610699384222229532464563027968,7
compiz,2007,12,334258,178759,6708,16.,134792,34948,1.3500260406172470319989977286393655336320068046331560273751053085028087270835342220416617284276542277071289257386739346718779430539966464000,1
dosbox,2006,12,21642,5878,361,2.,84433,15764,1.22956835790229696340793790329886819220475039978791206337494987577857624255252977613395801786438008976193247312653170631477186237857040896000000,4
swftools,2013,12,1,1,1,0,242204,0,1.000,12
php-fpm,2012,12,0,0,0,0.,94080,0,1.000000000000,3
postgres,2003,12,154036,93563,2012,8.,382397,60473,1.187848684780518531016976307719735429628703822224699678910359600376179168205055502340771898142783874952689496575414623397634965286386214400,7
buildroot,2012,12,14864,10309,1904,20.5,56472,3629,1.06867513199409491121253089622455872362712212719841508576535612269599306054109759516772876150882708062124859816005006019423114486761666205440000,10
claroline,2012,12,45147,26897,1153,3.,463774,18250,1.0409630008700537585648396356627429283714503707518538261973456466804420002584147917257678439802592920085557886998176535133586896946775554147368800000,8
illumos,2008,12,2789304,1378683,3679,138.5,9329128,1410621,1.182586531590582257199490374402196780704960577044301691342592479201114176707818515586404031390476155058807330089867197205445459380816076800,3
groovy_eclipse,2010,12,0,0,0,0.,73314,0,1.000000000000,6
openocd,2011,12,41150,17669,527,11.,134191,23271,1.20979985576449340311230317290284593110194716765544455100162274130395352059504752275487816816272039302227453809890864377428543128080000,5
couchdb-python,2013,12,25,24,5,0,3446,1,1.000290275762000,6
storm,2012,12,2866,940,83,2.,23994,713,1.03062583222634648916606281847661666998967251174472028618403692961643341238498522354561267367435075225019732487776000,6
vuze,2008,12,552811,40816,2298,8.,932334,511995,2.2180525718786416275332059885299161803770963462862914805369878410077359078658237066982211027354693058155319990476270462480198937370787840,5
xcb,2006,12,35412,12300,608,6.,47720,22915,1.92380568438429540769250852093126500159816767550833208603448280433045508383969108286402227934918808073048358001009753365921520000,5
textpattern,2007,12,15596,12758,1120,3.,52280,2838,1.05740059059027393667634031786263773311237832942984589382319324306642446019677003092064308957132597544985010594757861889405810329444824076211987200,3
nsis,2008,12,909551,27054,570,2.,4782884,882497,1.2262588302085818493057755909550403173314059775769436467122755432441486422963759499673462560436697638760301673326084544862011428671435590720000,6
south,2008,12,1684,585,107,2,1587,1099,3.2520491801913860310799102550883060155457059375421600,0
ubiquity-xforms,2013,12,0,0,0,0,226180,0,1.000,5
wings3d,2004,12,46400,21110,830,3.,75152,25290,1.50719987160893202341941855546296727885643447510472121417640628181485868657892367234334234073182336202906024998109184000000,3
gentoo,2001,12,253653,266806,5207,13.5,153792,-13153,0.8783177448484881281179633892147250708938340404932293403670894477521037859554879500633842175560794134652161903242264482764800000,1
scite,2003,12,11020,6024,1099,1.,47986,4996,1.11621307280867857334957338990006340211700370708693881368194898714455019246830759277500543733989009400048006491301708408000000000,3
bmpx,2008,12,462,277,34,0.,140658,185,1.00131699781482191405283475271725452144000000000,3
bash,2012,12,232,61,19,0.,188589,171,1.00090755660286490120660938478487324833736134806425692000000000,16
MediaPortal,2009,12,1198078,2612266,3706,20.,1914206,64028,1.040324419223219529582607965896381682624627776400148838084149432861106467738088558323019770897005007606116096028078499345430000000000000,5
debian,2012,12,25538153,14200516,19768,206.,67996161,7731822,1.128298461886118883971611088435835147288696254737719805923685043962834575310052736056129487463781704788060924804600000,16
giggle,2011,12,741,542,92,2.,24842,199,1.0080920624592553926287467825265612088349427975709620419578458084538738432981600326929877215522868231980266918502698496992000000,4
cargo,2008,12,42097,29641,330,2.,48587,12456,1.3447455094017539127103619981937078295191397379965936898052364096301434319739311483573078945510474710220097025628285370647588775104181120,1
wicketstuff,2007,12,1363717,1008240,2508,14.,560601,355477,2.732985900748267969630068210690739524373618399578130602178787224272347649669335503443924478373976668499780067205754072433152000,1
Errai,2013,12,86753,49776,536,7,425559,35058,1.08977697880428659052945843350522109,4
ekg2,2009,12,12898,1446,158,4.,184308,11452,1.06625167770130908368198419326533840912812286835209725272045167550538580313565310354371885855942544250618675681136481151948938880000,6
fwbuilder,2009,12,177199,125579,1463,3.,544180,51620,1.10479941529807789912472426514781114908968893103287151197680901619510480629008844527725725783773338609024266541464297116159549202679461632000,9
metacity,2010,12,1082,560,48,3.,64057,522,1.008215943967328454725651523194307952976240226790287430732417351131519768492756240347583800919191491306738307155612800000,9
crux,2006,12,95846,50708,1252,5.,86119,29551,1.83015422651489185646023726729913178764515202593249411349328842142947581540341515567394964605200640000,1
konqueror,2004,12,10172,7109,708,20.,63401,3063,1.0507640292932596682944301490324201285630559993132688186118031399565518330038851616376871359706017147430905087639176492396364439216807856000000,7
supervisor,2007,12,16056,19431,246,1.,17081,-3375,0.7985435443987473615075949509172720242746894024212598439607168113930240000000,1
aircrack-ng,2011,12,7512,330,99,2.,60253,7182,1.1353281453550384613159724889205546558475412989305521005249805492020912154800039309675930790848266461360453477626092780554200214274967487657691869839360,4
edje,2006,12,2807,2532,108,3.,19599,275,1.0153605541057046721035755612461734252664606180129347113509450098189598149935804427745148538332264544738116564178209222276469386348083074887680,3
cyberduck,2009,12,74373,67280,1160,1.,89132,7093,1.08645887931065723226781926415399178359082151222820745694233572736450086547006577889600756967694465237534158482462269926349890090559977352192,6
brlcad,1993,12,36835,16853,871,5.,262924,19982,1.082250084382680441413031397837601378556590524195363538865606871266420965709312664551624144317985034724782965316031114170741682543486173440000,9
selenium-ide,2008,12,2444,5167,165,2.,15201,-2723,0.81180454768722719834081100269283989991633528070865631333177055722164141538526474336466456213306658273361920000,2
totem,2005,12,17532,16949,569,4.5,38451,583,1.0155433507382993353496567818347263659983903488490109265844518114791293023906860433728725188866237304523588663892413915608555719802526720,3
kolab,2003,12,6844,11928,192,1.,13597,-5084,0.64524457471952594217662217595711157672505125613157125797345415590680299855714286104025544963150400000000,1
freebsd-ports,2010,12,330528,239439,21667,112.5,1384206,91089,1.070441421774155787204948199770079442183361239204508719132696803369693996499795369496707337255112836328357223061771690751595499987365567452191129600,16
jvcl,2011,12,23066,26239,210,3.,2020255,-3173,0.998427842790185952450597781635930128656714342605631585959111673736457382267066506685358802464155604761809327243185696101519279935474073683882801621364474491939840,9
banshee,2008,12,310673,282929,2255,7.,189483,27744,1.182361950068402631689293885828660422362937750759874289644401507029909250411258616848142066610478074150721772816209217214594911680000,3
tramp,1998,12,272,147,11,2,484,125,1.3481894150,0
dcmtk,1999,12,40754,21012,661,2.,99860,19742,1.2464115429722778954313639701371444687190608532379432189070807063773641868177852379969678194198519280947137437463667419283200000,4
hudson,2011,12,701372,391431,2197,7.,329618,148036,1.955847979658957972216933475865491628435585765084260360929782753488274335168547483659272267813712277539383573597306680670069401344000,5
docbkx-tools,2012,12,1189,61,8,0.,11639,1128,1.107316145001042738980208722740345155000000000,5
libcaca,2007,12,18549,22408,282,1.,40580,-3859,0.8940475536444371160552122951387325778570648292870647325341531188478850115723597545901223200000000,4
django-extensions,2009,12,5786,818,118,2.5,6993,4156,2.46492774080607685924307237108708897196181828092522613408575129247616338050045624309089422861465725225276480220795881615360000,2
request-tracker,2009,12,50028,23177,2026,5.5,384477,22394,1.061847697908097275599147196602604620560110343788060310150169379692527174354783352216686901084460500440983803792269483169642025488171346734716800,11
mevenide2,2011,12,0,0,0,0.,13428,0,1.000000000000,7
gtk,2006,12,82678,23597,1310,13.5,481534,59081,1.1398522439226685532926331466576579237541344813149481144974059461006367667504696758533231235380883891236097441475018127030695243709555663421440,9
AndroMDA,2013,12,2406,2683,12,1,651001,-277,0.9995746823937395137525151530,10
lazarus,2005,12,146358,110783,1627,5.,585347,35575,1.0648057739458552550550984065895814417495773689302191073702290860697520397659292137432622404006522579827382581832963548084948306505728000,5
jvcl,2012,12,28915,13389,286,3.,2030599,15526,1.00770493178167711172188005051935012218837368466126745056697770055377161499396294135940353804105263386328725014560185152838467149594834266467763140008332317163520,10
gwibber,2010,12,51679,44953,890,3.5,12441,1708,1.159895150690629512682959183851220914256633254395170390209627037355615579828268167595619679544565772416368753901752835824010154212864000,3
fvwm,2005,12,6254,4785,119,2.,173854,1469,1.008521623111875204732086416051399778868928161147415191564544795766920302680377625587292375231943756869563850572044000000,7
openarena,2007,12,178006,78315,141,1.5,181036,99691,2.225533222693917040310746756805498030810573823451912733463567361882155365709818778025804635309975848325151873875341523311477506704126829751500800,1
sqlite-ruby,2006,12,0,0,0,0.,6473,0,1.000000000000,2
PPI-perl,2006,12,2315,1594,94,1.5,7929,721,1.100027746949683823491174214382834287716348874367474001078049659875000,0
phonegap,2008,12,29211,15642,168,4.,8156,4484,2.22113289773399720077098072146942866025514,0
gstreamer,2001,12,150268,65769,2084,6.5,137725,84499,2.587551196451933666410393212564221805296213371989822206578328530342388969783201119763754789561130735046955025400724358138012161600,1
html-template,2005,12,1213,76,17,0.,16299,1137,1.0749901068491460149486221215751818000000000,6
gentoo,2011,12,1993176,1710907,62889,197.,6570185,259169,1.04106612944766550079826851360553149851361890206894412765332412128529798678550900452215326998357506490131894800683874543804294322701166773782487040,11
jifty,2006,12,48033,21571,1430,11.,42030,26462,2.699768756307581793560485634696204613672764498610113566000379222975137681601950376108878234277902302714105484835858286459840000,0
compiere,2004,12,183163,78317,983,2.,407883,104846,1.34598415378233260262649846878036697291148389390195025844994531897679144623696549812123467311199706629125567260199683245148024255744000,3
struts2-jquery,2010,12,47720,25237,626,1.,29464,22483,4.220598768128571137056890796063631731299786027489754095590263097512474902443747134184613609138658631877043980616218548452325462016000,1
poedit,2009,12,594,515,67,1.,29524,57,1.001934367258747359646637964777936167236564559165998701826750317728588020899840000000,9
racket,2008,12,1268173,942660,12050,28.,3849773,279549,1.0783001290731508446070052502190401588643603147112332909888965800255278953496665376349643423395240519653344382715237951329050225016012800000,4
jena,2012,12,87955,214261,716,4,543986,-126306,0.7668387756297695679114309668180007319746548351874076632307744410721933915849113600,0
ScrewTurnWiki,2011,12,64528,73032,857,2.,191836,-8039,0.9580200108681112730723496810605371845539139354185969398109156804034880185395388220264543003409859061324451852218707525120000000,2
pysqlite,2012,12,0,0,0,0.,7600,0,1.000000000000,8
dtc,2010,12,21142,8138,825,4.,63730,7553,1.134450041823391793169631324229471514026298237703203257601885298839939680854821954047106841878478448074308262407248912751963010860870717574656000,7
wxglade,2010,12,21,9,4,0.,28783,12,1.0004170866497230953926447130000000000,8
heidisql,2010,12,17159,23314,598,1.,30868,-6155,0.8286040489020753823399947887825433764194180905170054383301606950910711180056274676223341958413069990293272919059463300268485742711600000,3
cargo,2011,12,29042,23812,686,2.,70481,5230,1.0832630188083193460365001735545081739707506040623504876465067435197463514237806656287223207004222413126294069024802310105178026624775344640,4
ode,2009,12,12383,11999,119,2.,90837,384,1.0042952059217167808365266596281436644408337724006761281224661613054745270638106219678434059417900231290623125931669323611053032144896000,3
backuppc,2003,12,9407,4590,41,1.,16450,4817,1.41408063267936904994518802442022900931268494804675430842394392003376398334720000000,1
gramps,2002,12,8562,8223,83,1.,81572,339,1.004173180850248651601770,0
ioquake3,2010,12,938,290,54,1.,258786,648,1.0025102851959478691311492365670533464434342808669537356636957120097172844872362846924371224992330356419858523022786376960000000,5
edje,2003,12,4738,1052,79,2.,8807,3686,1.719781292599844146686828469065946040651994030846720000,0
izpack,2003,12,462097,15845,593,3.5,581957,446252,4.28839762777267323570206639938738129068283424277812447520672626120395075085531208355009902884506829083909237001669847426942566400000,1
aws,2005,12,24721,21102,510,2.,91442,3619,1.04120788403221233912753716763002655300064798343792331238813768251123763295611497926533662251192982065527526541480422216490305680226010288000000,6
unrealircd,2011,12,116758,35829,105,2.,118367,80929,3.161680645314313055692406217244295809869899919649578670294623825135685317000000000,11
yade,2005,12,522813,467456,1527,2,66575,55357,5.9346585840567296236939167615333446088511283748470471685613656870057826045081868995863286766400000,0
metro,2011,12,96160,35916,289,3.5,840433,60244,1.0772171871094373606032314029747979545898335478718435901464903345351127307124456530391410593120132428012940992254752808037358741420711635997832118272000,5
mantis,2010,12,107383,101748,935,6.,188206,5654,1.03173605303304333285461540737693137271960657288655309720778852776689709282499565375901292300165922246292376134187594121207959014400,9
moovida,2010,12,80,52,16,0.,116973,15,1.00012825116708604891369246560000000000,4
nethack,2010,12,0,0,0,0.,207455,0,1.000000000000,25
ko3,2009,12,49887,33419,1824,4.5,15975,12400,4.468531467975995510805420567173797427383406754036813316328809214952927468020218780100959306092543809271514384049444170213752000,0
ibus,2013,12,144,81,7,1,65680,63,1.000960117042889867454993573478939404594,5
linux,2005,12,18056648,7923788,27504,309.5,9117327,4899069,2.16139624501195993396899594114547091456047251503713006908173691176611336522133138232729382847006911111181286160474637922017101824000,3
pyunit,2004,12,0,0,0,0.,1589,0,1.000000000000,4
sqlalchemy,2008,12,114261,69842,1341,6.,72198,16662,1.30341436765671794922582764036713120472162662288312328877178351802255080286689306521068160565597790607174809275996644151308867303803884800,3
gembundler,2010,12,26603,15088,1144,12,12919,10730,6.148752399185385322265028366162854176587202850085690542268609546946629128422435136308891138331189534135688928923494400,0
bash,1999,12,4560,2253,5,0.,89059,2307,1.0265930468500000000000,3
axis2,2007,12,511733,391337,2960,19.,450090,120396,1.36517498044420566499827263139553448213505497530175956440817592537170436081254930088560839615811595109719295608786518848206049509376000,3
bluecloth,2005,12,1535,1451,6,0.,3451,148,1.0448077505300000000000,1
mochikit,2005,12,45921,38680,380,1,19830,7241,1.57518468495959452897490372317622746916709106255117284,0
lunar-linux,2006,12,2525,3220,226,3.,17519,-165,0.990455807490149987474253091910631458583712964046218981455793092267185569306483264557253649311954565076223355844396609567585188000000,4
scummvm,2004,12,240844,323176,4780,12.,440575,-82332,0.7744279326905628861058395423995426139435737674951115613785691587913640810839551275913920306667523245343416689628403641456193707520000,3
Texinfo,2010,12,2846488,1097437,652,2.,1982271,1749051,24.80568107829968628359576925254047790571629218519378168442757416012192574431171947081761632653006276903707953491212280981939200,8
ettercap,2001,12,9526,7304,67,1.,28162,2222,1.0856592135745942473103734358501018431687301520,0
fedora-packages,2007,12,108128,28141,4081,56.,235757,79987,1.51349425436053951143868849068266602722927558769161815683177793799057362272209057857710078933603021824268616011985481949179153600000000,3
tigasexmpp,2006,12,18295,5907,413,1.,15432,12388,5.0696452037914688567650703561241938796658254600111094928996149673865372060106250378551193084000000,1
phd,2009,12,40406,36051,611,3.5,48642,4355,1.103345989616754440833989627410094195644859288028971180230294627840464348248950628823653789550511341636164535552997593337106840887685100800,2
Errai,2011,12,457964,337374,3192,2.,123430,14296,1.1431518235268786498758194316744253174283768068398112237523644157184152359346005180678920859786865676890004301296605129604510690911574080000,2
fusionforge,2004,12,69509,40333,1601,5.5,128867,29176,1.2926643327986035790301728085610398076326914074713517811338596851627656544108034143414777890822278216178960147931013560674782017802240000,3
strace,2009,12,5086,8626,133,2.,69700,-3540,0.94909331454286311362569624100953642885819462487597234137589605214178177035427922829719961398374586033124313398794576605632114688000000,10
merkaartor,2008,12,179408,65436,1176,4.,133224,113972,6.92000831055734323479988568187049626086090076522079031658919127525382364440114721718882416269049815944219416104855027892224000,1
Slick,2007,12,53901,28587,499,2.,44048,25314,2.3512330522718764536869871539398396419646415180155987070338851357640276400678318989908713812142833770928229162049442381462067865575424,1
cia,2010,12,0,0,0,0.,61402,0,1.000000000000,3
e-texteditor,2009,12,83497,33559,1009,3.5,111850,36022,1.480908896692509130582173430067603549411607875784390038130730875844012891288623360,0
arquillian,2001,12,0,0,0,0,2,0,1.00000000000,0
plexus,2013,12,818,351,15,3,480313,442,1.0009210808738070154845998337638212405263,10
gawk,2010,12,22162,11589,82,0,85849,10573,1.1404564535621372906362000,0
systemtap,2009,12,274811,208401,2244,14.,106608,23020,1.275398382532161075051954224006316730741215804504496939508567240193862659574550024643289571278576326679366662529740402496432750789632000,4
matplotlib,2012,12,57865,50515,1710,19.5,369329,9683,1.02692369718875029019081353123247098441613921378849858936153122529709407140521935729647577396308877497501541476900721965252521793795052373475200000,9
py2exe,2002,12,2913,1225,50,1.,5202,1688,1.48036425725242593128396223743610675681333125549085803442625178401783401520683571200000,1
fontmatrix,2007,12,47191,12859,196,2.5,37690,34332,11.2239428227754224200,0
cxf,2012,12,230556,156597,2646,10.,720650,73959,1.11436528419341923668982146294065134233589597291408232169952649268796522348287713614644021288002349218997324737325842734314105096982167552000,7
kamailio,2009,12,14856,4244,343,1.,285357,10612,1.0386249067322076424586036020096380243146139013757540893568622960000000,4
wxmaxima,2006,12,9534,4438,199,1.,18878,5096,1.369757654923375598826237340127332913428370985702756919386628329789709166338729593805828801217782894806891650987157627918598978389096000000,1
boo,2010,12,180077,99319,861,1.,304690,79656,1.353973177431786502978898685250582748950540330923073398709244018326404544518149753206550681583072664218458579460998073982524734484919370068058518732800,6
openmpi,2008,12,378701,279642,2127,18.5,522167,99059,1.2485983887833493346962841445486602700551123344968923181189960414831121060081508742757572807333461215303702134004322210820906298581073408,5
f-spot,2009,12,315590,517640,1052,5.,317178,-102552,0.6356142383465623228389979274922632201074742106083991352586243757746151143805899331663796437838845324672846382517131832647947243700800,6
mpd,2005,12,4235,1835,160,2.,35707,2400,1.07205692496441615263602503306429339004176298174773666551590619870291996299434993700276468872461394746504547043442972517690155673197828440320,1
stellarium,2012,12,167401,69769,1555,7.,885376,20208,1.0233597702865445076393929867492494098639225078227726211326665741413032339530365906115458173709390809126879276676124195637554171349992856350351471411200,10
dozer,2008,12,41536,38398,159,0.,32922,3138,1.10535858179102953549686148705847796762475849500000000,1
milkthecow,2010,12,2590,850,60,0.,5017,1740,1.53097345138760526889257820984811970733320172800000000,2
znc,2005,12,22235,13032,585,2.,23045,9203,1.6648605693907017435846996589140997440416988899788234290587799227121856314999250266998600097928394503273719120768000,1
imagemagick,2012,12,114463,140123,2556,3.,786250,-25660,0.96702447976792145195499088918253464471716129260724368293503949269649837577268975790043684052673964451568629700259162555565266383632736260312000000,3
zsh,2006,12,8082,4865,227,2.,92106,3217,1.036191204761349388191331825404262378029215521783792264625561071473928885129907162963222702290466284154694013009131797468273241171049525346273132544,7
tellico,2007,12,12658,7338,42,0.5,155054,5320,1.0355296726152651966354870382753710988172300896752818663058497137742235936000000,6
heimdal,2005,12,35703,25127,1201,2.,174179,10576,1.0646442913590921346196994797370559034779718282607141585182073044233692517686145188809360122979387954518827124657739511527571292341183685747556352,13
gqview,2006,12,6555,3497,62,0.,67757,3058,1.0472650272758555206927849569797173688766673626000000000,6
stackless,2001,12,395127,489037,5788,19.5,520079,44835,1.0948551625949904566100490910307295307265545844415688843258870075445548095494972589129981147045983664902543930503394184593147168000000,11
libxml2,2001,12,249384,184711,855,2.,220885,64673,1.4140078867134522721316357516813233916341027812127843178556363331558961176290282583498185405857251413277460944557657224421782831874360000,3
parrot,2013,12,1044,381,103,6,283922,447,1.00157709785758639047135480,12
openbox,2007,12,41930,32975,1915,2.,33874,8827,1.36594668537891700197986642099929208288261241780116470612308189232197833621079565236363874719331006292130411716000987129463963648000,5
smplayer,2008,12,1188974,1050590,1704,6.,274424,138384,2.01723022638875018950736933851631231935148107720903626427928707969833685363907573423976803721210861055169481510809828634530872934400,1
kismac,2011,12,39207,18284,59,0.,93342,20923,1.28891589223208948420287172978934000000000,5
ndiswrapper,2007,12,9547,8666,351,1.,24111,881,1.038560861383669613987680020031227086763490904292578774262136380139939185713123806813528338980318083248419574658182870496318889766464134128844800,4
oxideshop,2010,12,82317,83739,316,1.,283707,-1422,0.99488886332778939550695769126221072135250144325308407279847031189465630166937372377388009763535571862072513581817526005120190278854429042450892444413920,1
stepmania,2001,12,2370,763,15,1,5812,1607,1.3821640904,0
apache-ode,2009,12,27462,10472,210,3.5,136471,16990,1.142198341162372212097423631993910208045950057107962127754394798680396449448553237992224216961279819646573156410324270007451474071645465036800,2
joram,2009,12,55381,48333,769,2.5,149318,7048,1.0495396077854353065901971637543054374906750393447524017864405386226445709816421052803692115189934781475090218880320979423557354977536320000,9
kerberos,2013,12,5321,6785,125,5,379202,-1464,0.9961483009379530868556908774761935708,26
owa,2010,12,74952,77262,1082,1.,75441,-2310,0.96238765138212976733786544838940112982911260047004848560453360775338957522002079492359061709452875746306413253355928912936716889676800,4
dovecot,2002,12,30227,19344,832,1.,34578,10883,1.459295210012918984429495324343470329036800,0
cakephp,2006,12,136281,102018,4941,3.5,65046,34263,2.1654081632029112813215612345568550621034743707230345510441860382344655161755063608295320489420947450071166046995618490625472000,1
ubercart,2010,12,59292,45812,843,2.,104889,13480,1.147469067590348047095245699656270722213564657155996224009641515201480441100628924397904106745641848796662498202861327319074311665794042683000,3
awstats,2006,12,23001,21309,68,1.,33934,1692,1.05247813411273862897195692504483876992271712358881114615500805590504181231947337612146122489469017358298590497024099507377915254864000,6
atomikframework,2009,12,40151,38277,196,1.,19378,1874,1.107085714327870633451358041940938803901443164753102988593911940051702691612781367091200000,2
emf_compare,2007,12,88437,174115,524,2.,150856,-85678,0.4218407325228989458164047062015976769164720123711691434373538037807332934685299610624,0
specs,2012,12,7,8,2,0.,22929,-1,0.9999563890100300000000000,5
lame,2011,12,21683,30221,112,1.,124786,-8538,0.9315755730136042061246261721149752986104574569232136098047905472261896929914629125247590149925350400000000,12
launchy,2013,12,0,0,0,0,40619,0,1.000,8
HtmlUnit,2010,12,129550,96696,872,3.,600193,32854,1.05790893980194815313929279527116096314194804313929141640752862391390919458709336241542437338015487235259124264817146069185333462474322769626890240,8
amavisd-new,2003,12,2215,3601,134,1.,7940,-1386,0.848524590111434848019369867692128126446696051816216997366803776453975337559832402870167009892123444534923745090064545345920000,2
ubuntu-unity,2011,12,1040299,563247,6167,21.5,79829,41804,2.0993819854916661470017936537804909656696204873270035512682349966250271183795705906550345163751717331799892757086705664052277472000,2
freshmeat_aspectj,2009,12,28723,15756,864,1.,642773,12967,1.02058887974992581291020639056030884618919214924184690916158279131420350211519658195544870355088349449602186196879219494123791735708730536170720000000,6
openbox,2013,12,0,0,0,0,44490,0,1.000,11
morphia,2011,12,3936,1527,110,1.,19390,2409,1.14186443672925957056653375038205470766203940101498270852215942041456088726270649590126762056050534478462737835066176000,1
Tvalue,2003,12,289479,161393,441,3.,149061,128086,7.106603099369800358965902475278348973911306309983407562515189540906985711565630292822289409394101325270840535731891897880411520,1
squirrelmail,2001,12,34735,14802,1823,6.5,30196,19933,2.942219623712905850314016275932413199327464313270288765186655657697880192855953017578893028510127270863043092779575248623954880000,2
pypy,2010,12,1773586,1279655,7164,12.5,533145,48500,1.1000732494928594999462192529608238811155674315351019043656176279626268384282364220207220177763386418988993280065599814791579480000,7
rpm,2010,12,16509,19711,1078,4.5,64247,-3203,0.9506357401543450278218687693858216243960966258235343351441900175759530961562705672441559890844600348418956517156855684663329320887384363973360000,15
scalacheck,2010,12,879,760,53,1.,2359,119,1.05312500000352163564517172063709434246478592676234951505035118080483426527658086400000000,3
apache_zeta_components,2007,12,283068,136074,3884,7.5,566780,146994,1.35016413126280872700467849461759957542875568611294268754201815516145515997535978695497513066552858629520538921836537488864012775296000,2
uClibc,2004,12,28475,22921,533,3.,157467,5554,1.0365603996966833313325564268392297240979487555621953716577382206718758684459472211578314418957997849548664994184892084274406689071444048038320256000,4
reactos,1997,12,0,0,0,0.,30263,0,1.000000000000,1
roxterm,2012,12,3360,3845,122,1.,26357,-395,0.985010625377727106588251569653164726155686094982258572694127434154823092548582625633843200000,2
tiddlywiki,2008,12,2137383,1489256,5836,11.,1297114,648127,2.3455998372965347779756933105863319395223664682357020018214231022711692687980116067455929668810640575129494046374713400735864576000,2
reviewboard,2010,12,60568,31480,711,2.,52321,13909,1.362100385237468022929807812482377046681628675179121616396159583687385621842173357400775680000,4
ddd,2004,12,8828,67568,213,1.,176925,-58740,0.6704166082822972273684309025641519612837903186394277710619455155269079956401597130592921718097096831615571200000,9
cvs,2004,12,108266,61090,1414,3.,189882,47176,1.33058175549275013205927970546161886373607996076310741983218354661581477360828060498793138168763160319180436544399889258111390111603097600,9
taskjuggler,2006,12,7191,2002,153,1.,88175,5189,1.062528619282541216197254517136056602168889676269870118467169892253235613754680569978089491355009490160462686502086696400000,5
httplib2,2007,12,1117,571,45,1.,3847,546,1.1654044229113639094882453308582857463470410550713697848866477941674770831311443987212246283520000,1
ubuntu,2005,12,334625,393757,3078,20.,298340,38899,1.1499338963241528255116453302868506040946298237653327993026148707927401705665022179078980640633165719487723612900473809491267509910176382676992,9
gzip,1997,12,0,0,0,0.,5981,0,1.000000000000,4
tango,2007,12,233,108,41,0.5,3338,125,1.039531941813625712631816323074331651808517319653300983422851554732682272000000,2
neverball,2012,12,1170,923,76,1.,44388,247,1.00559583144568611108369316726033022393853620438066844337364051675164842272288378737763632087149113596523796398232000000,9
pkgsrc,2012,12,146962,83923,10653,49.,914214,63039,1.07406115075652653189166310974642615889899564044620510624827194084601204392274741124951150333884688648349317008293651273555543211049737281536000,15
pypy,2013,12,6830689,6833576,2632,19,962796,20664,1.021933232289001278483210518224292083,10
mylyn,2007,12,152720,136422,3163,4.,138686,16298,1.133166650317267483482329372917897426719219278641560382635311943914222065255059313906718272848621111758891154029661604610107937955840,2
levent,2013,12,2706,1844,70,5,103346,478,1.00464673173425270969261609107070840304,11
gobject-introspection,2011,12,21008,9739,481,8.,54837,8814,1.191512939211064469097302490941091039035899218891367084586937481974567928668066092435573833429389150422071290356321730581587309768195600084800,6
punbb,2008,12,88088,73821,639,4.,29489,14267,1.9372618579383024975719928179712772783111310969721422806794403043328,0
fretsonfire,2010,12,0,0,0,0.,18978,0,1.000000000000,3
mangos,2010,12,319684,257670,4405,34.,3237924,16493,1.0051785115441891237068823363591762088814436677550547581328701157702067145118205176548389626787496383250417547177200605172787098258219319979920295024000,5
trac-hacks,2006,12,359583,173882,2215,15.5,218837,185701,6.6042069050762851913184324466535765101219595765177366303472368708643648499042070030772660749799570737841968561428581301094400,2
netty,2008,12,17695,8584,437,1.,27178,9111,1.50428958871076263310334658141228501296320,0
shift,2009,12,15,2,2,0.,27784,13,1.000468114219900000000000,1
eucalyptus,2011,12,6774268,4761092,44008,12.5,782392,226480,1.426750680185760821803712287889518279260526577654447714464520869782931056320010176533421850871840809945503055125464566529591848291532800,2
fretsonfire,2013,12,0,0,0,0,18978,0,1.000,6
subversion,2004,12,407944,321298,2580,24.,284240,86646,1.438505217740003119219373304501332397073883061517994854339379630393185042628688381759832090408120751031976963014120132705905729568768000,4
serendipity,2008,12,158015,19288,863,6.,584138,138727,1.3114584058781743350866522318931540489589024414163516027281115122383008906669986185127127968702126670216781216027318293520331219295293056000,5
piwigo,2010,12,631288,279208,6685,17.5,750195,352080,1.88436758239012381252110200486346228390996816336870202493473454597981786297920019169299958799467231884044530302054703845045250000000,7
elgg,2009,12,74564,41325,2383,4.,60546,33239,2.2172336757190475990346335711644355552778515115427885897841456867456724668309510433864745420829804738024790646669788267754377204203520,1
drizzle,2012,12,706164,434354,777,8.,507038,13918,1.03020772968238295491787010352041678798531136722351761100286012360647835662382668406636900586019408963590059019261347513407792950323200000,4
phpids,2012,12,147,12026,38,0.,100324,-11879,0.881645544375250641945920000000000,5
libusb,2000,12,370,42,8,0.,1177,328,1.3863368668633534154888364881185560000000,0
commons-dbcp,2009,12,6794,2102,252,3.,20035,4692,1.3058072085062592511073994235685152810902744228809161662339504085439202197186812101695760000000,2
cel,2004,12,244573,198105,485,5.,209970,46468,1.300080076467191151300499679613025911180509716402156426752445010055877264623486563984193340013020300527675842783011296700219690153927592688000,3
ruby,2004,12,140271,50722,1826,17.5,345225,89549,1.3502440589028994508654205902704668614666194872293299472025293241788711186136846100952172176881590099798234262027382933427916218369600000,6
eog,1999,12,3453,631,55,6,7531,2822,1.5992779783265604774387728870858,0
cscope,2012,12,2646,1300,24,1.,30809,1346,1.045684417742297712540611839538867905823550522215773073398517590122419328000000000,12
smolder,2009,12,9564,13404,90,0.,13606,-3840,0.71783378645420689289911856056151862000000000,3
EasyCreator,2010,12,128986,27793,596,1.,141842,101193,3.48943393442581311347671861975626920668463787107784953604667941361560597229267355358950388397352068616076312003453177600000,2
cdo,2012,12,2008258,1560536,1582,3.,3847012,443303,1.130241157520356031361935605447171954302253620133226521082917551608522359938349982448635481182801636127437711011425140284704931857152607020236800,6
clearos,2013,12,937014,334700,996,5,4745978,602314,1.145357828239617649421229825321192,3
rpm,2013,12,1316,1199,125,3,61846,117,1.001902593707261119667155247327135421,18
libtheora,2005,12,5020,2360,111,3.,36253,2660,1.0791831631565937884145266545158056952509158416404273166686378033966837572330749099694763110322749069187184291846257938226408842466226000000,3
geeqie,2002,12,0,0,0,0.,11111,0,1.000000000000,2
pushbuttonengine,2013,12,0,0,0,0,36677,0,1.000,4
miranda,2004,12,216784,31711,383,1.,220138,185073,6.277998004071803490274607996383331017551536891178658213605593932800000000,3
metasploit,2013,12,327298,124395,1295,32,839612,10983,1.013255815632846305940758652757687556,7
sylpheed,2007,12,7813,2821,233,1.,116028,4992,1.04495839187281896298082740429886392354095590126106558433141490736603186930992731429196444450117850557862801189518245902940823580413450293966158660000,2
mochikit,2007,12,16805,17866,99,2.,35133,-1061,0.9694342014278138370051275427131603509901115927103685595534356043806044716075966479288847041656741186783067068623287901127227577948078080,2
konsole,2006,12,17131,15391,396,8.,25961,2198,1.09249673862181554981217872420065788230664823801979028743862253502109177544291723337615840903518114150785345128512269338684417069069765701664000,8
taglib,2004,12,3647,1278,151,2.,9588,2369,1.328343728381038832505885989613304633360599663882411873799321264862901385541232975551660995051375065083997286659585024,0
MacPorts,2007,12,527695,338780,2409,17.,919151,188915,1.260943132983838367646091214248689501173536675698656881239040010316326583105750277575717213358870044871064747213978772470988133058893036800000,5
jforum,2003,12,0,0,0,0.,5,0,1.000000,0
apache-rampart,2013,12,8611,15803,26,2,48533,-7192,0.8516624040712559046533762950649999217,6
EveHQ,2009,12,380100,188561,1302,2.,196808,80327,1.6896146152192685887478083582895983335701785562478377694839590932274584655418261173088227250622201226928131914072322040795748038400,1
PyPi,2007,12,1225,448,101,1.,5223,777,1.1747638326416016628580437940010273472865011035255451645617288190651040671859223600000000,5
libreoffice,2003,12,1736729,251784,13836,18.,876012,802360,11.89393363320181171506808785363303830314995749141176850471368444554654629755845584660246519867425078333711648478561268782349312000,3
noosfero,2010,12,117484,39607,2181,6.,272893,70349,1.3473270004803055148684596295893135320638732104438587155348097143457497513906028027878198064133308616150344459521121298918171588657614288000,3
typo3,2007,12,44568,21682,1176,9.5,204848,22886,1.1257735131496548216354170084637983418495856453962839456839907647604770844545124030543659056248688451237241394126861681777150070985406231027686400,4
tikiwiki,2009,12,967356,863884,7485,23.,845130,103472,1.1395144392815738566525985608046249400768036033485524534787842552402523149975883619490385986673376256199659478531951063275443818955264000,7
django-extensions,2008,12,4645,1969,106,2.,2837,2676,17.621118012064063271284164744296027279424610956686113925082880132029849369947194416024502121048593145948702031696381743919318240,1
mylyn,2011,12,195832,140986,1908,9.,331427,45163,1.1577669563760096986201046636006329933472380348844440557076045164346992405330949638973220868004852836760768141622309833642940493157068800,6
ruby-on-rails-tmbundle,2009,12,1209,405,45,1.,15210,565,1.0385797200391307896543419511648226323960444558568211034160400000000,2
clamwin,2008,12,937900,1028497,1196,2.,442305,-90597,0.8192899414495517406246052145021093715456892611335134922041120993065036210666165172268567222385301978875475302357635260869368583075900000,3
chatzilla,2009,12,3338,1279,105,2.,31885,2059,1.0690337289657724653648593595870928273930414277150262568123986181400755386335785551383574641573850223787212800000,10
zookeeper,2010,12,50619,10564,279,3.5,131526,40055,1.43789835027913222602931282035332676776284300197552734971996754386719967137953213862013826183265812703477740775311422549430999880257880000,3
forms,2006,12,5249,4793,59,1.,12118,456,1.039165163616163131688023417505569213185049063897787471876634180359456108623124348261200000,3
system_data_sqlite,2005,12,24211,15687,151,1,48661,8524,1.212372623745849949978219481845282125664448984183999500612950970808485068024217500000,0
pmd,2012,12,19466,56094,236,3.,201221,-17317,0.91258720079430922118825892791060343348054169438081530764186714208010693335288258604802800969308559157508116546192548575366786427161600,10
fluidsynth,2009,12,25050,21278,268,2.,66254,3772,1.06068211068415354755909414505024486973340041969651671249626634848294910377738945004505884871337806590246927031349948638231853024444299673600,6
drupal-ecommerce,2007,12,48246,42695,2185,3.,26695,5551,1.26253310633228065178031183056641698090211228939374981248229753392039697648730753628404283927972032775738106194163689492383987541606400,3
dolphin,2009,12,26344,22628,661,9.5,32189,3716,1.1305096055958151884231176118371918048402661496843652057581022637181481576231473226084116901880626957761733513015166448727450970572088384000,8
dwr,2007,12,321945,162128,544,1.5,207352,159817,7.5633264889949355420190609984401831157398044796878442437137881931570977186438205378108513394573108777788384528033490663925045988800,3
synaptic,2008,12,5486,2945,239,1.,114778,590,1.005166917714273982438053396590609541407889248646813844980757693406622649671559678226091114395165207581440000,5
xemacs,2007,12,2268405,1894901,1784,5.5,468144,371918,4.86504686908818646880580966207718500825669468505590885062899027671398543338152935240419330778079485890566037256526480762987441943305218176678674432,6
fluxbox,2012,12,2155,2456,48,1.5,52651,-301,0.994248920478919802060841697163115820965688475954535827105918701951989753786342122264010000000,10
foresight-linux,2011,12,3398,20576,76,3.,77288,-17178,0.772283790202425753895913796488587220650842257192906575219713525261715924456643515396327345410223147598340132449240045549526712320000,6
exaile,2013,12,0,0,0,0,58351,0,1.000,7
oro,2004,12,4402,839,57,1.,33691,3563,1.1182620818136087808565051230165286931691280420432409771898327787172869783617782057960000000,4
apache-james,2011,12,788340,547729,2446,5.5,3544577,240611,1.075630444922130641595712096067091876864264076612591745034543343148743142063247311657943963913345784396505279563077811447941957297185442800000,12
groff,2004,12,20950,9956,131,1.,124869,10994,1.0965444566398902473218004952391115532219856551030065220496152388141036301692241169893733440833187190706253608357990697305586541898372938097152000,4
sinatra,2012,12,13187,7956,404,5.,46466,3845,1.0902137444064495762928692999405258574209065028298725526959545235367896358428647789115691304366088314241370630155732817100262835200000,5
chatzilla,1999,12,1714,497,37,2,8807,1217,1.1603425559950959057331616289929520,0
cdt,2005,12,232791,110137,1848,9.,474272,122654,1.348827420673866917093191431194391834428839086047912652532263823672710255844061463342981737980183289712763275211606521462778849312914124800,3
picard,2008,12,8772,3408,352,2.,26944,2476,1.101193395462449892797731605882123964430059821216948903318646835384854375937958105601809754255671711456228770885131012557264494757232889952000,2
netsurf,2002,12,7372,1584,93,1.,6800,5788,6.719367589489556513672298674122267021182862451081582013847175908721280000,0
haml,2007,12,13811,5067,499,1.,4912,2716,2.23679417124940080540217885002415905559954061099458484279925772244055943507130324621071281933242315775940001857536000000,1
sbcl,2013,12,10755,9757,54,3,387414,998,1.00258270879019120043338587079318446098,13
xmms2,2010,12,10206,29684,230,3.5,93506,-19478,0.827603908511310295523788388183676247662317839579858832328077347551441670926034420492105822511832471449967635143587751537652668946534400,7
perl-ldap,2011,12,397,170,33,0.,13907,52,1.003753157705292217588510275491662168591733266908797900000000,11
emf_compare,2011,12,1239657,559800,514,2.,1075429,618091,5.39537629066670782788318583226566427518900239133443682023293810838247722744536792000206251674734950394815417479440828416000000,4
jenkins,2006,12,265612,60454,1966,1.5,211105,205158,35.4977299461136772171267691106050747175867551791511125886634803885801030893450200351488988131490945997118998441968857600000,2
keepass,2006,12,128,34,10,0,1235,94,1.0823838737973412160481300000,0
jmeter,2003,12,75191,34696,928,3.5,82657,40495,1.9604620274825203293605783054032041701231546453636292739666186121870842007355345959650946203389763120001033698259428335448394321664000,5
vidalia,2007,12,230778,211569,587,4.,68827,19209,1.387137732275549126235511453679368955193479248584511626313225086572175291893263336775978773582025179902423090904928968757528808652800,1
avidemux,2011,12,22223,10196,123,2.,9883623,7604,1.00077000075448783075325176269295728166968817710790895699684434172638622058287953432626260042479323898215499171622211040746277334451581153403344550606659942555409411393689457600,7
curl,2004,12,33563,20647,2124,1.5,66528,12916,1.2409162127734379971403346204660847096460538347828113430420803441962074119029359827547641337603419717918930376114489085779127647232,4
objectify-appengine,2009,12,11157,578,40,3,11292,10579,15.83730715,0
pandoc,2008,12,13673,16346,307,1.,20521,-2673,0.86918220525202080046932773241822799106859353365055573563037785741617760003629658328514800813383028951981146035750000000000,2
keychain,2002,12,520,427,8,0.,589,93,1.303921568548070841240000000000,1
unicorn,2008,12,5419,23691,101,1.,14806,-8572,0.41359967163341896263623976564320951068964855370174229931006142350518181695693474128837164040000000,2
qcad,2004,12,0,0,0,0.,131333,0,1.000000000000,4
propel,2012,12,29261,12103,794,8.,384024,4128,1.010866131782441120580269698330523208737211782937514599924749336581269166761991455418313910392020180152292138016653121713917219320685171134676646400000,7
findutils,2007,12,5413,4571,238,1.,16730,842,1.0530193312720066117561212238574961506448579220581529778432203911270562498667821598014286090366051086292766590994432000,11
egroupware,2009,12,53580,41869,2729,6.,690185,11711,1.01738759899448437914905845897522916947452265861563280169155179875389734760933748844766420437635116763861412191425958705913679938162375883693992000,9
sequel-pro,2010,12,206292,100639,2070,5.,232745,105653,1.83131117617234434774290767882008621376596100190544712318401560885669632911060399144291471524441468836611983504433101652094222848000,2
connectbot,2003,12,0,0,0,0.,2,0,1.000000000000,2
evince,1999,12,26117,5216,98,1.,57412,20901,1.572457615477692072072122900579929041974156816189905815225754492689037268934851448259200,0
apache-click,2005,12,21720,13823,363,1.,12207,7897,2.83225058007003090946173333829762099999686477034217354096097131912660670167288178817482971029404975864071260900280620334564793600,0
libtheora,2013,12,7,3,4,1,68331,4,1.00005854201121561420673461840,11
CanooWebTest,2004,12,100711,68203,1097,3.,122666,32508,1.543412122572282201060860214946613667146237782468566639211056674813103080279602994258012106464638634877007002364136775475200,3
jabref,2007,12,82273,42615,423,5.,109316,39658,1.56932441364204521622525848758141094170449542455677025986433522147952528694930455466015746756084965355995722940150792051581899325542400000,4
lm-sensors,1999,12,24838,19272,538,3.,22112,5566,1.33639550333491037094498355200805020788516491145002757239173899962012767741943334577576110409496626018924239981449453406330057879040,1
phpunit,2006,12,9374,10306,459,1.,14084,-1396,0.899582793806944312369763369419079901427716000,0
znc,2008,12,9396,8972,421,2.,29920,424,1.01462522851647440748100963925482047280117696506569408336667533097942411456552317083735140228376193821253348201656951648891530656506413057792000,4
eclipse-scala-plugin,2012,12,67785,20521,840,6.,47151,19937,1.7326008672582280259610945992447106109038398948931638243733326703857497142926519156294558960885837916878826836126213266876200893808640,4
qbittorrent,2013,12,31533,23380,178,5,284884,5244,1.018752682019141077534317760135653096,7
puremvc,2009,12,0,0,0,0.,11907,0,1.000000000000,2
OrangeHRM,2009,12,30149,20022,1287,3.,200207,10127,1.0532775673424967054741624394057307962235679695590216354222113074454595038051120604620427601091236064796633634896185720789190390423520732042156354784,3
scim,2003,12,105529,22251,446,1.,116975,83278,3.4817618310763874914761460943068390957339078629981450524599267548807343491361099706300673639470257466410353057622789816889558027520000,1
fluidsynth,2007,12,7918,4886,38,0.,61462,3032,1.051932036170871387304311511955580104000000000,4
scite,2004,12,36944,4918,741,1.,80012,32026,1.66740299256410468815600485957673758028604578085472809694288266876646660285395715300243259634227448644422708068056858839721641271338330592687500000,4
watin,2007,12,285546,35303,342,1.,507978,250243,1.970931382944997079304093685728161397210942596108068258843993458976497477008181039163343002194621108089130218765209317615960844803121152000,1
rvm,2009,12,69186,39357,1034,5.,16579,13266,5.00422577717935621212148537201819623058542,0
mixxx,2006,12,72168,16510,862,2.,1067229,55658,1.05502134798586130732331861639957946671151922724835407092672440492030587312176750845732720442282445559565733178926748269992640000,4
unknown-horizons,2010,12,35509,19262,638,4.5,26610,9774,1.5805416963869514511137878111396571628605318833903495792297705773926668994034870678967568853622883525800388024238080000000,3
automake,2007,12,2681,713,110,1.,45953,1968,1.044742525861010747773673388766622717317792969707520864390119998602865672177570688000000000,15
nevow,2005,12,5815,4960,82,5.5,28901,855,1.03048563074988424388280,0
sauerbraten,2009,12,46861,23846,1260,2.5,210680,23015,1.12263874456888313678669957591617698489349638421792478600916208510496578277928068000133736523369062123423627478457700846778824912980564978033555675360,5
plone,2009,12,860883,802991,4191,28.,295348,53975,1.22361656025842671316537459840505558509082038986928450568276593315314024608311594011379084139845431136715328909995612472831091813704395600000,7
ies4linux,2007,12,594,447,6,1,4622,147,1.03284916201,0
qvm86,2010,12,0,0,0,0.,2416,0,1.000000000000,5
fest,2008,12,135517,91811,1269,2.,83577,43706,2.15288842006580718567811093307743524012441232152711851703301830991438332465917763645201684908720892234397980508842093527771406336000,1
supertux,2006,12,108759,65492,906,4.,91925,43267,1.8892062969485430816016699796789595644829098455929869236050864918251643812453402323186828428090466410921082905375261623028211325496000,3
rmagick,2012,12,0,0,0,0.,56606,0,1.000000000000,9
pentadactyl,2009,12,60010,39526,1150,5.5,40462,20484,2.02712731283245056027475539854435518134395708148392287094089891159732681990353652472927940746561192638502847100192144561399432489224848841600,2
textmate_bundles,2006,12,377676,158053,4293,22.5,325351,219623,3.07724538434175010506474135209746910508527511175442310790235294494179334616440719517122150506007985878969430699216701456576000000,2
freecol,2007,12,66745,46675,1478,4.5,72476,20070,1.3829714154835007479563099493344364224236916289970699461200296752883370527405658364904997604666148104214662213733545880325777359678712312,3
findbugs,2007,12,64137,23261,1944,3.,176587,40876,1.3011988711321045095086181286937600779175763476845338317600307708629611255834764408423327668103232238335185282709852063026482163777600000,4
gdb,2004,12,241702,235726,3453,33.,1497886,5976,1.0041780597312892969476495990821972439792896648851421924736875197705388159473644234739763026289814354283598314984421160804766847395601433231360,5
gqview,2010,12,0,0,0,0.,67757,0,1.000000000000,10
xchm,2005,12,1392,878,42,1.,19381,514,1.0272621194479427900408477856489631008175404619174988680888769840026047458094579690000000,2
qbittorrent,2011,12,197697,152042,614,1.,254111,45391,1.2174731697857850638773096038093559271550752484176085943490691018094328015896318879206972133782885149906235196552181458938672787996477992591360,5
eclipse,2004,12,948357,611446,17186,49.,1457943,336911,1.300536469987259226360657078730466015111747635321141733156743161521682976670811217783873670340704569550845010876620591386176688877440,3
iolanguage,2007,12,40038,24378,358,3,158196,6035,1.03966193703104772444645911381093617243225717906880530393263387302400000,0
itext,2003,12,19780,8221,161,1.,72514,11559,1.189631695508638513306424168589636275384834280208896431926987312867574950333881164254147873457256250827259963903745415648281325774000,2
mldonkey,2012,12,411,145,27,0.5,225943,266,1.0011786757179496960142666921943585895448000000000,10
remind,2005,12,4204,5873,27,0.5,21678,-1669,0.923009502722822595631002864360005715805119497725006833471724800000000,9
zookeeper,2008,12,161623,124686,347,4.,54344,36937,3.121962428908540672469561692069184893583595980705903480844392177728289128975542167606509842389120386909019916299966923075174485504,1
sysresccd,2005,12,14935,6593,91,1.,33784,8342,1.3278830280639943442369036513450222727170633655328271394811743217742032332846981721017499530240000,2
egroupware,2013,12,24330,7515,974,4,771083,16815,1.02229313719114702255009808352265080,13
gqview,2000,12,2,1,2,0.,11111,1,1.000090009000900000000,0
ndoc,2003,12,29714,8594,358,2.,49107,21120,1.75463608110838974063174204670477483120518407036286429479798991941056203965573368380714317507487764882290223409709576031835709440,2
geeklog,2010,12,48633,26737,762,2.5,295898,20526,1.0745391688385556977829221099662152042144012890250068837224328552427929730886715987522254853182283903140875282854056465271484955774705042073855490124677120,9
gobo-eiffel,2002,12,512393,350418,871,4.,519642,161975,1.45286537474339017448290918628511248636090637272352659221213043562593525452542660038877647473698934930299047719933501891994725209381600000,5
shutter,2008,12,63289,53935,282,1.,10450,9354,9.534671532769223985483438378641242836958287187611623442978550408614696000,0
perl-xml-simple,2011,12,0,0,0,0.,4350,0,1.000000000000,9
mahout,2012,12,27085,27693,257,4.,128102,-608,0.9950807469519764896027591322119953650411224938285022957914358420531814761668464478750090534853425054494545195620005922420731507816387815680000,4
tigasexmpp,2007,12,29174,18861,666,1.5,25833,10313,1.6682866771013643891757439692851098091655017869796206858936110252602485434666350495776760324100387713375112378793794905678451891662336,2
junit,2001,12,4031,2575,40,1.,7338,1456,1.247534852063881497525604522240651704375113316048218688343638851455344000000,0
prebuild,2010,12,531,30,11,0.,13355,501,1.038976194180095010433200000000000,4
phpunit,2008,12,29568,16605,1562,1.5,31894,9027,1.394761009245000520351950521034968378395422455070125492167145813745160625927051963985380415767267963400640556922216942511067200062000,2
forms,2005,12,192,175,18,1.,11643,17,1.001462239807361853435663866560623811555814677297840680312766003200000000,2
tuxracer,2007,12,0,0,0,0.,27025,0,1.000000000000,7
pyglet,2013,12,58,11,7,1,376043,47,1.00012500132979849629962083000,7
CodeIgniter,2008,12,71314,59745,1379,3.,39069,11569,1.42069090911226078852015166632779317989230262925468639080410617766266730473358635898435092814851522019595472528913315435338238772898059241472,2
fail2ban,2004,12,78,9,5,0.5,523,69,1.15198237890,0
L2J-Archid,2009,12,2717482,2754395,1181,3,650516,-36913,0.9392616555129710178337384951613781556756475169191333150356474672655109050202240000000,1
brlcad,1987,12,19485,2309,155,2.5,79991,17176,1.273437873117011721302092704196538202803782814372562093574378586500371599444371875622841309470058440568936434022657555114329629631709010000,3
padre,2012,12,101709,153607,1640,4.5,310772,-51898,0.824929159313580626711904171292093037411201649648510136137949202632637060576943953670243974942431409510988807188089167889568602983519776640000,4
lisppaste,2004,12,4129,1352,136,1.,3106,2777,9.44072948316221036992699873741688973967896224258718574830233971767695609055945045560356610491728610714337340273868800,1
numpy,2011,12,175112,102731,1377,7.5,229464,39320,1.206790642891934201621734789378224570879145052150574471283317959021670234890092729251556472379817699492830106870362060604359032832000,9
gimp,2012,12,78614,101314,1724,8.5,749767,-22700,0.9697048963254731961963724277599192931226798517833540763177414312090406508774133667334960708624362862822932363018398479696193216961154565519548713040000,15
stonesoup,2011,12,303969,217840,6746,15.5,323146,25674,1.086307282695686774898126858517077657872381582908964717459582832985067455217699919514291462309568902254369295282348339200000,6
emforge,2007,12,360239,398071,799,3.,126862,-37832,0.4539812662853703901604728778549153802601138572516990097527031747351011423661630163474316209228274768341017847616647520160725750000,1
elbe,2012,12,15080,10932,277,1.,271681,4148,1.01550474524426594027831773471316449736810337221419089763056767713888743567791892734335658320568127467384963894515200000,6
performous,2010,12,33207,31419,916,5.,25586,3221,1.1572753906229591327882505280288442634900819927135535679172749492630192376597290467055395466081632577095749935634462488371200000000000,4
commons-email,2006,12,1276,696,62,1.,11308,580,1.054064131243214794413864542578504109078357253600000000,2
mathnet,2011,12,98782,143856,205,1.5,187696,-45083,0.80632037494422316036486839248948718198627364361915964626263673893327162189562894598147530154816137649444579430089216000000,2
netbsd,2008,12,8399311,463329,10647,71.5,16445605,7935982,1.932589140578362353066562252278168049229117518488500235871699956048837033020998432029213596667698206273524277224872615991526144839031771200000,22
emacs,2009,12,216419,113892,3863,26.,1551950,102527,1.070736424071034654650854240175236511658620600850284015250445184726986647996998519504930221792553578127965438105976391274718194254266615246328320000,24
chemistry,2010,12,192864,155584,543,5.5,80460,37280,1.8633626679062268160951531256635786142932959524942052767601230249226433400045158356365844447331493992808438400,0
openarena,2009,12,23,34,4,0.,181571,-11,0.999939421308251037969646952305253019454894882390591548000000000,3
adblock-plus,2007,12,2409,2095,153,1.,10130,314,1.0319885900602256554159869327151764665581900141776378799194824012219362737103559712812154835266240000,1
asdf,2007,12,247,50,14,1.,1816,197,1.12168004942491919268516430175626510784509873937795553336481437771536720346760521600000,6
jack,2003,12,14462,7639,318,3.,16487,6823,1.70602235099563791363096049029404130029279775031305536572045941540068939861839593731503135086122933961863264105314625536369303375872000,2
rxvt,2003,12,2304,557,75,1.,37566,1747,1.0487729975717652599956320797139749796157868877384639224607198784036396988274178342446393429006216020249432555520000,5
kerberos,2000,12,20335,13396,593,4.5,249027,6939,1.028663130766431208665148467049480000612602085883901945771875619063653521346697792599410546372901369207460595858885911994967338054125859563385651200,13
valide,2008,12,237369,196793,367,1,153378,40576,18.8591549201555245887867765574398303867316340987180676657062328707249348197982877010918008000,0
geexbox,2004,12,10986,7738,884,2.,7386,3248,1.784920251238958588077223329836314269667764442182394329393283014467149397287467554621879569468255973839224349916187555821946876723200,1
asdf,2006,12,201,59,12,1.,1619,142,1.09614082599873333030314115157142243564893565686255031343808799456604554317251794536805748925440000,5
privoxy,2008,12,8613,5278,335,2.,93949,3335,1.036804467298135965630758871780494171880749169178533994837138337662539531605273324072295804760495274882711401275445964333738224213464506803381776000,7
ocaml,1998,12,17418,6986,415,3.,102292,10432,1.11356411931493618342968438359523593964039311416777993696120622314165982870715562222071672441005415381308857144791633989281218194305832245188096000,3
openacs,2004,12,286838,112095,2804,15.,1065505,174743,1.19617249051048895167178442415709990338831355868775763255140469478480969550026210976428117452478338116828254653658012090736890313544908800,3
openal,2013,12,2534,799,13,1,30994,1735,1.059297993775357036758760,6
dragonplayer,2011,12,137,205,10,0.5,4924,-68,0.986181670393450401941429726481212755436392681151515902797449080000000,4
openttd,2008,12,80581,70095,2807,9.,155960,10486,1.0720816090890748910979550751190594935147248561697669656465104140929103687711186804916589210603775366315438701608107875335150551046399825558000,4
u-boot,2004,12,185078,42936,560,1.,569169,142142,1.33286419827563968386525956636224572909251810685750876247945041043797715742872698311322982505012956851418279524705968840101149406658112000,4
coactivate,2008,12,24865,14891,1042,7.5,48878,9974,1.256381255898061974825765532393988004307564217266072602362496043099223985230567433262776011734410282186318878544956939047106155295739840000,2
kopete,2013,12,2399,159,12,2,378277,2240,1.005956860628516775582030273805984459350,12
aionxemu,2011,12,4338200,4293642,380,2,1396926,44558,1.03294813245622862244110425483046301301804953268789649805326029537788192000000,0
flex,2003,12,28551,10389,167,2.,49594,15560,1.457189868929089113227249627279730470248926099446149135074850246932676122162934109760000000,16
flamerobin,2006,12,21695,13225,569,3.,51089,8470,1.1987376522220320780296600115100029646195361195489511643469397104921785641852368310390749118006849342521726319964637044704628899840,2
gnote,2012,12,9431,4215,216,1.5,32324,5216,1.19241552307532256718347901263584812372000281668696570480842315342469866338841474305822107152935148877598135966080045240719924761672504115200000,3
npgsql,2011,12,2783,705,40,1.,80181,2078,1.026605892216181431408906738782175474798466458973984795729634353662021997877615571579860073843433553605815542707200000,9
trac-hacks,2011,12,262708,205910,1655,17.5,1147299,56798,1.052084317207691708183184910877863096993511259505363461534484233381180178793109046103748837726613191948948308409833716128437227939452323635200,7
postgis,2010,12,88674,47994,1246,5.5,201476,40680,1.2529913679553053701402371203416867511867216016578139423365309488117386205882520136342914972733073747757836033645189297338519942047498240000,9
cherokee,2007,12,23111,14697,365,2.,56687,8397,1.1738869331155172985578688501084243560503646709904930325163853221369825756270024053192725811229972499646615306237468959001207542930053120000,1
hydrogen,2011,12,151259,145059,442,3.,103481,6578,1.06788231536510844292215210679671056783378638598631808581020153234446326155683918797907596004462324760273078860534461235200,4
seamonkey,2009,12,279068,191120,4086,48.,739346,74424,1.1119289179775320739394476115863887196897587531504409919918444398613991983488662939411978220282236542650934423827227558393874599235577984000,10
WordPressMU,2005,12,42500,33146,918,1,42600,9354,1.281357155702949137527511422875278562412085847986849856,0
dcplusplus,2003,12,20999,11300,151,1.,40588,9699,1.3139952733793721326331675720836343852987918419284958057283735172720148518067431720059879127868901264586251890414592000,2
mesa,2001,12,144956,61739,856,4.,303430,83217,1.3778932215436889156961709577546101318056295001962695302916108766325920783309054136691765366091227607252228671859168359850789024972800000,2
bash,1997,12,6492,3838,9,0.,77275,2654,1.035566395519167662521530000000000,1
wampserver,2013,12,0,0,0,0,2467,0,1.000,5
lastfm,2012,12,0,0,0,0.,7171112,0,1.000000000000,6
gutenprint,2007,12,10235,9709,325,2.,117659,526,1.00456870869989390943717247713686232169447781105913846723172588226430595615104463871668029615342226623680922450557761348031645842335982339000320,8
gsl,1998,12,566384,300723,5194,3.,360014,265661,4.007528415533180442682170493426903618057901610814851175515671548571668691540331082592327014980638679124464385831441808501589504000,2
bluecove,2012,12,0,0,0,0.,68146,0,1.000000000000,6
guile,1997,12,36696,26581,686,4.,57807,10115,1.21209007800901056796011212031360069976116808797070297216467635264201427828934239255602510059703266366744236133010855207525910107787264000,1
yui-compressor,2013,12,2,2,2,1,17751,0,1.000,6
autoconf,1994,12,15393,10433,395,4.,10210,4960,1.9447619047429075880618552703932209972932182419128270004703053161914878564974948003209349628341927262250128765881394257470477848320000,2
koji,2007,12,4300,1312,225,2.,19239,3008,1.18532437927645768005807060546438829131850495750403838418892907934959399314203562565253974042601713054249191850119040,0
horde,2005,12,157215,73893,12506,9.,278855,80935,1.408927849593138099310391148288495027537708047691862540657709871725663200686991348704296827423051549892206509949993543019167543672320000,7
mozilla,2006,12,568974,486049,10785,76.,2534832,82925,1.0338206139193102438523534326345918486045499542905659621765601412272996192252538113366772778283077550878334820147455133147687782531401605474809600,8
dompdf,2006,12,6247,927,86,1.,18913,5320,1.39137791510443242047085226123627202583735124381505645462873475533084302365137385689015449055573866199759634442803830400,1
dillo,2008,12,30476,9817,691,1.,40207,17703,1.78666014927596391161479656102534935086616749692020314272638732748911304120717261335486938976470274050989022538993281164798719808757240320,1
grails,2012,12,263801,39722,1754,10.5,322506,15949,1.052026213721507783370237264925824092742403277415785000381698180747642050138912087745620879907856404725632972745680802389850220446560223952896000,7
dashcommerce,2009,12,26162,22413,212,2,138677,3749,1.0285453230292659243939805953486911686500754119337494625049053532570160651048164250,1
grisbi,2002,12,259242,106042,372,2,154927,153200,89.708743473863664628789139826874796448634752862008436680055851225693696000000,0
hobo,2010,12,62844,59832,505,3.,27645,308,1.02668052676298372160660394494887197243885564603664794793162054078096337361623159189280065332359123411709189952000,3
OpenNMS,2005,12,252982,76346,1011,6.,659227,176636,1.36601594305655640783710805840252931787134346384680265741861232159348078350682593658520486164615064762799909280627479650255225603748293920,3
smart,2009,12,55178,52329,335,3.,51167,2849,1.058963533265148306850221113203551435773410394664703574925558795004546260209638251105189374948827283206908354805389617585564274791428339335714240,7
cdt,2010,12,338133,174456,3264,17.,1127751,163677,1.16977638647792233076642502158859677098419523567080706609198236460095557940064291134016356077185522189799144402805516184062770221118274048000,8
jetty,2000,12,54456,19627,559,1.5,90771,34829,1.62259125521419427916518883272345396812420005393454809542157781278511180508902424933981385216375417312533750215195701021508406266060800,2
cinelerra,2003,12,177491,160249,145,1.5,413267,17242,1.0471068442051337190057618830964600590045020852086130435976960,0
groovy,2007,12,99698,65526,1863,9.,111329,34172,1.442889174025275229927181422275896377043864339043659220721813009489162856287552238778976365649393484886416576716839519497156963600000,4
dolibarr,2007,12,203178,160025,4899,3.,357769,43153,1.1480646566989704644885193111445328729041332947600710921041145750979156784936041812977525416740913848214956187775545100671017113018040320,5
eclipse-mdt,2007,12,710313,350787,1376,6.,1268340,359526,1.39559909947580684800950074345102676423570471012785061167683880919218684828677438818742073367527986953731410392682864504499636451254505000,4
gdb,2010,12,169294,81833,2761,32.,2251039,87461,1.0404242416982401834764142950258785682255488482578185881728936914706573619095123043007139638277620258823747936245153356431795627878301524093829120,11
scilab,2011,12,5564896,2656883,3548,14.5,2636944,529345,1.26562156581673134863689371612584841524441682468535303591922854869330831856746590360274218900343249963092219605110422709752563063504896000,10
keepassx,2007,12,30991,6003,46,1.,37223,24988,3.042337556302233658506428858243412488436359212445003479231367742292688033378053682988134400000,2
zim,2011,12,23160,12464,323,2.,32668,6013,1.22558619397408747369449550450418727024346627138344891512609896516240994194196678541162070790857891058920535270593543598932377600,3
mantis,2008,12,72601,61256,1720,7.,187893,10744,1.0606495097270774361376211729648830134069240972231014969872979524277586571936660664917740586904537850175430136585765069513511004819865600000000,7
zathura-pdf-viewer,2010,12,7412,6386,284,1.,4103,2813,3.18062015506025689695121696736233318720563111503758226793665301892399995959872294636520531299218094077821890996884491517242178439680000,1
VMPK,2012,12,14082,10483,87,1.,43443,3599,1.09032727637473019020124474045849071856549712385763762846576989935691243638058968554880000000,4
bison,1991,12,1301,0,3,1,1502,1301,7.472636816,0
gdb,2009,12,538336,388802,2746,32.5,2163578,149534,1.07424564706199626432207746164934050894456743657959258777026334407976918363451264507542210802890029254725773522949027670553245817566707600000,10
pida,2007,12,147486,76160,2210,3,83918,71326,6.664390089551129634771286014813459627012930108309077513673312216948911437731459268770643851630481920,0
lastfm,2010,12,520182,1,22,0.,7171112,520181,1.0782117571200000000000,4
swfobject,2009,12,908,890,18,0.5,2397,18,1.00756620428800000000000,2
cdo,2007,12,1353303,642278,7531,1.,909578,711025,4.581033779318413123297056694284536189399802137966887721080145320878501942638928116683164395545764487114907803202404334184054336000,1
jokosher,2008,12,3237,1365,155,1.,34494,1070,1.0320138826555452822904306838495752923201518961766463124633504951499101009931872867780081699098437587239981237024400000,2
forrest,2010,12,3539,1302,194,3.,229677,2237,1.00983737763787771143870142837583444925524170669518868705413538899343952354408841461720314718415511285779906865162627075059098831687444463869952000,6
cppcheck,2013,12,21004,16827,420,12,173411,4846,1.028748553974759117098896215375735300,6
R-project_,2013,12,18742,16538,434,8,752254,2204,1.00293847076816125003011498044051307600,16
sword,2002,12,124810,61449,599,3.5,332308,63361,1.2355909200766673778315800800181016598803840425312954246891014084520096628788986059190625570275947300281685317623625999486301069597967355519962152,3
mono,2001,12,197063,77129,1885,13.5,136508,119934,8.23627368106113955750073793428696507669925914371104564096000,0
xom,2005,12,52044,10358,568,1.,80413,41686,2.07640664136492544783520397076141589325127971114848597427039174711366010398649989498249285819282159764790239890781123728408013477086335120000,2
mercurialeclipse,2012,12,11560,11435,340,1.,54929,30,1.00054645804173171953472740736863136459061414747593178606815867431020771359892932815347932137022867717990939041430033177415124956800000,7
dbmail,2001,12,17024,6674,366,2.,12009,10350,7.238698010569546112965495084967096288570063262637719846009000,0
centerim,2007,12,32026,24092,562,5.,170358,7172,1.0439498486384648325309352360384568429911135382705832567248072219962389972097165475199409881348025184520440723209066930924800,6
openocd,2012,12,33298,30558,418,7.5,136931,2740,1.02041865699225795104615865475291831107807110675603909262194920781991874410885259074558677245031970557266927068282731869307961960961316477263104000,6
handbrake,2006,12,5430,3742,162,1,35232,1688,1.0503219651778883150555806673374014016903721773219348886668137555710500800000,0
firebird,2006,12,393320,190034,11067,13.5,3608804,203286,1.059693121569483708241746179954443620895322234380990126732432259043414173219957506758345928491831036804827823991180693249148871242737061272621056,6
freebsd-ports,2012,12,305154,258016,23140,115.5,1404575,47138,1.0347257368123816678639496720370897014030899485855181990539815828339111126280672500697700989409446667785876198854940752077995010550103554188800000,18
ettercap,2005,12,530,90,62,0.,92730,220,1.00237812128388766062120016219904379474937366926969600000000,4
brlcad,1986,12,49674,16911,898,2.,62815,32763,2.09021030220116764398897231760762916690946024233489819067588206147858422869680462471766854142201507848259394451294785279597901070336,2
gsl,2010,12,31630,7699,183,1.,746358,11156,1.015174061006855539632576919089287800710848077249787941165053891655992582771196959940418282987869536388290405867336254654642980403735115067219200,14
cakephp-debugkit,2009,12,6394,4495,487,1,3879,1377,1.550359712274040124046285736559235907553468713070154540984858674587164322132346930666283137011365194273393610458301989728499670,0
amfphp,2010,12,0,0,0,0.,6251,0,1.000000000000,7
gobolinux,2010,12,2207,1650,69,1.,55815,557,1.01007998841785908575027306478524391260160619726878940979068566214099734429732063465945558085795367714816000000,5
acpi,2008,12,0,0,0,0.,14813,0,1.000000000000,6
tomcat,2012,12,4917151,1226153,3699,7.,4676179,3690998,4.96666537740113570565421986620425050679472644928848954925499927319833108438095222854932869260916936906963588986104375987648098882600550988800,11
jobsworth,2008,12,352146,146913,1434,2.,272437,146918,2.170484149795372028112293274066267921422285983646647795564630437075857022735964577638370010880007975344627336892358792877184939606409216,1
evolution,2012,12,324617,305743,2458,11.,862694,18874,1.022627331190297254118499821922502281942402085164964348459378534534996933500660109089281340116334663297655410244547371249012082873735902815232000,14
devhelp,2012,12,2215,2819,72,1.,11586,-604,0.946032880631131246123851529908512087863309890990027427968197816309125249068300794452646507223840000,11
stellarium,2005,12,220714,194216,976,2.,237208,26498,1.1257557781760239356748475963086936029463049516903042407534087269318505438633673365341674543924716802270163319763476219079819775881616949248,3
tinymce,2011,12,33513,18625,854,5.5,49413,7574,1.18102727120713089637568157021566832665305129773799224885237788688538168215032024607614407681347774500247113118846953268764135530821734400,5
L2Emu,2012,12,0,0,0,0.,831555,0,1.000000000000,4
jython,2009,12,106264,67214,1995,9.,620257,22747,1.038637143429789499050718180229276130591066982262004864169856569904961474307453836179486549392340132524752297680970401208361814020146995128442880,11
geronimo,2009,12,227419,211538,1152,6.,364641,15881,1.0458788216835036099417183273946496105851743362233544800423508080635058960690475927624229403420886088200785778705175734661721266844078176000,3
opencms,2011,12,787902,962600,4297,6.,1371746,-193673,0.860571011475530482025310903714206531977639699893032213600334649356595023578557054090024441782775079701510673790759057267875793029068800000,11
gnome-tracker,2008,12,143787,106944,592,6.,101149,36843,1.57293254131972647053690630324377510136439086704682576790813133326850345828428320616127120924522704000000,2
config,2004,12,233,107,44,1.,2721,126,1.0485549132985313906928424049334144401753478991084680800810645400571673911632849131579040000000000,12
colloquy,2005,12,91108,64281,945,3.,66669,26827,1.6733346719068048167193557913298118006902031381324801939640932457187301706393844233475000653931387085880547096661368600972561123712000,2
ack,2009,12,2742,498,102,1.,7856,2244,1.39985744826653531978628403169949045810417458965233003399618857192833207456676352000000,3
cryptsync,2013,12,54,5,7,1,3034,49,1.016415410385828770240550,1
coq,2012,12,76242,77266,941,8.,349263,-1024,0.997034874971817230380619556409228580957648048935826362502002071721816614186934883718729475086888762800117974495333654360962445688656406338406400,13
prism,2009,12,10223,8966,83,1.,9516,1257,1.1521976026236352147089893061359775942511674922635335552006919166057365921826637440129744903278473958144000000,2
zope3,2001,12,10423,5438,94,3.5,10217,4985,1.9527905198997364669415229578291688479719734958910063318353213875214624629086286956999056136497914546250472945785286994005875200,2
cfeclipse,2013,12,0,0,0,0.,388341,0,1.00,7
erp5,2011,12,5093507,2448397,5468,20.,8938086,1062239,1.134872985720976359329707842056148271198658492040737721884124743039870578318698841840823052208557474500210412992143621508206045753556011104000,8
supybot,2003,12,43021,27158,2417,4,27766,15863,2.33268923792396507131395022395709769174405040871462263521385397929295180541899005965611851840000000,0
gallery,2011,12,5,0,1,0.,343152,5,1.0000145710147500000000000,9
wine,2011,12,341865,197349,9733,53.,2255538,144516,1.068457837011201949583991678050686120876679065248620330985567816471456174426622456018765220129464926802140570714127944641530047288506928001873920,18
gdb,2002,12,324692,232072,4003,36.5,1165873,92620,1.086298384446574336670197634803538117448023510653375792162655000998192267507892089160879547835024400273853690680142290319681772013531136000000,3
mariadb,2002,12,1696814,1210217,4319,22.,619404,48180,1.084831859321901086487269218294678415008834259382840357027603853747371574895325882834975706491101962321920000,2
args4j,2004,12,0,0,0,0.,5,0,1.000000000000,1
sawfish,2008,12,4545,9705,165,1.,71012,-5160,0.927218359032797845093157719947759144061143522703263039154931288077474934562646539405440215903500000000,11
freshmeat_aspectj,2011,12,10184,3535,354,1.,662738,6649,1.0101342958027714013707819823310481101839267212306086129750544475370928197055001691745583915817768521311630037028131529439422370264891723954628143872000,8
qsampler,2008,12,2173,184,57,0.5,10147,1989,1.24380975727542092111490985153341721334539141080994875531453166027632000000,4
bashsimplecurses,2012,12,6,2,2,0.,328,4,1.0123456790100000000000,3
config,2001,12,629,589,86,1.,2419,40,1.016856300051116182660147853761683704847245742323468642416550082214173718733337179538297994852046774616528508010801811174384734400000,9
sitemesh,2011,12,3690,1682,31,0.,14178,1253,1.09694390715932098581340000000000,8
silverstripe,2011,12,236392,213109,2542,8.5,159932,46651,1.4118166329923610111371169605548240088900856082154471930110539370226562323865726463390889203207276392880550847638314612053000651599232000000,4
gdb,1999,12,396728,91644,805,10.,891830,305084,1.51995923277990986427712594795221447286042738319651784661059572913827120029835317047881502720,0
tcllib,2009,12,48561,12587,324,6.,431727,35974,1.0909001321437925205655413554847423383682826462767323206483339349270267577272627895294581050180287275199824818432972507658635099058205763102310400,11
pkgsrc,2006,12,145206,101372,11523,54.5,467560,43834,1.103448926895366684347563249796861903389581628829311920140827186415738631344476418055290623118568875250207859776920757057055066663219200000000,9
apt,2012,12,23204,11814,517,3.,63207,6192,1.1086029992105086108764073276083068148099565296860291751967369256970780526615625689734917473528145747685510638210743757136000000,9
joomla-platform,2010,12,24081,23629,1652,6.,51679,452,1.008930688371084557837338553332900356145175243985209893818685305069295467591346386821267655647131641890521623087646763263767582246898851840000,1
openssl,2011,12,76136,16694,1043,3.,411575,59442,1.16880553653454599881686835636462610629713323383179400633062908470797317222879548391312334968975748081028445027512374965704781877478031360,12
dojo,2009,12,209777,84419,4547,18.5,401281,125358,1.454322401592322698218966814636935520100012707971864179479081838896761893051218196301991446137044171785925277597449318958995378653909760,2
red5,2012,12,875189,449957,245,2.,590609,425232,3.57128863175202856965829973854047382765308455248790108890169991508929298714476355950364053641033107032832689440171770626783465900000,6
concordion,2011,12,18694,49798,74,0.5,65712,-31104,0.49490914408101966719094939541026986059598375026115836463739243665198400000000,3
libjpeg,2009,12,306,119,7,0.,58006,187,1.00323423096200000000000,3
turbogears1,2006,12,180853,172792,3482,7.,178286,8061,1.08218130650473359030671347519877200693359649799993299618316541418019117745177249916928964650004489906583481397725967035312061748838400000,1
opensuse-linux,2004,12,517118,274610,7669,19.,357237,242508,3.1137463064266469068540843015582562434246508221266878253972624846769653838033458222408828991193109323896830228056761001835761582592,4
supybot,2006,12,325,235,53,1.,88024,90,1.00102349489389944145220433265635906650436706044551535684246130067679022858550270023606138113644952814607601833019634206720000,3
tsung,2001,12,0,0,0,0,1787,0,1.0000000,0
docutils,2009,12,5941,5411,193,2.5,41694,530,1.013167701861581713924171248719913108984240107764008810148164699161279374220104562708049003079437635314738855741655917090189850159451603440885760,7
bacula,2004,12,124061,94659,908,3.,127322,29402,1.3002655228881686039792010378715408499825865997819452879294709674255836354151802027184635958055274049372558399289838484232777824864796000,2
pardus-linux,2011,12,22734968,20773988,24216,39.5,4629183,1960980,1.7420390805861152808933474940725917450530390012114632050746049858625976992464105892541606863057263599861712154140712847482484584787476480,6
premake,2011,12,18292,11484,276,1.,95541,5721,1.0636940547764602237216622937797338141466406601041435810553889610359178821260200958881373022203854868736163054689016119747453454740924043264000,8
winmerge,2000,12,6933,337,38,1.5,21141,6596,1.453489171560613645122,0
dillo,2010,12,5864,2907,301,4.,47258,2556,1.05717864971987384318479091879091120285007277205392018196288784819544071790829823967209728665013718862516612018896138671795685792057630357289496528000,3
buildbot,2005,12,28,8,1,1,18670,20,1.001072386059,0
jhbuild,2005,12,5177,999,263,10.5,15258,4178,1.377075812353559151929754316680282897132368079606279302169771494694403535367294911482996079970700043753317847376439215629058789416856352800000,4
grails,2005,12,60759,19689,1188,2,69261,41070,2.456847930121706304379790210516930888200476841550400,0
cs,2012,12,255162,147803,1154,7.,2244900,107359,1.0502371029931431366013664369932404990958446342883946586163506976650226591027420264790806514878000325283129689753718870065367369897472582892495616000,13
ireport,2003,12,6412,839,14,0.5,46607,5573,1.1358142028569230104167492003808136000,0
wordpress,2004,12,33498,26010,3104,4.5,23810,7488,1.45876730793588760413636384902482686969108957040473643899626543755028829466616711777253476023080896708267805993346980295486748058240000,1
e-texteditor,2013,12,0,0,0,0,120007,0,1.000,4
netbsd,1994,12,620360,307533,6342,14.,1220676,312827,1.3445804313215236987028398979309662492750003845215699898993215378594972873966080090128882977588645921561514973303229792923571677072588800,8
apertium,2009,12,11059200,11465817,6881,18.,17549167,-406617,0.9750649152954329504702495803042014863774134327618844382458342198574587709379855593255865818645321829906144047749830949346938244137794606080,4
jgraph,2011,12,12528,13131,26,1.,64500,-603,0.9904847566751529574914448498697325616869803020938349354897361349524210573968344000000,1
glibc,2001,12,227094,102374,2115,5.,759707,121008,1.1899648666649639511825987415932818189245202797664450101391074207017968157390590030985731773108059510390610056705757794435275121040597954560,12
zabbix,2008,12,155094,119313,1577,3.,197023,35781,1.246510506465519618852796859897990893811175066093476889063670567513337362859020154345420970714929707594188926888794714987328125947192000,7
brasero,2007,12,78098,58402,282,2.,74781,19696,1.3575565035620510205761786518069659377900100800379144241531607553616216759625463826820829469807812228484377194477931409653485094565612994310000,1
stateless,2013,12,45,5,3,0,19396,40,1.00206654267400,4
xdebug,2010,12,3967,2490,101,1.,20047,1403,1.07525209182753535012428436508810003607973723965700255434049912894509596018722008612156059421839769640839260160000,8
vegastrike,2004,12,137980,40790,1128,5.,599661,97190,1.193424098118035816914572914698298248699531864818523032442432227287953859095024986297006704918163284917519699553068310767142180646191848488960,3
qt-creator,2012,12,648503,497181,5172,38.,1267527,82131,1.069285707047898860104170994794295118341362950352715267155616345571433064350763459092145383183462476468756097635975741271471828569143200000,3
plone,2013,12,8774,5816,622,33,444233,2508,1.005683775404806653669624106416294604,11
panda3d,2005,12,187251,127439,1992,11.5,453319,59812,1.1519972961312420380203219969581099861361369592500999662726888645374427386547740982826727617597173530636228895769750861352938015132569600,5
screen,2006,12,481,221,3,0.,47806,260,1.005468388507668911607543780000000000,0
tao,2009,12,134693,60462,1049,9.,1111649,74231,1.07155360712131511723015071177998062315487310138346409641847561232643786336203650712409027243251614642328632764963424075195524855604022210560000,12
libusb,2012,12,1459,906,82,1.5,17823,553,1.03237704918696112136267298763508712268071934856371467698553489837368409844696285524156339510300000000,12
compass,2008,12,1921,750,30,2.,2803,1171,1.717524509714103369707895864901597515063000,0
lisppaste,2007,12,1144,1040,23,0.,3841,104,1.0278298100123005807040934952545220939033208669000000000,4
sirios,2004,12,7165,2748,89,2,11223,4417,1.6489861886221409715202967281488,0
xmlunit,2003,12,3283,1289,66,1.,8908,1994,1.2885255390097385363674238389220795163705778819700567386202673820727830913647304554884713195972389338000000,2
sympy,2011,12,443896,513047,3513,23.5,182985,-10698,0.93693704316788374197816252840041822265131454539252840994075591181182699967239936106437930429939810896144990059650305796528409100250000,4
aegirproject,2009,12,29135,15955,1490,3.,12108,9725,5.0809903478727957544433869752986672804118425277034357554234761367250712657351056710322192052645213032970302546573186560,1
unixodbc,2013,12,87,45,2,1,579367,42,1.00007249816596599366587224400,12
ccl,2005,12,62811,38402,1745,1.5,191632,24409,1.1459667629568131205294261176514923154776918200537403568429693873487814738677876628057474026193612535561684165186366503762760000,2
rdiff-backup,2004,12,422,169,29,0.,12794,253,1.02017382984001144146827444533495106977101246445800000000,2
MaarchEntreprise,2009,12,9683,8048,480,6,136122,1635,1.01215730888237390963705014204427872,0
vidalia,2011,12,17207,2367,138,2.,52861,8045,1.1795117814586338335917708631112346805126212496443964370200605926743414234425055140493229914258438398291570373832287846400000,5
shotwell,2011,12,56575,37831,699,6.,69942,16966,1.320258230138553900940295066589009661719040340802851493649317374013737239827709258638687981547194814079732800444689177466631985055290446400,2
kss,2006,12,26593,16991,295,2.,15772,9602,2.55623987009912487625013916111746090874852194706823109461921770949124297323640611056195804299146328471553008214046153685627830272,1
xinetd,2013,12,0,0,0,0,31555,0,1.000,10
jaxen,2010,12,149,30,15,0.,32359,119,1.003691066997916492331517007762164305472000000000,9
Intellij-IDEA,2006,12,425779,229279,9327,19.5,835451,169106,1.253781449548494189011478241702684829194431262443892632985191158524406863142374643545223382321469441959663747301293073383906300232872960,1
rosegarden,2001,12,283,280,48,1.5,7839,3,1.0003828483920000,0
jaws,2005,12,190557,134688,4918,7,85246,55869,2.9171957036085164741029117418646705474701889776429017179216923098741513739115077235708473937000,0
dtach,2003,12,0,0,0,0.,4100,0,1.000000000000,2
glibc,1989,12,24,0,2,0.,37,12,1.480000000,0
supertuxkart,2007,12,14147,8188,200,3,25365,5959,1.307069978388958325220294231170634924218255317762040871348093477295235481763200,0
rakudo,2013,12,5042,2842,320,9,24181,1354,1.059315722602747284344732776256160,7
sdl_mixer,2000,12,3209,8736,58,1.,31540,-5527,0.82467882636221543163705619307078706914818525888023270565990952786856089318142630749355457996911797986904249008353958080000,1
sqlalchemy,2013,12,7294,3358,169,4,128849,2396,1.018947751338830077988344473309728368,8
ioquake3,2013,12,19,1,2,2,300309,18,1.00005994185640,8
taglib,2005,12,342,119,46,1.,9807,223,1.0232679465815751415733561786377383971019735716140473189607456039272341310000000,1
perl,2002,12,1840713,1225809,29316,43.,2710727,252492,1.10271271868308340217545035409965956080122114431386159311328066778890928782084455562533089198502136214926771510574812841588583130854018125004800,14
lives,2013,12,2323,1566,13,1,261315,757,1.002905303234,9
jfire,2011,12,118453,65253,1549,4.,861427,53200,1.0658230917795687610292184626983472792620118123256287124692508472295310085322009308089707598874216867413320801897673708191955196662947867443200,7
scala,2004,12,75566,59416,1584,8.,107678,16150,1.17760914988099882916483596271680405075235732121387360591874759054948789044403405199845050319762418292868610577753880375669494514802688000,1
pingus,2011,12,37584,1471,27,0.,137172,36113,1.3573457089008938220671775348992478000000000,4
pacemaker,2013,12,26450,11448,435,7,107288,7587,1.076097531613993008136015722170180,10
kolibrios,2009,12,90983,113832,299,5.,327026,-22849,0.928619850484337411736525383483168882004474216850924171475390817432714594471981172532505750486207800995758420412766662079307586097276976137932800,4
scintilla,2009,12,38546,10609,954,1.,290432,27937,1.106428693883228590532412611019127016746959724103713130614898296838330638761351595387084926503607421397862758336683536800798394749368172029478400000,9
seamonkey,2003,12,0,0,0,0.,5422,0,1.000000000000,4
php-gtk,2009,12,36398,29119,117,1.,402768,7279,1.0184050631007918326598638590636090191253305819737887007887372596461978807827887893036843520000000,8
jfire,2010,12,124344,60070,1631,7.5,808227,64274,1.08639524270572963065849642738244894040577854188601269038773551396831121118874604994777299332292601013229451088712897136866099730580015939584000,6
piwik,2013,12,87137,48842,1827,12,709608,28522,1.04187723723313489857756164391687432,6
cryptsync,2012,12,1079,5807,106,2.,2985,-4728,0.3870089459689957993788,0
varnish,2011,12,92603,89843,1498,5.,60138,3260,1.05795658590592869988634770090984795266185462962941408260281457401096936708065830602437292370522647708981940944743520784342994755888800000000,5
amfphp,2003,12,4986,2612,142,2,3163,2374,4.00887199010143296325592880524185452885163325607642826405437436464112475266246136027878935667468800,0
encog,2008,12,60778,14502,223,1,54363,46276,6.7222703097417693742000135760680490521783823626584000,0
claws-mail,2005,12,3170,2292,193,0.5,151948,878,1.005811875290326055511079568262449279776148078385242788375485969162548200243200000000,4
launchpad,2005,12,1752657,1026436,4999,6.,168693,93018,2.229177403607250164371577722507217457244417916913059455923732657699069145123412983824808422802732632105605114067403610044701081600,1
gtk-doc,2007,12,1931,1231,96,1.,4178,700,1.20126509488431582443715188647267570544998670061073769676078636630308812238978101247448246829330025424005425574707200000,9
dbunit,2011,12,205,38,20,0.,50124,167,1.00334287487199543604806508131072567820000000000,9
SubtextProject,2008,12,113149,210840,366,2.,518654,-97691,0.8024381019785367305923274905295694113997384251770818381163559808416438860859601569944366005968958631814937359745310677226459994163539927040,3
pf,2006,12,4410,2775,157,6.5,52777,1635,1.03196980955499449221573853867350470375736480642800752400303702658923138826691811918463727009582109121886477973105265440700292945570851335464897107200,11
aptitude,2006,12,11012,17536,141,1.5,90466,-6524,0.9256668223836716672758495524416754567656479755535619756968010671874464304484887191831668638320733905942927143513627560436326400,7
calligra,2001,12,459506,388399,5783,25.5,368422,71107,1.23916384977840845226039405593292608959714769639275923962762295561785943980029316924266936747874920447621053700361975793906613616736000,3
dozer,2012,12,93137,25679,88,1.,107456,59731,2.251566264638481167991130095767343035513559790060112304480000000,5
tsung,2006,12,1536,456,74,1.,19757,1080,1.0578251325167951219726263441788978295661941240823809088803851171323270389824853217463967069824000000,5
swig,2006,12,450628,277787,2879,11.5,489943,163287,1.4998744857430004906239425991812093120613076823219427843975749745372596263125762807909128312336076602049793895819154814549928926808496128000,7
jedit,2013,12,2052,782,72,5,321620,1270,1.003964413921968024573688892008711503324,13
python,2011,12,325620,254118,5773,23.,793004,53134,1.07181531890453520178964621645563468695154137866232496964570702017052976877811594896326688533629754431595767497597523769387972983489880029640000,21
wikka,2010,12,10935,7673,343,2.,43731,3262,1.08060490746320999915210648370229963439210091021570698455563808468544376788369095412237059722830770817250000000,5
wrms,2002,12,876,1915,88,1.,7920,-1039,0.8625297697823020383485380656661985667186825292457304588590361016551156202800245160000000,2
tig,2010,12,3888,3380,202,1.5,13956,504,1.037466547727240129014422821749273821422347521047059546299881187733898880000000,4
pootle,2010,12,30241,15935,2014,2.,29166,14306,1.962718707918539007002781761729377803079660361844606396905895901593092881034683121135811840090463800912292731480646154631383624390400,4
phpbb,2012,12,148404,88134,6046,14.,423481,12638,1.0307611423306249420035850641790577711930185205383246396622006712939530801106449833014520445578048584546194876478824901901024734582064363956239616000000,11
vtk,2002,12,210172,102622,3439,18.,505141,108484,1.27349574066601865040384503539760776182949977651287253464303574043639867370635009287832764287738078065369058079239021627346535379189760000,8
pygame,2011,12,112003,74912,638,3.5,467307,37057,1.0861289947721658612607454873342156629560808425153529568664057738808986361722217791807342301510523780896445094601215702554286798576000000,11
HAProxy,2007,12,39146,14522,732,1.,43126,22558,2.096752236423781032373058613998793972616839418424857192626907584574728301102765800133467553237100970900015563429238525507416064000000,1
unknown-horizons,2008,12,23645,16499,1322,5.,8659,7146,5.723066754603375480204260028690244252477570002394235379566176688575387277180920259600041439711886686406169537288552787330592000,1
svk,2006,12,25374,9104,489,5.,30404,10727,1.5451542410902931776779093752110355924051705459191191743610935498250542766761944378250825918812820120910479177383626420864877497600000,3
Python-Ogre,2012,12,0,0,0,0.,440732,0,1.000000000000,6
epiphany,2011,12,16738,20032,450,5.5,69646,-3294,0.9496384179247673426483015930569550566886800463185877828024761981072316097062495472833465620330195834995580021148193968932833504134295360000,8
boinc,2013,12,37239,27087,596,5,396093,9534,1.02477605657221305234118134865632000,8
vip,2011,12,79,70,11,0.,1184,9,1.00765957446818797636739280000000000,6
exherbo,2007,12,3546,2588,143,4.5,10142,958,1.10431184668682943989898804042203252956376410,0
qmmp,2012,12,122906,76163,427,2.,293845,46742,1.189159985896068417262298396222049584297718036610234187908133449578901695563906234737030825868576040097816042910131790172501457964716037610023364000,5
neverball,2007,12,12597,11185,250,2.,41711,1412,1.04115658148410235326417813920527189826544127533285881597029848330243537218498560787831803699670512785324719452875200000,4
evolution,2010,12,338729,273684,3857,18.5,803333,52823,1.07038280636227350249757784847597232472083903444827813581712895166048110767815779610618679168676463848387078421849527097939478374197858145366976,12
pylint,2008,12,19134,2676,280,2.,17228,16126,15.6333938250641772216402915578597622530489393193687424515059177462784000000,2
aws,2003,12,45600,12222,1532,2.,70093,33378,1.90911071765499299120007816189182432948877954568481176831646437723800175197016311247576373397511975802013363686483496606100981342272000,4
viewvc,2011,12,2637,1412,85,1.,21289,1225,1.061054625195998224182752483926360286340760488313813690525599713624057151917741970108945447333155209299000000000000,11
codeblocks,2013,12,15654,6177,211,6,1122143,9477,1.0085173807773819245297835452168775360,9
xvid,2011,12,8532,8108,81,1.,68878,424,1.00629350907323083740029964396144619713355290317723953843998446263790971276886318925438179017019570604319639770021500427556552149847979220721318312656000,9
smolt,2012,12,0,0,0,0.,35799,0,1.000000000000,5
cython,2009,12,35410,17666,1156,6.,33597,2887,1.1050505785661240612517418376655251567042683395509139744957426341364320077931557060660616921422780655006225927028047374386908801280998400,2
awesome,2008,12,66732,53341,3181,9.,18871,13269,3.3686183508289065623399286412436389455403120538458555806182131829922311794573392121182650001973227966334924812161540921831216640,1
knowledgetree,2011,12,734139,327809,6689,5,2080662,80797,1.04040122707898293007096687287797430333163199582789505636250262360377251094290226230756722066300000,8
smw,2008,12,94303,91802,1449,6.,26904,2501,1.133209054690534726012589365817962749536842482821202513240700401841041997664512423730838329958401811865647785855886784073948051558400,2
typo3-flow,2009,12,109144,87527,1611,5.,293494,21534,1.07932835765097834712268562904977981279094726783025118258261211971682057484387814900682591034568554953960174750261355997613682800040951980032,1
librsvg,2001,12,1572,5510,116,3,12824,-3938,0.692391813816582465702476222568723687303191564743548579238307502108367201271649571493476056880800,0
memcached,2008,12,26286,17086,660,3.,35320,7241,1.261568471604150410592483301404500196046532023179750648930249355570684018666244490216913401229160782899377681397373371148476979200000,5
dojo,2007,12,256622,118020,6092,19.,141114,138602,56.17595541283846248969498868490321787906501222350082391132594067615898077253857546417757203332331250000,0
mcabber,2009,12,5313,21485,98,1.,36254,-16194,0.552515957928252868889925726732578149450258508015187733904198223696698429669218958590979826857176560000000,4
kubuntu,2011,12,116,145,45,3.,18558,-45,0.9975793437326578173835164900651842339320589908836864,6
ace,2010,12,28362,20908,638,7.5,520473,7454,1.01473142908392387309365249416498892458547383768268455202002232109578818761107434679519120769572641169684129116052332014904788632549493362761752576000,14
linux-pam,2005,12,74459,70781,522,3.,115328,3678,1.06173626952441834847591472503084111606165377125716208958818935339582021602450433934297055476328515423620410537885925539511800000,5
ffado,2010,12,2029,1859,76,2.,136723,170,1.00124493786214216471353764880785283772156005062013359272292020288824630523008,4
css,2012,12,0,0,0,0.,13,0,1.000000000000,3
musicbrainz-server,2008,12,260308,358845,1420,4.5,331312,8354,1.0258671406193607776805872328715579101487509443209698824479180157778901215166787051821770387648781426343395612631640464640000,8
plexus,2008,12,408709,121048,1769,6.,503042,287661,2.3356285551685799854627882140321215116274686439822548314799250261590945498826139967099217491020566602899301788767892353615993417232000000,5
sparse,2010,12,904,143,29,1.,26487,691,1.0267870987774730715965261202140363217183069378553864067170737206306424361741494478988972253327081911997805844324901226250326080000000,7
jhbuild,2001,12,344,98,13,2.,707,246,1.533622559608782360252,0
dbus,2012,12,5609,5410,205,3.,100121,1145,1.01157196854822770908400420771132982352449345467244969197396070212153948224541090868864738439147056765697833285198194493925008300000,10
puremvc,2008,12,60524,49127,63,0.,11907,11397,23.347058825188764402109265486671062058293484800000000,1
harmony,2010,12,1619055,23051,552,4.5,2872300,1596004,2.25080447872731360092326792325456134334401809933189224052563175209143325965018138536577620698478692000981129210858570240702696524800,5
mageia,2011,12,329878,15107,2769,12.,464367,314771,3.104140485617786463385109985443088315514643520525532064654277637942246532288336862675631413467227762226754763979690668214795314772056077000,1
dia,2008,12,24143,22598,290,1.,345054,1545,1.0045071063519534952193478257827550230597665713965687337967008890500609117904239356786840440323851902087426574439036432110439154225467335027249402880,11
grass_gis,2006,12,382652,269098,6350,11.,1047724,113554,1.1215560336953820456530016267387242403796177748770263770381429529310538915464349388383148531921932137005329480394487200825838276028454912000,6
unixodbc,2004,12,29142,23849,139,1.,292646,5293,1.0184228662124451110673875994976665630964401499978773434487377204790544007020093993293031305553976915759237111547807900690184316863500632082028734701690880,3
shoppingCart,2013,12,0,0,0,0,896,0,1.000,3
fontforge,2004,12,437719,360557,842,1.,427668,77162,1.22014459097229737926529017367083684010186733476089401207644996929773439585867018741165625056955848329981982764749309813765571688784502748416,3
freshmeat_aspectj,2007,12,18550,14626,197,1.,541070,3924,1.00730527640519473814209425800930126585456050692813930497906912622351227024669505567736089600000,4
vserver,2012,12,0,0,0,0.,39723,0,1.00,9
oofem,2012,12,55371,46665,591,4.5,221867,7793,1.03640329979185662555449222984247400908148795265551038733107408924623287280893230892033800036646429984826880532772142083497966450176000,5
qsynth,2006,12,311,129,33,0.5,4915,182,1.038453412207938087613926991456307688596232083200000000,3
coderepos,2011,12,59084,64036,436,4.5,12313073,-4952,0.99959755362671898201142021863032815498978347541219082537826277743989445192229324756859857278857010324008116610910224740101640339585765905176456879342414124374673768000,4
dovecot,2010,12,51212,23977,2088,1.,204561,27146,1.153139685092663855302546363384845122598418983706865445030859133516572895314161465343534386140596604940823400444113960541278947235584000000,8
geany,2006,12,54805,34602,1140,2.,84125,20203,1.31605706954768716100298229508373149914075350997539698157087149594340825770880367590236057283186018265682288666104250195325779577016320,1
quilt,2004,12,419,212,55,1.,1880,207,1.1237298266634425759880837899288272839890259021244675112069984047267759048155840000000,1
doxygen,2011,12,21699,12257,114,1.,206681,9442,1.047870857181440155653365743323339398537943444854701348447530701142286379318339903153390405764645707367166548930113280039300171038720,11
sylpheed,2013,12,666,196,32,1,140429,470,1.00335812630838321855479980,8
kerberos,1987,12,1,28,2,0.5,7,-27,0.20588235290,0
scipy,2005,12,243566,157738,335,2.5,321802,85821,1.3636775841624055968568872527405692332395309725350124327576353555967346256723723741575578692022338546114216529942969362561260514938880000,4
dotproject,2007,12,64237,27454,2138,5.5,403530,36783,1.1002952989431024426074480541856026099639814968228414872652765053872366181087652620958086994851776449208841158615211781493873173462660905280000,6
TimesheetNextGen,2008,12,5661,2842,61,1.,11631,2819,1.319904675446729462366468629475714525925676513450866433120842816731280000,0
jbehave,2010,12,121196,68968,1205,2.5,38836,30986,4.94726114674420915012926930814647810304498682091887014077372521939184470981261783342622868757338388581069114666422389037981696000,1
wine,1996,12,91002,50005,135,1.,114928,40997,1.5545305758102890587236942481393467569278707290614798594457240524465398052745361688297172445163569579238131456885651834971324506707360,3
exult,2008,12,29514,14073,65,1.5,246273,15441,1.0668928051584806454960111876008714273919069175646351772028362298526623179754011011208000000000,8
xalan-j,2013,12,0,0,0,0,204446,0,1.000,13
bcfg2,2008,12,6333,5818,380,2.5,34416,515,1.015191292293302490814918220818526837906466465803079333855361212061582238569769836123362157843771331968597767629432033076676194652969703823360000,5
kolibrios,2007,12,157198,104862,407,6.5,215381,52336,1.3772154271156412453025893403281881644123336914739579616040167326357248028111357213072411886811788137194495741229515398370210580422400,2
ibus-cloud-pinyin,2012,12,0,0,0,0.,3785,0,1.000000000000,2
struts,2008,12,0,0,0,0.,302637,0,1.0000000000,6
amfphp,2009,12,0,0,0,0.,6251,0,1.000000000000,6
opensolaris,2005,12,302001,136784,1411,108.5,6017300,165217,1.0282321696336055817705225716904403789879866211244887894800775176273459200,0
fluent-nhibernate,2013,12,760,101,20,2,74719,493,1.0066418775084884091989290,5
postgres,2005,12,115623,84920,2107,6.,433343,30703,1.07625422213412985549292479937775286537577609998008275675978271947820542404513245123296734415238003609032091182808460801077435448580928438067200,9
velocity,2010,12,53729,59331,62,1.,57208,-5602,0.901279385301603912811144968435999018725786927960859366818333140190136342441367762571919874547136000000,10
joram,2001,12,14375,6243,28,0.5,28870,8132,1.3921303886655063398488132631478105543512715506405972400000000,1
openezx,2005,12,5474447,652814,16525,288.5,4823009,4821633,3505.0937485696191090856010328247927770254571373990756551554079325795257605551468671014264790710454277895861846013843088728391680000,3
orchard,2009,12,22072,25356,477,7,42217,-3284,0.92782576207,0
swfobject,2010,12,0,0,0,0.,2397,0,1.000000000000,3
falcon,2013,12,192173,167801,394,2,672083,23037,1.0364179312015276838362876230698060,11
rmagick,2011,12,0,0,0,0.,56606,0,1.000000000000,8
forms,2008,12,2054,1102,78,1.,14454,952,1.070508072878845930217443754653975290391751725206856696088243552295308208712320000000000,5
fengoffice,2012,12,0,0,0,0.,293241,0,1.000000000000,5
flyspray,2004,12,21002,7786,427,2.,21456,13216,2.6038834952291857481152730843382024402023137866441538415694003892433601178171938912531209454990252992793376197082625844397286400000,1
proj4,2006,12,7683,4757,55,1.,62599,2926,1.04903965407257628854211054314257294703757643998321267396356990760541924600412843997634144411978587723908686209024000000,7
wesnoth,2008,12,260749,187260,4838,17.5,180923,73489,1.68996629448163133568808631729145735198141451339622815649273362625169811867904637890232979176279234067125716250958897547073231726182400,5
spectrwm,2012,12,14737,12026,455,3.,9217,2711,1.416692284038262162152510704071350685161406084076112585371983005019451548383078855829845153173641450578746226907922923200000,3
avahi,2013,12,31,0,2,0,59740,31,1.000519184712500,8
pardus-linux,2012,12,36267,906529,360,9.,3733409,-870262,0.8109634680580685223668,7
gnustep,2008,12,340378,181485,1771,8.5,2055017,158893,1.083798844382223313237443679784557152011628553616470102882500964803103836130821483488940789487051030960097409962259487094026296963653961616762212072000,4
pekwm,2007,12,3324,903,34,1.,23392,2421,1.11544513852292540223466558623844571820287920349867090906379457612429982503707221932928510391000000000,1
groovy,2008,12,205080,166075,1455,7.5,150334,39005,1.3503579480824092840828591185978978220805835815544033139435793990750156263599462388142693365848215745905910286847918738195834730086400,5
freshmeat_batik,2007,12,23704,26356,252,1.5,223137,-2652,0.9882545208117487082250233299122649921352626320596124968681707326172685903506117696224020248840307245333967730330315070662000,2
gramps,2004,12,101095,98372,959,3.,128209,2723,1.0228594934489828581493061517022080185900281145836832597147985224067769591706228138478721520712540047641259515404935876998158648027468924800,2
libpcap,2007,12,13001,10612,119,2.,41249,2389,1.06147709726195678461485983293107966031459687896547208331243473639260940003346106466870822454298012650852626615435864277845477760345560239679097600,8
nuget,2013,12,6144,2773,176,5,60528,1724,1.0293177334860852041564951459557482,3
google-guice,2006,12,5108,2298,26,0.5,21940,2810,1.14688970202590255446900,0
freetype,2000,12,216971,167161,1099,5.,175207,49810,1.3972184342543847879844613609488731635971778359089013595406115058660625197955944363293198201530480587094654051684797110981562288640000,3
YaST,2000,12,6195,3156,79,2,7846,3039,2.32245430807564659351410808900746399393112190004238867597589311597872035200,0
grep,2003,12,81,355,12,0.,23621,-274,0.988384416465101622718004099664987491546125782600000000000,5
mrxvt,2010,12,15,3,3,0.,32775,12,1.000366266825400000000000,4
swi-prolog,2005,12,191466,124318,2043,2.,862780,67148,1.08439580107754680241801917046097035096873065872082143867022732922129817970770775796467564662602503887095585419390686434276903056490742054912000,13
scribus,2008,12,2381022,2080236,1431,7.,1790468,300786,1.2019128914665616917199256257050983109695341351727247769147344991696382096025745558908713604673036944288970999318314262034453949759488000,5
rdiff-backup,2012,12,0,0,0,0.,15929,0,1.000000000000,10
apache,2004,12,471058,273207,4973,17.,1065993,197851,1.22790165663690133769604812758635889060687315814047404731917333775179736526502877253329666425674345153549722119985638144294077312054985860000,8
autofac,2007,12,3740,1393,28,1,8697,2347,1.3696062992,0
snehasrinivas,2003,12,5699,966,26,0,4751,4733,263.94444448308478325056363695671012105594400000000,0
linux-ntfs,2007,12,6285718,3834892,37096,468.,5781197,494413,1.093540271872486887654955812479741683532736335651059059851806887278285733700979590867344757460543056780355503737356788371994826473553298276812544000,5
fbc,2006,12,668366,264376,2864,3.5,894202,403990,1.82411283281445908759637344342593060369472743913485137564848628400512439544140069004296613608220828826590342564886239394210996167040,1
premake,2007,12,0,0,0,0.,18456,0,1.000000000000,4
gparted,2006,12,250966,8915,280,2.,262910,242051,18.2536175051574740266350861488508415027250791243753933330664499960059740260695433385255679548074450000000,5
cdrdao,2009,12,1304,212,44,0.,91721,1092,1.0120491233526765723761277050269356500023709310897000000000,9
eclipse-cs,2005,12,84539,97803,355,1.,87350,-13264,0.6235347544113467115343743676779641466477034039844978681646301861124001191766369365310644766505608393315402240000,2
nel,2013,12,0,0,0,0,2259259,0,1.000,3
gnuplot,2001,12,9969,5594,185,3.,83343,4375,1.05540218822834377265922780798270006468376595947136930760496490218024616054307473645814553760209490332223664954264850985414217227037440518127616000,3
libxslt,1997,12,0,0,0,0,88,0,1.00000000000,0
R-project_,2007,12,92911,73346,2087,8.5,607837,19565,1.0332584246743450444602713906768121994366198663138169409765814055471462838600106425795038883664660504550897071439277162294248610197419912244121600,10
axel,2008,12,129,84,28,1,2670,45,1.01736781164866122002577386030451160840138772971250562521600000000,0
supertuxkart,2008,12,52015,40941,1173,4.,36439,11074,1.43658584669205153646055949935206783261048494177622754274903729662168585862240037128817215544656419617750554526923918039385406650828800000,1
swingx,2011,12,74475,13411,202,1.,193948,61064,1.459528611446947414592823315067690977879259040276710315648962350134367393691868499588704919496616519035448253792041160000000,6
gendarme,2004,12,0,0,0,0.,139,0,1.000000000000,1
webob,2007,12,519,197,36,1.,3619,322,1.097664543527803469150427379167990000,0
sqlite,2003,12,23143,20916,355,2.,68259,2227,1.03372607221138547737978851016746320593131785853739371460734595067732121115417946356595695558873480186251759219859342735579351956948283699200,3
hugs,2012,12,0,0,0,0.,81336,0,1.000000000000,13
anki,2012,12,15125,7693,1418,2.5,29303,7130,1.32185257080681190374860752035393688509139365483390958846652933046815425717269515551308376410494840717905506542048339192234372725106059100160,4
L2Universe,2011,12,1183039,1555292,719,2.5,1506245,-372253,0.7936056810616568794428068526546921517207453047480335721411389129928445022140140560943466975625357919316128000000000,1
jack,2002,12,13296,9481,264,2.,9664,3815,1.6522482475179834970464636545125028854261052398059090690086879636536007484461979767002348116719183715141365405612959885078135976448000,1
groovy_eclipse,2007,12,90443,53557,577,2.,48477,36886,4.182296608989839282924998610391588380791111834811088215921083164833749594328689875326774204603806020576211816029434683382400000,3
lastfm,2011,12,0,0,0,0.,7171112,0,1.000000000000,5
hpricot,2009,12,20470,17249,89,1.,27018,1847,1.0733780938410327802137889676634099723655350324671795060785462362964965665494502548224000000,3
infrarecorder,2010,12,148721,134555,168,2.,152867,14166,1.1021333660242408212582003106505599634238878814522156279371593827722771624514244313507483406040300849265757634560000,4
specs,2008,12,24105,17570,268,1.,11340,6535,2.36004162342115097310837646479365092302755071905284227475498226671398832226858586010290027672250549198713460767931782711951254681600,1
bbdb,2013,12,340,219,14,1,54751,121,1.00221490023790336644127000,16
qsynth,2013,12,2485,401,14,1,20880,2084,1.110874654136633079732000,10
racket,2013,12,76660,39612,1476,22,3987877,37006,1.009366542212639823704915589539114850,9
OrangeHRM,2008,12,76724,38262,990,2.,193023,38462,1.253677004046255893206522354864360011015698168544340897448934091985430338244523205786374052742628336578657574154777086587081523200,2
tar,2006,12,5404,1861,186,1.5,26614,3543,1.15356941614857353717306405267679038854092363207672479888928200594096586518438204182474899378180129758834476447295308428810718778233829706969907200,16
jbpm,2008,12,485980,438300,2051,5.5,285670,47680,1.200344552402164715952394546051498035818777175479340282198998640,0
solr,2013,12,21034,9095,334,12,222427,11939,1.056720573145588108877992484686980,7
dbus,2011,12,18140,12932,658,3.5,98946,1588,1.01631093489916374513723977104733953115406428145251025379798288001559623609712917715449660396939782335695368015202370872306082781122695307090493440000,9
kdevelop,2001,12,508333,356920,857,8.,212170,151413,3.49210790523740751113384023255706950238158772851596378103071535052920509778334517859690247679063451689899818748038064129649681066786816,2
gutenprint,1999,12,8218,6399,102,1,8100,1819,1.2896035662764300131043418846354,0
PeerGuardian,2009,12,0,0,0,0.,115940,0,1.000000000000,4
nantcontrib,2002,12,35193,7689,119,2.,29873,27504,12.6099620073226730706295490050633899738873108619901838601143828053814,0
gnome-terminal,2013,12,4002,4488,128,5,19561,-486,0.9757569711087564218779748589999430,11
observium,2007,12,2285,1733,43,0.5,15354,552,1.037292257802912061759628193921348202265348224320000,0
jabref,2009,12,6045,1670,192,2.,126001,4245,1.0348648115882726817207282695981142049948465593259463601235036928722571408825662947793019244416090746475754308004458308800000,6
launchy,2012,12,0,0,0,0.,40619,0,1.000000000000,7
gcc,1991,12,42648,1072,122,1.5,42041,41576,90.41075269517385621444921254520871467958063295441537327566983641559190912593200931686390539860000,3
maxima,2010,12,33384,14678,595,7.,474486,18706,1.04104173065821667668949679304030253590700805547467517176815731586689881724623844762575874754710640334507336493795010266356951893230748326714228719240000,10
trac,2004,12,28308,16849,1666,3.,14085,11459,5.3636709823766988049543675493961953807098119539944747028950712184666314499396402999376806251476238650353147369751096675212120000,1
pygtk,2009,12,7529,365,143,3.,265037,7164,1.027781117061013976438638562438362774375907160269057178581164695601250507057368594051103737619217053435703250864715973607741085458526070249381606963648000,10
pld-linux,2009,12,190761,59036,1869,17.,2632959,131579,1.0526025633877022640354480919809333125917425307050518434620133125577959875607046380508694229387074036883027392471132180703029165411311022407680,10
guava-libraries,2012,12,100045,42009,843,3.5,206895,58036,1.38987229525862011017422605044591710140289215489737439646594125838848204935717824919679029355465981334079472455355469907476288016384000,3
cups,2013,12,4676,2450,108,1,553112,2226,1.0040407634246164853877560881863136674,13
nltk,2010,12,94689,6126,183,3.,213991,88563,1.7060863602793753187119502349867497883651244532830435629765869460520350905061012501360187627016451518952599755289575695873313911630664703281414348800000,9
flexunit,2010,12,90018,49243,391,3.,144114,8658,1.06391743443871644586334910958937759598407254515501908901864960000000,1
oradev,2008,12,9608,5082,52,1.5,5805,4526,4.538702111515996444401057292932333358336206479152768370934900,0
commons-codec,2011,12,49745,46537,315,1.,15388,3208,1.263382594407409216181508293062357662584862989834778428146341407447764936091688514912970318825539212804206085488640000,8
ixthemes,2010,12,3971905,1013268,5032,0.,10930439,2958637,1.3711377929882179530160187069195223449365759488000000000,1
freeplane,2009,12,407272,368840,2272,3.,163904,32734,1.25299491442999190003914798929669773685688414491143168974580322787278624578407748711839779471594313929240478134935631419233691187810360000,0
monit,2008,12,2424,1493,264,2.,27016,931,1.03569101016431554256311624699067532597375368768250262388570061739834727157943071818215752068619119663862509398751274846807536469427425236802056217600,6
mason,2005,12,1685,1026,215,2.,34845,659,1.01927689697456328128537967227376358754132993879663035934481457769719139332624085384632432333193143186121592214968186442352700000,6
plone,2012,12,199392,179475,3667,36.,445090,20924,1.049779697953878371082959499466374277643707892848320548211496824057332612111160922674479590238091335782713895489155947483275795664738806290186240,10
subclipse,2003,12,18955,11323,201,2.,21498,7632,1.5504110774047090500283254692113626355645089166590038402917869912,0
svnkit,2006,12,123978,97609,662,2.,78460,26369,1.506210285886767635617171009782362909342672189119450244218236762283361720972990982989423831583038741962392498691889762083219777500000000,1
gdb,2001,12,174925,106974,2621,31.,1073253,67951,1.06759262390975523045660371186435381860323624395350021018311586851248385311260544716116199563132968488259783512322217555584054008509123189504000,2
StatSVN,2009,12,3290,2027,34,0.5,48131,1263,1.026948024238425278796288374213368030484056838590653355353640555009765440000000,3
python-ldap,2003,12,1402,925,132,1.,6173,477,1.08374297752339614363734550419719380377681888439198902829516077877472960111120515177185190377045907741691839173177637983603097600,3
swftools,2011,12,3574,3274,92,1.,256668,182,1.0007108986228650573545198743526091970648166677983047335912259817255462743584825470109935679396079491200296019297327326334597657211319808000000000,10
gv,2012,12,143,44,9,0.,35603,99,1.002788418206702090475644300000000000,8
groovy_eclipse,2008,12,63974,40919,308,2.,71532,23055,1.47558636058116777796632488676482676644026953575878331387444762876484394751178752531789471746648828015669114304041415259967488000,4
tortoisecvs,2001,12,86777,9837,281,2,85717,76940,9.76609319867998950779391084373117324260896930183164638038874981093212658982797013634531631183232802131331481600,0
sdl_ttf,2011,12,0,0,0,0.,20283,0,1.000000000000,10
freebsd-ports,1999,12,110651,51211,7471,44.,159430,59440,1.594459445935730344129166112983372244540179749546780157257501558032893001119330405643611412910907220614069765664701199017551377408000,5
dbmail,2004,12,105331,53134,469,2.,80389,52197,2.85148269015606300603475134833754505106536330034268292534464908454193468296198689937663205667729645291405060237201470781227794432000,3
cel,2006,12,286338,187088,964,8.,299348,99250,1.4960069565989397833385275617768385652938813276083207716967670131147982166501707186485987863738656584980743628194854043153177869192166400,5
p4155,2012,12,537776,255265,81,0.,2152063,282511,1.151111603201738105496909039492646749027499837289915353540682400000000,6
freebsd,2003,12,447233,374202,11101,81.5,2634155,73031,1.028516851184762970810970636973610179584134734807999702272603447847074338938875408415569417862481159028956955449128185228951930036020313613539393536,10
nagios,2013,12,8136,6081,84,2,226819,2055,1.0091429232460650865803073178874173248,12
iphone-color-picker,2012,12,0,0,0,0.,2618,0,1.000000000000,2
findutils,2009,12,1456,1319,86,1.,17175,137,1.0080408498623950144419194354308626870902795718836409935404488355035764504274768583986338392406400000,13
conkeror,2006,12,2537,1211,176,1.,10652,1326,1.14218314390656847670667369885006335199993329535381531742297172311704119514406263645217039553700000,2
dbmail,2003,12,7310,4889,66,1.,28192,2421,1.093942803964557362293052715300420213668780337781708124761338990256633187220827269913042344779657600000,2
OpenNMS,2004,12,280549,100506,569,4.,482591,180043,1.5950890436849414934310787190104529501419011475311367089357286094677062855350277852053957210104348640637212834257716125640413473338894137600,2
gettext,2003,12,545205,358580,1571,1.,463390,186625,1.67430852887036322651837023050478587022210051093405889717924677196848838405549623038186753477716291282848481247558196720004060336129000000,3
rproject,2013,12,18370,16263,399,8,752225,2107,1.00280889140099798977445488519507802535,16
qpsmtpd,2001,12,0,0,0,0.,283,0,1.00,0
dd-wrt,2011,12,66392397,5022939,2668,4.,213681853,61369458,1.402918344206833967268033555864537226985490004369274151011650485236437144755407777065825879065368436168571390716259922745105730841272298598236160,5
Subsonic,2012,12,0,0,0,0.,66637,0,1.000000000000,3
groovy_eclipse,2012,12,0,0,0,0.,73314,0,1.000000000000,8
e-texteditor,2011,12,148,20,6,0.,120007,65,1.000541928598800000000000,2
freepbx,2011,12,121959,102737,2505,5.,177473,19222,1.12146526718868198962300974449506075813614928157624008531653564833963428980151385688111441297885092622194214459247344196743800364120992000,7
pugs,2010,12,413219,986575,2621,19,1159315,-573356,0.50389627918463552386763043117833163177583199749359403314384177765668660142401775792938139870629024640000,5
django-extensions,2013,12,6925,4405,91,8,9267,340,1.03808670325484724298684801202177280,6
zenoss,2007,12,1181531,293320,3276,8.,1646665,888211,2.1710809094659384538968799490586727932688238475743515918576258656390481251609742681440563482628481917400868986444374610881056528870400,3
ack,2008,12,5291,3051,202,1.,5612,2240,1.6642941874815744157126934867778057553168926533156367696095462707706712658381008320795270561200939718716999680000000,2
rake,2013,12,175,668,25,2,8564,-533,0.941409255802962506860400,10
btrfs,2012,12,79198803,55534628,97518,756.,21559043,1427221,1.070893781999984965571463073347975541358785841440420227427852462519872340001872310694277800716917448835549287812946230144878211984562443418932500,7
libxslt,2001,12,314759,91766,1001,2.,235021,222993,2535.01136326639278467440825253059506152587299006817060064773674468582961509918663297239061673819323840432891398939782209549312000,4
glazedlists,2007,12,9726,5190,195,2.,58844,4536,1.0835236060974494046864905011138323704810947346445560541005981486245902261806759929001640613431379797455511159430413569546784556800000,4
bitbake,2003,12,18238,13204,654,1.,7066,5034,4.2730819244147475776278694114728672638016061583456538624034052574967677651217861914363055761470240,0
avidemux,2005,12,1749907,292077,2367,2.,2579748,1370134,2.132703490668726192842215083954844319004031250883883248427586301350795692331184122332161902254678381842057354812510542522264075794293760,1
pf,2010,12,7783,3753,226,7.,60370,4030,1.071604982141121606315933637966930472371548620667156494012085360960137725919628652755142184197420562566836509719361121548609626922479479852197940000000,15
grub,2013,12,30133,5943,141,3,270633,24190,1.098201998140245318405665840053396680,10
venkman,2011,12,131,93,16,1.,63755,-5,0.9999215538611528671574897792634020586540000000000,13
coppermine,2012,12,627109,23085,449,1.,4117339,604024,1.1719249218960100349736074128241727461079335904206641973367697419644760042804419232760525179844824084791079039795947613739222079458729576484513021061120,9
expat,2010,12,3,2,1,0.,25407,1,1.0000393607809200000000000,13
displaytag,2011,12,2747,159,11,0.,32281,2588,1.0871585895683829010199328160200074556000000000,8
josm,2006,12,24699,16696,168,1.,54886,8003,1.17070153359764246574659350019870059596074977731818815406419707863615556213017931545229101563790958188928648494468685299745356430723871057920,1
geexbox,2010,12,55567,32932,4385,4.,136532,12130,1.0975064709512292213048033278102123600715186040267573500075384065790745606639636636803185244732142906085536704225657269942127419958091140000,7
exim,2010,12,5076,831,76,1.,98234,4431,1.0472372951850242439630964947535638699685525947113491282900386231297602614684932600000000000000,6
ffdshow,2005,12,251017,125761,1461,1.,561305,125256,1.28725212080515089664503112799197574150100545124477813532165166714733262775945302498851310289567976778438968981507950802253274962329600000,3
ireport,2005,12,42971,12911,184,1.,108020,30060,1.385582349888845294785376542089437424511460030064445733346978596998764421468991818959882572278216180441105823698982023365168000,2
jpos,1998,12,231,285,8,1,1573,-54,0.96681007990,0
qvm86,2013,12,0,0,0,0,2416,0,1.000,8
freshmeat_batik,2010,12,114,41,18,1.,223830,73,1.0003262467766821600779121638554890896115668196541599713400000000,5
vidalia,2012,12,996,1273,72,1.,53067,-298,0.99436257354205917062151789330288228927133458554278635175264436165924322831096000000,6
Hadoop,2006,12,114279,20699,848,2,96642,93580,31.5617243614135539675310193992403801346789154885737474824246363865233343059024060616533999283837164704599652515840000,0
netbsd,1990,12,0,0,0,0.,336,0,1.000000000000,4
claroline,2008,12,172931,122220,3006,5.,323126,50711,1.188664714694960186397095366162504153574707864945642782850992521811016762149923297417660731420566224174050087840477756328168796101264000000,4
zope-cmf,2006,12,8930,12138,189,3.,39924,-3208,0.9256236669221940584183159414199358171644225769528696321395113210934325087488898685559588613920948554814898591247715098483710976049874414560,5
glew,2010,12,4281,3224,60,1.,51597,1057,1.0209141274256779947743808416054221486112044451538031695074074087104741809759971500517611137262895863484086236524214497509317640463235280419079702155520,7
ohloh,2009,12,36571,11558,362,4.,40285,24013,2.488716676926946170814918605359184819529923576298168898146440255980735835924564143198043611760013973289464962507736601433447754231512339200,1
viewvc,2007,12,4605,2990,164,1.,19571,1615,1.08994208063479514289575533124786719651559752745666412866914678977233314887816141254971569366576351731719510513416000000,7
panda3d,2004,12,140045,79242,1750,8.,401175,60803,1.18275403961406445112017310494265689512741952081190614357819584515445065646368487545981984411252558874788377678360080601602425597460480,4
flex,1994,12,390,226,42,0.,4821,164,1.0352158041646758657851704203787633214191096980000000000,7
ownCloud,2013,12,1740696,1067274,6081,47,921671,92959,1.11726956771194884120415392674352,3
ace,1997,12,491053,257389,4702,12.5,364387,233664,2.7874742777460431116780146783410229351820007647224032146638181426014318038698623122247924570284282959646033966435039631026880000,1
ndoc,2004,12,45659,25665,879,2.,69101,19994,1.407151729904108965046189079843764661072988495940895122316727823435492484635922541219900318680497971411371674553390969226320357423547200,3
pmwiki,2007,12,1743,967,293,1.,6318,776,1.140021652835797214077962179324663591566993377923599999000664725088573347127147747596119209638913617427876915404800000,3
monoxna,2011,12,368,196,5,1,92068,172,1.001871681031,5
miranda,2011,12,21483,32580,466,3.,766682,-11097,0.9855236947229574049401548805476537370201123276205243356750329027451827513836618415246545637385937181772087488220953017959203682478763802624461384712192000,10
falcon,2009,12,276425,179493,1844,2.,203562,55246,1.372488470507666080292719127027876313942971142589810709801757152566663446417144129522536647207342999354038945788348168316035840000,7
Foswiki,2011,12,2259402,562541,8285,10.5,11960455,1340788,1.1262551829638488217400335448048454432646708307114936938672553224095639445032749336621889645293123223730653230133850987734552398780909158400,3
lives,2005,12,18031,11310,258,1.,55565,6721,1.137601343049477492937386310646812711712825475045004089343375068632077742865199986788739341056793985485927623844436899855007039225435557461440,1
geeklog,2004,12,80490,54432,1394,3.,76557,24688,1.4759683048071695514992498134689958314875118349766073086218521846577844187792377453314397022225480572414599802695635352336792530254165376000,3
ffmpeg,2008,12,111286,87963,5213,37.,307773,23323,1.081993320438693262076940688275973870768842645173023279065256098831835503179249445385183350338737638865750617636167074707754478571420155352000,7
cayenne,2013,12,3412,3342,47,1,231988,70,1.0003018477394092602487159573145574032064,6
psp-maps,2012,12,0,0,0,0.,2484,0,1.000000000000,4
hippocms7,2009,12,21831,14267,400,4.,16894,7564,1.81071811365771428366355743050324688627619001033532633509173937661080606651417776658182134299214238803049411772163284525014928588800000,1
anope,2013,12,5328,5021,149,6,151922,249,1.0016416896876115155328006861667137212,9
monit,2006,12,2943,2194,241,2.,26028,749,1.02962933660394409038555313169387172010077325755519154294201917970829376191118911292144478820935239516648487844223146941290851640744000000,4
pf,1999,12,10760,2803,110,4.,26126,7957,1.43794375039212311098973793807901149500922023240908187460524002094252318332942484720045189120303873563963316483599928663884635841544388793344,4
mantis,2005,12,67762,54429,1192,4.,111736,13333,1.1354938365700964589336695343314715542935963171161664460871030430814927799877564684761702730900146783165771401511124021823023115605177712640000,4
openobex,2009,12,1742,904,94,1.,11577,838,1.078047871847071323766720062057933153373295934283893644276590749072294793981570118353054667933469941728000000000,9
yasm,2012,12,555,58,23,0.5,156120,500,1.003212954632941277507859388985748025496701398662566144555724599871820000000,11
midgard,2009,12,117294,58425,4310,9.5,554478,58869,1.118781135922617486709116945422159195000684385851743775438020948733085993159050599033453965649755797976879763387590472881092213209290547200,3
PackageKit,2009,12,224042,144832,2955,8.,104302,25733,1.389304084784649613379962815805215545076264202313048829276613648397638268055767920769695052391191056621640603944922382255223243054080,2
cs,2009,12,755803,1309666,1214,7.5,2480334,-553863,0.77326557454225634787814550612678564775919491768095581475349964594501658900162043959579799892014990228889357273646982148398695061552960000,10
xchataqua,2007,12,31560,26160,135,1.5,304614,5400,1.0184293422367525021554553797593893591555630049341834809312427466157030675719671003447815391185143880838700833409059393500859060529864352240000,5
mailman,2008,12,29537,18259,128,1.,131973,10837,1.0932792783261107160364874792130422006993404202808873830457672726454918368714070944000000,11
ejabberd,2003,12,28876,7190,242,1.,24759,21686,8.114829397578961613547384003537015960566486113971807793176201175472216826477719880658750263772118549077919565760809375000000000,1
ree,2013,12,0,0,0,0,379955,0,1.000,15
tycho,2013,12,3533,1815,90,2,90802,1718,1.019285169053332668759122736385520306,5
alternc,2011,12,5318,5801,350,2.,39195,-483,0.9869776220009537943642292547119775657566502275815075374906764486014969116702576198873622536564609209870492552008619745403816174065416909187837746800,8
jelix,2006,12,34632,13383,696,2.,27395,21249,4.45737064772401727822505155875776403081931349775553922981318892978883479077398192404132435701293317486272225168468878662413189120,0
cairo,2010,12,78440,51902,1394,8.5,230871,26371,1.1430307040223952906698542389208593792331705041862277533516672027005860799119392276923784191822103415637595474227922365240355963616840000000,8
argouml,2000,12,112248,12327,231,2.,174234,99921,2.344596503974443470924015146494065806787096993172219650702387827175448438095704696263735912306003022896276568171741261574303851215383998464000,2
zope3,2008,12,17662,24036,748,12.5,187500,-6374,0.9657576929687092462081286338138056289283355372256645573240755288355481505583649827215757256833998531960372832959447749054873395984859136000,9
config,1998,12,102,33,16,1.,1670,69,1.04309806371228255335459747708714561377733140944552051820178827578285312000000,6
processing,2004,12,22091,9969,320,1.,17382,12122,3.350591429022517857894532422663792125258906470382122130860949280748655686641340451272925198241639258195414468000000,3
jasig_uportal,2012,12,168540,97255,1169,6.5,163553,18339,1.128266282433394382041057271151647782143566356459112934402876818427462635567882899834585974583514658882048375167217950474508570749155200,12
jfreechart,2008,12,22541,12289,453,1.,168223,10252,1.06489798759616078336911498059723782715908455761288791085663382298655515421298931015586105902349544550219914445858063417565856900428480,4
tar,2013,12,1615,104,6,2,21968,1511,1.0738622476401183030265160,23
phpbb,2003,12,209512,165722,5446,3.,109794,43790,1.66344463974085606879368927800385140993863125278949899172167616071233136391061223493248945470205808779224508380319305632000,2
elinks,2012,12,248,173,50,1.,121053,75,1.000620183243373967491776554099083821769402843006727824358052001837234838406113685476460220100170097459328000000,7
emma,2011,12,0,0,0,0.,38912,0,1.000000000000,7
dbunit,2007,12,1789,57,5,0.,36600,1732,1.04967305266057019006880215866888614600000000000,5
libtool,2005,12,11595,10327,306,5.5,15380,1268,1.0898526077124534478560956497044305881901532612058100286163725259258947214602007303316244979589051096095393869635134993306000608715063444468924416,8
qsynth,2003,12,3066,698,81,1.,2610,2368,10.7851239671609813431,0
dolphin-emu,2010,12,645076,583645,2507,16.5,711683,61431,1.098953299560277787385946816222312487746451401687594563289622037393387098043041160077150114591010189697144366909055072258957578574640000000,2
lwjgl,2008,12,8657,12582,271,2.,44240,-3925,0.91850929100744815363862137507605306546980949436613512712882154446572757226701248117962806257855206217037385933233875743599857200772463805201408000,6
jpos,2003,12,14206,7344,434,2.,46217,6862,1.1743615804966961057907564841079900732582227215888476339578878331586063128745065631571044218828883859348752962472719785668908205219307648000,5
nhibernate,2009,12,200151,114608,1119,5.,427590,85543,1.25009136173177784221308122534180493695287160885407732746154960988829200066134907326856565822695674787983744313957172585089137858295859200,6
django-cms,2010,12,165980,103457,2563,10.5,90669,18031,1.24823095349300055664464498131973624848503226069948844812895723199996889974059174199296000000,1
gnumeric,2011,12,51982,41637,932,4.,437392,10345,1.024384897155678143052036464532395119021990486248556358442623909471628632311645743290576664615105064001179405318851445098481265294489931120136617984,13
bitbake,2004,12,25692,24434,668,3.5,9846,1258,1.191418137469967484953900598271974321540816224003027830975568903284511403788077836020813932657659604249253389193267879315675504640000,1
commons-fileupload,2007,12,646,432,46,1,12408,214,1.017624773510097611971444972192440337498537860000,0
acceleo,2007,12,226571,166800,651,2.,265141,59771,1.29104056095004966978297576658376450188402908257457955367952116934212963046271119237042350428375648062871611114069549583756387667022770000000,1
mahara,2010,12,342882,135544,3198,8.,386303,51929,1.15530214669147177783419057030294122181403045640868246519195160452421444823510751885553309973535793882500000000,4
gtkmm,2003,12,31119,14459,119,1,128829,16660,1.1485258850541135198237769554369456038634417683898455932048832862234642332962091680226226636091449339400983857073138960000,0
ghostscript,2007,12,1047926,998239,1858,16.5,2558330,48763,1.0194458900291638083632067929380137070004326066799911106392028800981685933797605426054777055183618432457917589102171565245832721771776721689600,9
wxwidgets,2003,12,1624405,1255597,5572,12.,2305421,368808,1.190439700639187261240187622822038097078644712767877589593749544642203267152023416251050426181654186960843512562243889856274475676054646400,5
performous,2009,12,39881,20967,1107,3.,20480,10481,2.0482048204542878413043831555961954669977575184837404590944308833255358440313847971782365342551331596522767363131725528431977632713648000,3
drupal-ecommerce,2009,12,0,0,0,0.,29372,0,1.000000000000,5
fabric,2011,12,18677,22190,579,2.,5872,2527,1.7554559043684229446881965389008679195703194299513178030880336848981085418546047866727188773066595430902375929026430590528741718798400,3
celestia,2002,12,78285,24315,542,3.,93069,53970,2.380342208181556254675509226849368122879909901222702198825921413629163374605750111143450212392961655475926734857356440710616721920,1
l2j,2008,12,125603,93366,1055,6,183617,32237,1.2129541551045206845075111452799144659373888863675307451386713766958022056038438268936750796139755700874337445808248636047360,0
jmeter,2009,12,14402,9735,613,1.,148236,4667,1.032833594811334307673370231915042083819145072971573064996889240105598928580943120957208665356540130380861090489110190155464986515250190276681216000,11
mw3d,2012,12,0,0,0,0.,349022,0,1.000000000000,5
freemind,2012,12,12090,6393,364,1.,123644,5564,1.04712059621108023481024880996819197886242346126937617040248795290166828556383178944488964214937683425992000009275988521732369443296741245086720000,1
GraphicsMagick,2009,12,165698,156684,997,2.,530899,8813,1.01713238180935664818998419123297375102767192231516006428701132108532748685929573551619710731663810153047435966699352545251892386518840290828800,11
qtoctave,2009,12,22012,66294,36,1.,69240,-44282,0.300806846361906445818646342302613186556720085247128607667898678334466873730336900000000,1
buildbot,2012,12,92947,48762,1379,13.,83984,15282,1.223620480251157128886615548411567287610345654820321808217011245608266059307636898331322431068344088282720351069488383034029330779360000,7
struts1,2008,12,1463,602,50,1.,172005,861,1.005030851212564981331757653300591279705461182487958085331222125528670610989056000000,8
btrfs,2005,12,23575469,13691223,36615,325.5,9501704,730612,1.0832977239284325937337700858210428138395160463421534508632530696522670776285237110495872512000,0
openfrag,2009,12,0,0,0,0.,952262,0,1.000000000000,2
libglade,2008,12,19,48,9,0.,16310,-29,0.99822151355329105432239330066221063400000000000,10
swig,2005,12,116413,52582,2659,8.,326656,42554,1.149784232414458816514783701600347161660142470902610091751151461880432445606023774720228500874335521024223191647418266320508398372223099099520,6
kpdf,2007,12,12920,6104,67,2.,80293,6816,1.09276372198553724881464184376518830752763954618119807836505723680361919364127010109066064718109067264213164461322887718310465379210224908697600,2
lucene,2007,12,104010,94352,1120,7.,301425,9658,1.038493270231181974447147068947539494243462056239006516204751023491179703050965400554448336566204996006010727842785289742703002233007360,7
slime,2005,12,10426,5503,385,5.,25814,4923,1.23565171605485766671008612808850866411731825793019754904638631622675955651936153535148018850615946606183272684961236250459502156399360000,2
zxing,2007,12,2282,1251,81,3.,4813,1031,1.272607086149479474680,0
simple-build-tool,2011,12,0,0,0,0.,15048,0,1.000000000000,3
gpick,2013,12,1802,642,37,1,26172,1160,1.0463777386848969522517446509587500,4
grub,2009,12,555666,203187,1776,6.5,131212,32369,1.327478931227245019932126193894457255432865131343824864853964357455444306977610393939715153918923383491810240993706308413649510400000,6
fura,2008,12,65377,54279,186,2,276688,11098,1.041786211791879921849064925968162659600030293738635192757124684921015493655543154922100580054942672000,0
sdl,2006,12,1641315,1184155,4754,6.5,1608883,446894,1.393860314790967013059893740857758774911867995621785576096361681439497042685599050171072696529950786964664663328127322508930342535931647214592000,7
OcamlBatteries,2012,12,50418,32440,1165,6.,91150,7244,1.0948217183816843175660467085383257640833700463287967057268730081585728975646153656435560712569724322410545184485362423587349209252130534400,4
meego,2003,12,72907,26399,489,1.,51165,46508,10.9866867098327131829089681735449979518544614351515985624792060930003152589127730234059869828517286903808000,0
gdb,2003,12,419816,155360,3580,33.,1430329,264456,1.22683088128038963012380389795408518763743488291062143776200370600395867245769792810494089665652858109397641167374368415194213144411617285400,4
jasperreports,2009,12,317526,284929,881,3.,236664,32597,1.160833053764969623769499338788669699912528049950421162900873540033473032333949798681674744558813394880418212733359860152525898914593079936,5
swi-prolog,2007,12,188807,139408,2387,2.5,1058005,46432,1.04590079015616365057991487587442740294009402220395680411819233843347618362407474828563449750728816689179440449453584668690954708856105560753766400,15
ossim,2005,12,87555,35208,1376,2.,333697,52347,1.186056513236292720844009464054673759041334099883329845852745903853595957801809787466270932976187655524127811559953803654828370245347520000,4
Centreon,2007,12,16219,13015,359,4,165782,3204,1.0205058624778382266968202996553720,0
stackless,1990,12,24390,3470,106,1.,20939,20920,1102.0526314739430445830738115456438230096,0
HAProxy,2009,12,20614,9238,634,2.5,59192,11376,1.23791199598165246181730500920109641904559276831695797050580100592608093690018454638017366976455605955007258227091297202625889299660800000,3
jpox,2005,12,231990,110690,3801,3.,343102,121300,1.5468841579540972856189556331805761940472659243333856672463036609631659040644036137214609933634000066761308859339932263483206240809600,2
rxvt,2009,12,0,0,0,0.,41399,0,1.000000000000,11
openwebmail,2005,12,20088,7440,145,1.,133565,12648,1.10460067649581445355259218455563348167403757879582273784000000000,4
wym-editor,2013,12,194,116,26,3,29864,30,1.0010068465561686740844080,7
telepathy-gabble,2010,12,133831,75210,2363,8.,109322,17976,1.201423048929420079856566216443700679032281038775373944693918503608738354964348330449369249829091477385668738755957232575717727559200000,4
rdesktop,2001,12,7289,2977,18,0.,9614,4312,1.8132780083590864386941698828884000000000,1
syslinux,2012,12,13233,3932,122,2.,312464,6788,1.0222065193207814868325610451662868656866280831422470297104483888935705683648094581593388536244044761843714234926845856063419797009032260102553600,14
aquamacs,2012,12,857607,584555,6413,44.,6306240,48834,1.0078113765472725876472514894188528397405123768617190043467593077155039855222572414009599350151355188168000000,27
gsl,1996,12,15075,2313,114,0,31491,12762,1.681403171582266185296000,0
editra,2009,12,26219,16031,623,1.,61241,10188,1.19955732277924122881291981123088106952010467051009365601533074894234659537876725062679785848561043342855543307590793091788483106112000000,2
displaytag,2006,12,5647,10920,105,1.,40869,-5273,0.8623489179146588725588637839046203446406519142746109425800114596711801722933040765218139397039360000,3
bitbake,2008,12,6204,2366,260,1.5,20138,3838,1.2354601226948238455021032999676510546971613096511808413177654382376187378547021284091874614214158599844554947721600000,5
stripes,2012,12,401,144,18,0.,34510,257,1.007502992438490872507406573095550210000000000,7
connman,2011,12,26701,17081,1116,11.,55468,9620,1.20982376549832036371720576127875538550632756457987676258262303889196762886533521075788225874763385659622951051120088756944146113706400,3
googleappengine,2010,12,71036,14086,39,1.,160901,56950,1.54785427749397341710211935431451799103397461072679675083171431613327858944000000,1
mozilla-addons,2010,12,220505,90401,5480,15.5,288745,106889,1.5877672444755059911127117853481163420684828599024543391876602633408967861813838454106773654243907594873439641464636534126454046720000,6
xvidcap,2008,12,1518,852,33,1.,277131,666,1.00240898486199865701492709417007523223327957391698041191750547431108921470222370928080805888000000,5
libssh2,2005,12,6067,1329,118,1.,10783,4738,1.7837882548159569979706664784384126196545388318128468089927778671084190811883776192386489383884460026808096392014080000,0
bzflag,2013,12,2531,724,124,6,373697,1807,1.00485896367208543302350554143920692920,13
plan9port,2011,12,4523,2083,122,2.,812875,2427,1.0029946400017083417496133703085362783012593780227923338041925193803376961917138972012989004630449507028603224821787629810018345350830604972601344000,8
b2cs,2008,12,13185,5645,624,1.,30234,7540,1.332246408750250021057697071689345988535235150859713410137142277847447008280375195412229609118735884577389401277940808886661939200,3
thunar,2005,12,108306,52536,433,1.,55828,50760,11.0157852691742071276425141090467775015859924093071457302227866606223055544049407354671360000,0
owa,2012,12,13784,7346,282,1.,66618,6438,1.1069790628149480902019365094536343439477009561418369067232535797475811384650297462639111208665256438866409970204264781984256104509338009600,6
mythtv,2012,12,1953544,1703995,3710,27.5,2187066,85390,1.04092299345825434119659382577386572038066112868954614077324011907868230864295522917535741196047605582429914835513286557683969615038557183232000,10
ajdt,2004,12,122759,117393,298,2,152406,5366,1.036493471161624561173318807550176,0
mariadb,2013,12,75055,10359,228,7,1702139,30881,1.01847769763456405818648000,13
dia,2012,12,13146,55973,261,1.,394166,-42827,0.89120455632253161179086388165428223712771085946875471756171686624247846901287851528609377147770475338890473359821905806582405919269552128000,15
postgrey,2009,12,0,0,0,0.,2297,0,1.000000000000,5
metasploit,2008,12,207675,190955,792,5.,297672,16720,1.07055269085085537198128050903300376166355152015916781077152710949789169954180281368847807942792473516647187307431731019921689143148544000,2
gnuaccounting,2008,12,67646,74549,364,1.,63680,-6903,0.75294370269174232767056595374819431303893021319782610346912468842792473511637238346133688159974608925812790264636906130804484034304,1
xfs,2008,12,14718,17458,739,5.,79940,-2740,0.965712283516268113133910908715821067090218237141884296996078685516883793081213900992278216494218423064697774248131593900440675791275786250273280000,15
staruml,2011,12,0,0,0,0.,1517505,0,1.000000000000,5
eclipse-jdt,2012,12,78896,40459,879,11.5,2087369,36988,1.018039574107875679040148679470504229662828849987298606171115406469095224850712671926970653134054383285267409403786701389790756804609515719507305267200,11
limesurvey,2006,12,275744,114437,1092,2.,144930,60604,1.7198821657194998168684710681470470660217030241789971621637262225483608180719436047981471079200210246576956877560169118528401570285158400,3
axis-java,2008,12,28,4,5,0.,187764,24,1.000127836369448903552575763319277798384870000000000,7
Fink,2007,12,25482,16421,605,7.,297214,9061,1.03144510034862219283439358371957232514840214659184731390001036751797237116129678559439011602005564680916269951590736579728315445142370766403122534400,6
fop,2003,12,231920,213393,1069,4.,214278,18527,1.0946457489328668533840000187547590739572561630453253182863772063981431562526416444654088478510200951434704595044876558824622085253661625801600,4
pax-exam,2008,12,43399,41166,413,3,10151,2233,1.815261044088556811015885006969099935983139610123977800838035000,0
elml,2009,12,15206,9466,69,1.5,124413,5740,1.048368205063171373621534153198840974614964986021555248877834294000110850572828427730080128418614051909965058400666803530313673112959529319424000,3
hibernate-tools,2012,12,0,0,0,0.,24209,0,1.000000000000,9
thunderbird,2005,12,58562,47262,1639,16.5,345939,11300,1.03378782441707418637023119069367302131545212931504909792133549260328479233733186240598947461391828709057471526167697846237328928112249204152560000,7
smultron,2009,12,1571,432,12,1,121025,1139,1.009500692324,0
songbird,2006,12,218341,163135,2212,8,133891,55206,1.701607676231810001165221582823735304985465243196688775379087038124154025167753632211482111118783200,0
tao,2003,12,1792493,1579863,2515,17.,1753881,212630,1.15146420862075400841718241588946748628792612759103194417359929376320063509573815884360033726876388798115231151062078670603250524487680,6
varnish,2007,12,18464,11546,768,3.,22649,6918,1.439768609757111276779364228469109863000229267887244614005587824207120046363002214375474267553977058303626176830713647249703368605958046400,1
mldonkey,2006,12,25764,29809,539,1.,240278,-4045,0.983001773360537183415867342926568736785231875336367500091779796305739366502973251509534277822747776812993023444626384124798492789880015672702400000,4
npgsql,2012,12,328,225,17,1,80284,103,1.0012845936068906772441415958015315876302451234430733635182791837455003561739470000000,10
krita,2004,12,197387,104341,3132,17.5,561476,93046,1.19863373398692097504319203184258063856002443771646373874597462276526414168582448394348316667020644442823983538465915081744487855624279563878400,6
xml-commons,2003,12,3435,3265,117,2.,229699,170,1.0007422154695479662011668589002929665134834110214202848001978188612962423850178003586719102953024872750605451612430742793025787623676354907136000,2
R-project_,2003,12,195759,160663,2883,11.,495124,35096,1.07629100837065152463594984930105435241845228197027643826041871083763832749582745711825586863520727371751254154001583501102141711104000000,6
phppgadmin,2001,12,9735,5715,85,1.,7226,4020,2.28639999984485013655161589626747641233758968587884844281446400,0
springrts,2006,12,292612,186967,1616,7.5,254492,105645,1.7097556551785449175035342693353678149511781690554798729914267878633702650748550282364050666002236123714576142060266579262627557888000,1
pkg-config,2013,12,175,241,7,0,137665,-66,0.999520805047500,8
ies4linux,2012,12,0,0,0,0.,2536,0,1.000000000000,5
socat,2013,12,0,0,0,0,39974,0,1.000,5
cargo,2009,12,11139,4250,173,2.,55504,6889,1.1417868977559870789207134403507069131404087850009762923871217434744863244337175758457064561530943059948800000000,2
sshfs,2004,12,108,58,6,1,1155,50,1.04524886878,0
picard,2006,12,39918,27938,608,1.,20718,11976,2.369938229203076813143915287333295235009024,0
muse,2013,12,2,2,2,0,27412,0,1.000,8
taskjuggler,2013,12,262,173,12,1,128069,78,1.000609417849754009999014560,12
kompare,2005,12,77,65,9,1,9121,12,1.001317378417000000,0
mozilla-addons,2012,12,224575,138362,6266,17.5,449775,82225,1.2237110597279259236149187898360788812332778936345162923782318128520958482358105684353199189257212428928924822137316594544747520598800000,8
origo,2011,12,1693,2487,99,1,245995,-794,0.996779544836932389252738075494578336623010200775904958410193523200,4
wpa_supplicant,2008,12,27965,9571,476,4.,159024,18394,1.13079712721932614545009772001710583394581121726061389529732742223299949252881425806260113958668623970506760003152832,0
rxvt,2008,12,11,10,4,0.,41399,1,1.0000241557563200000000000,10
file,2008,12,6281,43894,196,2.,48786,-37613,0.22878349838757898109498565070575866052378165613079126494221661815595523605295983171727779718313347130292513056819181770591096647139114306240,21
libssh2,2013,12,6,6,1,0,26242,0,1.000,8
koha,2001,12,30933,1745,127,1.5,65228,29188,1.8098779133456069792394481112689872481121806649273218260383513156311703221484543328417744706589022525045170943850141173514726158569097600000,2
poppler,2008,12,20429,5664,769,6.5,127815,14029,1.123292847978407928817019545438182296189205489999761778640892122157270890888607787312052610948748731755335357909344472810010446921570267796569600,3
mongo-java-driver,2010,12,10465,7592,454,4.,14273,2541,1.2165871121827054568369083875298630881561471038386437736560542574528653106862723546847836013847209109668832514210850911952356024442880,1
jasperreports,2010,12,99622,73256,965,3.,261639,26366,1.11206555789291069742425044004650620855556835294358777994447824310007437107063190970862159686997950873915336084776323747170858826586518780000,6
cruisecontrol,2004,12,92278,50714,695,3.5,81315,41564,2.045608915523639447180224332148860956038604169788021136838618067949755083969925397131177959259147425270447137491155646721518828666496,1
swig,2011,12,38879,27217,903,7.,569649,9150,1.01632654517823918066114612715646733878620352038133574760090666491046474998076537379809529960936195732077299277799101379307594998606581044048776286000,12
selenium-ide,2013,12,0,0,0,0,11771,0,1.000,7
pardus-linux,2006,12,534875,433904,2955,10.,155230,100971,3.27151245137607746787311878829364804335668879177431122950066111100231215725878543200701089433316606732613496913609071533944995840,1
rst2pdf,2012,12,667,477,75,1.,22279,190,1.00860156639012298849145289269988976009364482514066379291951905094567287709964948051200000000,4
phpexcel,2012,12,22683,158490,468,1.5,204193,-136672,0.3077164652331758269993052438646427529782795086422249505817733344371539906408628692489685271662749723160118798310400000,2
pharo,2005,12,8875,1538,1060,2.5,348895,7337,1.02148097834151470280650118278066199969945464634477623374523229267668932140259090652780402166424653305196296323469188355329819535729586540088320000,10
wicketpixie,2012,12,0,0,0,0.,43548,0,1.000000000000,3
levent,2010,12,41712,15744,1328,5.,90974,18314,1.252050646838437747245058219846311965759641240346039824491523205932594052053044539753841950907819947416821464701032826644724938367476480,8
gqview,2004,12,0,0,0,0.,11111,0,1.000000000000,4
magpierss,2008,12,0,0,0,0.,2259,0,1.000000000000,6
elmah,2008,12,14876,8472,426,1.,22020,6404,1.41009221311033408361500382563709347830351231801977074615750314445923462851501296650943500000000,1
firebird,2008,12,390013,268891,16421,12.,3670183,121122,1.03418697755523959542547868646961064848873621564289636679655362469409034831687815476119514877750903925772129345017700059658495299086600320010009600000,8
vaadin,2006,12,121332,133783,341,7.,1803817,-12451,0.993090056251072444427840,0
PrestaShop,2010,12,544083,425908,6211,7.5,433331,118175,1.374973029259095883120627492956749308866732111485633193502402084062299612248021424480989269296248421012179123377845747794604225258826547200,1
fuse,2008,12,3120,5636,86,2.,28513,-2516,0.909218834596258909657420821265562121619720916000637880741942117693789458293242911837004961829941173100592645541692202528513731421440,7
vtk,1998,12,132209,83195,1846,8.,229298,53719,1.30595344546531746818476698472632609008171436505140374994838300772350700114560126939442139422686782295184082398359073379720313953331200,4
gnustep,2006,12,862441,385886,2739,9.,1840588,476555,1.34937204602096710918094257445733233243737144921341595097215830959073505337233147785594423776967685719192480635732442381686502404640447450000,2
dwr,2008,12,1011515,1035956,1018,3.,383951,-24441,0.86728892810038015888435477677302147839785183473335975554480401292779254198575662293738844642661008967293424616924519042642638528000,4
tiopf,2012,12,21162,26057,116,1.,461360,-4895,0.98939004116170241896406693022492599281653572081697116196935323157353695660833987177225548635843844956352669240994930857669387879526400,6
rabbitmq,2009,12,273749,208308,3379,8.,72020,22039,1.4409475600780449611684458043627879579180220273560188799086118860908488574675348459825875295556657863506542137418546598126300137641013248000,1
scintilla,2002,12,41228,15689,1557,1.,130751,25539,1.2427384709160778249129421434167178969042069718530001145236237727263416103918405323270473865301225303202983289091247740826085285438048000,2
midori,2012,12,17953,16176,948,4.5,52457,1777,1.035498821359869498659811502654672648501848254181716263319634069070989295404910260408950639253024691116922611773590175931032162827219634280000,4
cake_ptbr,2011,12,3838,3776,32,0.,8094,62,1.007719123505722361727953937787638213000000000,3
osm,2005,12,96764,120252,527,2.5,69259,-23488,0.5997887168357799497159927581608591298325031089548257305071184109741287183117272648106586471973781639651301485112345600,1
openwengo,2007,12,237792,804718,1045,2.,110088,-566926,0.162075958024594127757590704486597861918684367173218303195763132561781597777334082070280159047515058775314628815279981067610709706701222707200,1
impresscms,2010,12,428036,418957,3841,7.5,857220,-5185,0.99393386331644805043793727424775337701866262953045541335108883300494990701507169595874665935657531672360924705241735790995114841143329488322247884800,2
classpath,2005,12,237504,129405,3222,20.5,525238,108099,1.25914383453561478987706088535145948061492822486163815280554094470009442590721043391384596063255415736486629095792000702722850823475200000,7
aur,2012,12,3429,3447,324,1.5,8342,-48,0.99400524541193713283717490834796781405075769620881614964429404835362401646929921952000,8
psi,2009,12,67544,198706,662,3.5,292644,-57823,0.7955961058639767716549054162103075938777141147124824112048400468450323682133817169119383744612544136661011311930729003307295351788672531200,2
taskwarrior,2013,12,1286,773,33,1,57498,513,1.0090023690445716736570682660700316688,5
moose,2009,12,27424,18366,1161,12.,23080,5562,1.317501997967358601402705902480527504190164697134002470384844353722450571909189069664964171811087402545636520317536121114987090841600000,3
xmms2-scrobbler,2013,12,0,0,0,0,1256,0,1.000,8
gettext,2013,12,155,170,28,1,348895,-7,0.9999799370596933489770107263057626434154564,13
libcaca,2012,12,864,343,59,1.,70669,521,1.0074271540168961024953062831901509130188956482379825025542592000000000,9
rst2pdf,2010,12,6615,1478,369,1.5,21859,5137,1.307200095636963136229293003953530856242326107578407013401807790066223968158635587772165091228611706561771956428891182366464000,2
PyICQt,2006,12,97318,96554,124,1.,101649,764,1.08278253377433079289627143061873557777349710991306915454693884951850728774334357041971200000,2
nsis,2012,12,5484316,5389526,119,1.,5445632,94790,1.0177149987690630919650939360182123304811053821253173374131794109132259010624104687068554126922641100640656719186935456383422967435623706163200000,10
kdepim,2002,12,601011,477895,9711,61.5,760606,123116,1.193126166613861868762255298672361974724568571805733704670038242856156521795643213759655756764765443098278937650755098928436903200000,5
openembedded,2009,12,29549124,15882982,1940,18.,8266976,4250769,2.37462398717561077512938043902387369470627301699886661432079490813077483463900620896312798514406865017751401860433526653988387314312750000,6
jabref,2004,12,81927,62030,511,4.,60201,19897,2.3754320475513610963378802170329450782047815428687322266572089538395369655192888361268102662504249865632285047581589259017728000,1
packetfence,2010,12,99361,36966,849,2.,51857,7982,1.1819259259194081516631830045953570176654575145990915485869137503545143154441250000000000,2
kdesvn,2006,12,27258,39103,409,2.,46478,-11845,0.6933650884111314210478348294294829301296777825568879697583394872770024446581960335389927247726472359598909284997580597247510800,1
patchutils,2004,12,58,25,10,0.,13691,33,1.002416166349100806207061130000,0
hippocms7,2008,12,28064,20586,448,7,9330,7478,5.0377969764731397563709310777376852118193068795126755551475297642838639254298262711936125513000,0
inspector,2003,12,3561,9281,99,5.,17808,-5720,0.67789165450422167914959035899702299527129419197216823353139072245314216985895763179065829019978112233097804345983872785363640086580961518244547532800,2
camino,2002,12,59323,34118,831,3,31860,25205,10.2461482001949833631989670017282266061936327207181623175810071723052164210965800000,0
tikiwiki,2002,12,51165,12666,197,3.,62481,38499,2.60532899670942375936,0
SqueezeCenter,2010,12,265,111,60,0.,490929,154,1.00031378941469357904015146871265405535968000000000,7
dosbox,2008,12,10630,2852,198,2.,113846,7778,1.0733503710990508338772497025468543128907559655479668064289593555230774062223441280103960746200477253898053122054847735635410917283097399529472000,6
pkgsrc,2009,12,90511,65423,10491,51.5,730917,25088,1.035544019867345429613887565649667555767385337922390520149079614958221526890994740936960037238458787536675790906517532239872528946652559832645632,12
courier,1998,12,0,0,0,0,234,0,1.0,0
kate,2005,12,18468,5656,234,12,702,-2,0.9971509971509779232847900,0
pentaho-reporting,2010,12,140630,113097,1567,5.,1831106,27533,1.015268542908829697317282078179449169344781765703700417359979088857330947057591583242874541435891118852999118761375917663494401193001617938098240000,8
lirc,2012,12,0,0,0,0.,62212,0,1.000000000000,13
emacs,1996,12,73028,39782,2816,11.,403175,33246,1.0898712996287939765664962774679497900246505219087610669508271385443008270517564878583108352079795702162771634898591565393246120410665529030080,11
xoopscube,2010,12,14845,13971,182,1.,486177,874,1.0018009664226931220102903098053674027651361892748037092562843433068865632436801632000000,6
grass_gis,2000,12,79940,17370,806,3.,329234,62570,1.23463984640450878013964314318316824549163300635726385869087125645559693383505596893374828769506634682589956885018263785760572852207981644800,0
unixodbc,2010,12,4808,4951,18,0.5,579415,-143,0.9997531993476523588338808386888664463123054726561729700600000000,9
gsl,1997,12,89052,32211,758,2.,88332,56841,2.8049919024415562636252794713394242795904736577746438313174295609536863635804733388376279256734637434617769124215691673600,1
gnokii,2002,12,51895,38737,912,4.,70473,13158,1.22994652406814432990436060478117957937057919102682980548072703158055267239367708745992888627643673078285341966849330299026113645660602368,3
getk2,2010,12,6457,4084,646,2.,26088,2373,1.1000632511122108958778277423594929985545346615710140514157256203736104201077387090638067570158398600066732155402130837618472755200,1
jonas,2008,12,3656713,1420346,3824,16.,4274474,2236367,2.2679736671271230641417668104016617584546959008240477755793448550059057040192022313924233876152390482596962375927102690503181824000000,3
aquamacs,1998,12,324456,134268,13458,13.,1245792,95094,1.082640275721327720459813448830333720471409683062131712005073985773147718442646771909134452387981421988660206064851351161958786234083370272000,13
gnome-terminal,2002,12,38057,14209,363,7.,28908,23848,5.741153080724722038259807403905046499829508046128703024626064948243380850826265548771413562508820970967057204789244959616000,0
inspector,2002,12,1529,2225,126,5.,18450,-696,0.962284599546253456230980513464166165037360147684038770646490234474323871342962978195135566648190011087555273865906644631842969848018834425592768000000,1
xfce,2004,12,352675,206524,2495,7.,468960,146151,1.45274759991417609694213846296972273315166166133341383280780285701242452770656796940054164479257151751896424188165545151043762375680000,2
dist-zilla,2013,12,74,43,21,3,8985,31,1.0034621398259677527189708263475010752,5
ogreal,2011,12,0,0,0,0.,10046,0,1.000000000000,4
ikiwiki,2008,12,27327,14969,1333,3.,19463,8784,1.822548927768685680578954950735866527150629711866427941292855427724383529235071890026306075112777001871603091104294460840413026240000,2
joomfish,2011,12,21256,21682,188,1.,57492,477,1.011202179403344236188988755570816242118090391553473450786238861292450728032632838937064796659608000000,8
commons-jexl,2011,12,26166,22303,156,1.,16128,3863,1.3149612719278637426384627818798565056182371536618364156381055782456152862545639506589671618420000000000,9
pdfcreator,2013,12,0,0,0,0,59302,0,1.000,9
migratordotnet,2007,12,424,330,9,0,9620,94,1.00986773042200,0
privoxy,2001,12,32851,24313,481,5,42440,8538,1.2706523806683043615340213676398348606859873393302267439920213714452201880121600,0
pacman,2006,12,19203,15076,392,1.,19340,4127,1.3588383618424064587337601670873719917592528252364514327720256092714416098450009147654032222592419696753699062500000,1
Spark,2013,12,3,5,2,1,136542,-2,0.999985352384997709560724813410,7
eclipselink,2012,12,434768,273358,2052,19.,1692666,135844,1.0875882288121669199149523639358691694034895670785049303349570219742972992857439817871358012397463022521149347208429866969701329696021800000,5
offlineimap,2008,12,670,240,80,1.,4408,382,1.094883258812820712029527621310619503592908601280415816373244144991619425427540800000000,6
psi-plus,2008,12,33913,12581,180,1.,26201,21332,5.38118710215844504523127510871498180289126400,0
tango,2012,12,0,0,0,0,3447,0,1.000,7
celery,2012,12,99193,97345,1813,6.5,109577,-3108,0.968793614107340359760164727302793543455873680479394963613424381581615935655374124015068491679211216624683926584800000,3
imager-perl,2006,12,12458,5013,226,1.,49009,7445,1.180314369444435003832010707952603939077793210636976508899229014698135365048433633404145935094130333567896602515714360081036305770037048256768,5
liferay,2009,12,2370183,2072745,13697,30.5,1561729,297438,1.23526071132460516091712814444498783808913540635267927467840476607834278128370382878376006135210665365744355618022169311341231685632000,3
xuggle,2009,12,521703,683468,1041,2,730048,-161765,0.444648521698661221024512135973787934780386245680496073034727107574059328705047078338856833905578418294323609320739274752000,0
openezx,2009,12,3188283,1865585,52184,694.5,8442081,1322698,1.18578829092334501456224572509510492150690209294559397872796467565006267176756935545204099920968691433022706981009778432811373149966827520,7
wine,2010,12,383537,186218,9742,61.5,2116066,197319,1.1031084760696845984048786837630035170347205777046636493491702793351413310164484342057851824639516380157564708690844229291435661658774490316800,17
libgcrypt,2002,12,8658,4182,237,2.,70334,4476,1.06796440827924101020153827320297806060047685217712379457710312038468008632106910558216437539733565655286510911192811909798753293015176992459827200,5
xith3d,2004,12,6456,1058,68,2.,23792,5398,1.2984463979823378976123437925243777096501801896945266893622168757868020244665361878004393272585958549762115063577600000,1
metro,2010,12,495089,357253,826,6.,780189,137836,1.21457983387738249996202360667107859191167073592420086314488081504296259973205909953421475585429587829386274355582583172302690296591852850438400,4
obm,2013,12,75810,33908,797,8,1964792,41902,1.02179115809872013140989551217057180,11
tango,2011,12,0,0,0,0.,3447,0,1.000000000000,6
jforum,2004,12,44319,21092,653,2.,23232,23227,4646.400000164480215604923723330381748992241979937733459023444095402428847832703493056337600000,1
kubuntu,2005,12,2327,600,64,1,12839,1727,1.1554175666,0
avogadro,2006,12,4835,2537,77,0.,2642,2298,22.476635528055849661600297825200000,0
joda-time,2013,12,535,538,26,2,87790,-67,0.9992373971337104064270330,9
stonesoup,2006,12,174721,151165,299,0.,127674,23556,1.22624330083268055361875999679950000000000,1
bash,2006,12,10316,4877,6,0.,151098,5439,1.0373406380700000000000,10
racesow,2013,12,0,0,0,0,1807817,0,1.0,5
kmeleon,2009,12,250,58,23,0.,70761,192,1.0027207414020859413184635727551305322867486113093598646417261038000000000,8
crux,2013,12,135,63,32,2,69508,72,1.001036926090222460070107879745726829740,8
newsbeuter,2011,12,1267,473,71,1.,19992,774,1.0402747424234686357066643672513036366341983111854440503711965955113717574979830645295464564169159605881567400000000,5
scala,2006,12,74864,56004,1591,8.,75921,18860,1.3305234749292633921854855547855036298314422854069698738630083391946858362520515611096466428613375852740806548576953352929192545320960,3
mandriva-linux,2008,12,599243,178709,6038,14.5,1149052,420534,1.5772458606751725224132986603388179181544322298843781126760938762691851972372647329059588214001384146737887365108721362751136104075545404000,9
formencode,2012,12,581,6866,40,0.5,28179,-6472,0.769532084582616035705590220961474899103867610508638483892199384574645014000000000,7
rdesktop,2011,12,492,177,39,1.,42612,315,1.007447336691299554035974631262605600273446341508089755582041331620570332086560000000,11
offlineimap,2011,12,8292,5839,455,3.5,5996,1427,1.3123221711941632164665324693567647540351328229742304627616869402533899006600932657934908819449352612783076888593469765246245880000,9
clutter,2006,12,26932,20236,203,1.5,12909,6696,2.07774022210704147228560376790719507909832065104735512275563144629771891065797477179200000,1
nexuiz,2005,12,98654,57522,261,2.5,51695,41132,4.8939695162623176430148596879630113062745533410275625147582378585662798146766818328178751266587945236137558430390971423768518328320,1
jquery-lightbox,2009,12,0,0,0,0.,479,0,1.000000000000,2
actiongame,2007,12,25421,19098,790,2.,96000,6323,1.070508603093054182837811737363736485376621584664421521399057470965143614141551806334043152530461586579641418570602728037056512000,2
asm,2008,12,7574,3912,83,2.,68187,3662,1.056753196436928641661304621247030820057435521986268407932042896887820239761400439557170672594366517475902871342757507286530925466692864303195200000,6
osg,2006,12,102164,38630,856,1.5,300800,63534,1.2677754081212407783997188374922851268049267170529066767262136669908141686648821931124537045802068837154897076634296389810964848272179200,5
log4j,2011,12,630,23,8,0.,84715,607,1.007216911590354992814738880000000000,10
sawfish,2010,12,5749,2788,361,2.,63514,2973,1.04910721658857768519393034565205599678051620217738643925338753948365104177177851464486273238347823951983673794107298212140461799705468479803224345804800,13
theoutcast,2009,12,0,0,0,0.,86741,0,1.000000000000,2
wicketstuff,2012,12,223833,1257054,285,4.,2184342,-532010,0.75068466704983074105294465295694700854929241732310857194238593223875535003007417214363577808977756300649778732029446023689291716917477807848213443776512000,6
gunicorn,2012,12,15389,13877,252,4.5,10994,1332,1.13794531904389571657798444685181159408415045817207894438997794414221064976788105781921944866058870801268089628055971322873839069691904000,3
netty,2012,12,248520,244616,1606,7.,84261,12386,1.172326956569981162566362969513426975678038383059621053883634216268017402898582750595017694329064107694797829139982815453923972587520,4
web2py,2013,12,60644,48809,648,5,215041,6762,1.03249539864534800460821267709234116,3
py2exe,2004,12,4059,8542,74,1.,3899,-4483,0.46516344551944422516033824809688540173368444384885548136214201999479851643708620251434210749250594109030905550402860214164480,3
beagle,2006,12,329076,300009,925,6.,133013,29067,1.2796355799985671565956754311411977940153830853937188620293643768553628995257453288138343602188537152637093817810919793321149260508026880000,2
libcurl,2003,12,19426,15676,775,1.,34623,3750,1.12146535803473806984150550209144165716769818034345200842441305376429649346044749567759187626274264375854883551237581133645846289984000,3
trac,2007,12,24709,20473,1158,5.,34923,4236,1.138038908984640685540078354456733006694767754346934237619901584423494182440798053312623842407300860429535281960627394674967394149786542080000,4
eog,2012,12,1428,1036,125,2.,35234,392,1.011406622825167728804498116394635553804880688045319441533807663139992116628436159710181841824542940118990956162238551678124502769950720280771723264000,13
hibernate-tools,2011,12,0,0,0,0.,24209,0,1.000000000000,8
m2r10,2011,12,8,4,4,0.,13731,4,1.000291396517800000000000,1
epsilon,2009,12,209457,99325,679,2.,236666,110132,1.8703747608571136205575485651857695384582990628679041976286579154369392521434530558940599654160883957423418879832276473301213634440000,1
mediashare,2010,12,19,24,3,0.,53565,-5,0.9999066554653200000000000,4
zxing,2013,12,9342,6227,46,2,184571,3115,1.0171666960634026167384821857343814900,6
gant,2012,12,996,316,69,1.,10053,680,1.072548810413169121972425736046690512163673882009487450343375821023534564098216662140207975917850698845590432000000,5
modsecurity,2009,12,12007,15191,102,1.,47157,-3184,0.932386230915262104279471474803291852109747344862017541372040653735480560396453652646064442834548811569500383431979410079817728000000000,2
vlc,2012,12,137289,122187,4950,29.5,612560,15102,1.02527709060802634712846283478954708279365155544171221369256872775920435900806097183082943950893816961550433458809886078160286123520390420103168000,13
gunicorn,2013,12,59,69,27,4,11012,7,1.0006370586085932777971450320775109996,4
rpm,2005,12,87142,38546,180,0.5,1011378,48596,1.051270581132538539341923250526068749979827115785865623627911862708144651040000000,10
plone,2006,12,299934,299126,2736,21.,102842,10671,1.11806423776134945013595858407765636346127753977166457015295552406070714759559063910471899826421863303535862974319546644926226364160000,4
opensub,2008,12,0,0,0,0.,3266,0,1.000000000000,1
radiant,2009,12,451092,402115,737,6.5,173651,28634,1.19745271249660816211138298363113157518213758846782085523042237423646363577667475266874187500000,1
jasperreports,2005,12,78947,26729,814,3.5,119007,52218,1.781835332207287608036553627513177791255019568137526790753938321399469624375692952778188310683117489427794723397388889900153462250291200,1
htDig,2003,12,101362,35989,232,2.,227829,65373,1.4024043433453555088808604295856100286068337199962392715813574380353751294304343774312034482883825466512437240225298022502972634400000,6
axel,2009,12,50,26,19,0.,2660,24,1.00910470409714257191209140000000000,1
libvorbis,2009,12,105082,70280,190,2.,202142,34802,1.2387361430753091046597641485977389270908428551543484549210134236749928379210554899638431071148888598858185641521860380300800000000,10
lame,2007,12,14646,12892,155,1.,115408,1754,1.015446123498587539129580104884414612477670278312041285928497746279213355979064159724531047792261090768022164297854519813374396277204000768000,8
shift,2011,12,0,0,0,0,27784,0,1.00000,3
claws-mail,2012,12,0,0,0,0.,156119,0,1.000000000000,11
clamav,2005,12,43255,30045,550,3.,95843,13210,1.1598634927573652159112076813028717331102748481129330197844950706736625927324446178879947705960146428167900573446472471492268905160704000000,2
snort,2011,12,27706,11961,19,0.,220955,15745,1.076726280398053426016750000000000,11
meego,2010,12,1130380,710342,14090,92.,909907,409918,1.8198540367907241986119477545640578668240266483763003446821212868375305587224278439528177271021528071333380704807626198574950573525120,7
pam-face-authentication,2009,12,543005,442130,234,0.,225352,100875,1.8103906745956915706214155272814800769066907955814400000000,1
thousand-parsec,2006,12,25594,17974,224,2.,27397,7620,1.38529605099181453589703820707397098286599344489964304250483950486186908253918890256855800803273070000000,3
concordion,2008,12,591,181,9,0.,6500,410,1.0673234811195689415505538760101657600000,0
ndoc,2006,12,2200,3011,24,0.,82141,-811,0.99012673329977708226965674424685296960000000000,5
rails,2006,12,46663,21177,1760,10.,87965,25486,1.40791305877981044076410078412837872254992231635698276378071168551253193363202021462106795991766063905398347690700486934891929462080000,2
monit,2009,12,717,1075,68,0.,26993,-358,0.986748593426760218650119691684200303940425894601440404958105600000000,7
freshmeat_asterisk-java,2012,12,0,0,0,0.,34162,0,1.00,8
olat,2013,12,0,0,0,0,3767504,0,1.000,2
qjackctl,2013,12,4032,2892,29,1,56329,1140,1.02065629020562350897003900,10
dwm,2008,12,4276,4546,372,1.,1916,-266,0.85896076353106311438390058139471340477022985922787541689841109930967241797249016302658026143569574964125293676249600,2
p4155,2010,12,1340625,943025,284,1.5,1585570,397600,1.337904735635701160719659319727136674430721252505564595479370791231835563144502176499407449128960000,4
openlp,2008,12,171433,77527,347,1.5,112419,93906,6.07243558585850579705001244793560520219912525618949734223708921766974159236053679733119704032391722559462310784000000,1
emacs,2004,12,240500,125124,3897,26.5,1093441,115376,1.11796353003849278872842847367437100022970570532266749961623035810892785575501241369247218702977042414833935933887865758818837309404774400000,19
binutils,2012,12,232578,87262,1971,20.,2687113,145316,1.057170576566032770729031863871212873169864834628772380954456070269569309024671901338182436484369601467926057116692860403255370676131094184871520,13
uClibc,2000,12,40601,18936,229,2,35689,21665,2.54485168312851105745158515840364444803894089393124495962061272345335435070200,0
hoogle,2008,12,1,1,1,0.,5284,0,1.000000000000,3
gnulib,1997,12,6390,3556,343,1.,29117,2834,1.107826351625183639548980225352445135573690284533654224207817146915994606826741603264395990957498567062328686442855430746898540746841374720,5
swift,2012,12,36798,29811,566,12.,44126,4450,1.1121584837114737280887978202205586938560020956733050713217542098727017155126883259915876115254066662224188119975616180300097407650044000,2
freemarker,2010,12,64528,690,55,2.,166099,63838,1.6242653601948822683692803191021272673282699815783347288829367015701612209137701886510400000,10
cygwin,2009,12,17757,17863,633,4.,1549661,-106,0.9999313957155060834246931450328449847318884003141269619304986744443274411650328960856978297974427967888452017890945844861697716136857315410547561999061545440,9
ccache,2013,12,262,186,36,1,39012,54,1.00138632162673809432161070,11
phpgedview,2008,12,167893,143303,4782,8.,294717,24590,1.0910312556672956882840262192380170587820260653400177676100883734337931350383858957182330444375287384487246609568668332501576547399394400000,2
eZPublish,2006,12,124620,77148,3248,12.,351423,47472,1.15618306898815417422130692428802872112792711362618296358249791946719503250556955992248960435457474764431330895119059413944428151582653644800,4
mailman,2012,12,18490,20658,285,1.,123756,-1127,0.9908305399150502401980113403010654995845346503671485746436741156083351615471744202593999705224659923672543669288903512539135531230476800,15
fallenswordhelper,2011,12,36147,34004,188,2.5,35428,2143,1.10388791927922293735425779613163198320026748766747421261137477037397812146021701075114221995205244488472655353861346954575872000,3
twitterizer,2010,12,177804,121786,373,1.,66637,63592,21.884072249794501980985121055880775063833843427572690836961654546530758774796122371721028448209041011367285484960000000,2
tvbrowser,2012,12,14574,7146,459,2.,301649,7428,1.0252754506907848442115910610811295123045016151574930112243130770046392615322058881837381526153137750773830885924595459057037251324137342678613141337600000,9
mh-e,2006,12,17168,17586,211,1.,18560,-418,0.976531357034329319324343079075826476632075261568967275427022577097996030271866042698885437974259128733528000000,6
springmodules,2006,12,1748834,222313,993,4.,1644910,1526521,13.8941117814654486266280256519354375731783764532679166881574977555722063809191200186331011795401855068900496576249128988396040192000,1
Skim,2012,12,40753,49581,599,1.,282360,-8828,0.9684172867786524055188354661563277672922853306733182570904220236689757408580899833414196896604797773614598704927512603537643200,5
closure-compiler,2010,12,97228,30785,778,7.5,274644,66443,1.3191291108050329077399019983571555471806458918175866597725821591333117111510402681961092762646180402673834345338494278412755258165568000,1
swt,2010,12,70811,16177,1000,7.,589610,54634,1.102124207444028358532010197017707711694512267576617124722834232886224414131138721663755524258530747791858048807237823522949789426481600225280,9
wodim,2009,12,927,142,15,0.5,118168,785,1.0066878519644339268202767576205407484128000000000,3
waf,2013,12,548,83,20,3,99976,463,1.004652705201898186871638131847965934566,3
picocontainer,2011,12,523847,2940534,270,1.,3344542,-974241,0.70496892343441985393331437329661827879315771836741890278147059440724167441172027788476937079393762439341346759680000,8
ispconfig,2008,12,175453,53260,1079,1.5,203652,122193,2.500055242042241750035223702514864839895825056972393683666746219006330943253511893527714441477884320892815422409812594502400,3
samba,2011,12,361275,229079,8610,24.,1415562,105207,1.0802889293398132163418400284584342966794276131883940739602618380806276929542470229148561468425898508417670278860866379161695050156004127308000,3
bitcoin,2011,12,584740,425673,2517,11.5,125000,63694,2.038952141925899307985435751024238048586483129866880545825486138074877391089216306184013021821029557362639326420401379412977966000000,2
markdownj,2008,12,1875,1569,19,0.,5826,306,1.055676855892531188303600000000000,3
zeoslib,2009,12,285938,290114,106,1.,253096,-4176,0.98332188442853036065181121903955735335526816634046530945932581434786824461163746677492284846662888968955751488821130621024000,3
ohcount,2009,12,28989,10823,239,3.,33919,17519,2.0800197276222456583453710186029684608103584655070143142464184718000243183050068653509056112199586641695507559341760513620328663468229591040,1
pentadactyl,2007,12,50396,41586,1082,3.,13510,8810,2.8744680852952770568826162323023280441025939288594758860827947847090587951300258355520,0
wolfcms,2010,12,24861,21191,601,2.,30899,3670,1.1590465872634977993043931180993719527677668243728912272007181457226846207439638676114307780368625936742932359091143148403655063200000,1
habari,2006,12,4148,1440,185,4.,4187,2708,2.83096686956731868202,0
dompdf,2009,12,32075,30893,92,1.,39118,1182,1.031216987113978810997702393476516616082408842022812767271003953791623922844193761053516996099484466247007836480000,4
fengoffice,2011,12,0,0,0,0.,293241,0,1.000000000000,4
xuggle,2010,12,8685,5406,141,1.,132798,3279,1.02531674889261548262025117193673014943693131787773636308112421973565370937607014850743863324409715566865812806760469069882880000000,1
ncmpc,2005,12,1328,210,31,0.,10944,1118,1.1137797679360288305566406282167775000000000,1
tao,1998,12,876926,585924,4683,16.5,430745,291002,3.082408421311418358909415222575065123236151318493937665861078814496708569676128589755598910286574822606147196567479500963415040000,1
Test-More,2007,12,960,510,92,1.,8768,450,1.054099543162222831708683326341218764962545289475766886596137817705424702257637851507440498073600000,6
tar,2000,12,2682,807,73,1.,17977,1875,1.116445162089016535415325244868448452617245242271732249887858926786984609714936726001771413400347577280260699029648064000,10
virtualdub,2009,12,0,0,0,0.,247149,0,1.00000000,0
viewgit,2009,12,1271,524,132,1.,2438,656,1.368125701409950448160854098004399948055326565870101707879819035589838763281536000000,1
gendarme,2012,12,3229,261,39,0.5,83883,2871,1.03543919419628572962188985257764255893264689510406367593175333200000000,9
cherokee,2006,12,12621,8614,333,1.,48290,3890,1.087612612612915943068529132553538944339060776775380705575100770946729111518185955959665014848,0
virtuawin,2005,12,147,73,2,0.,677,74,1.122719734700000000000,5
libxml2,2009,12,13818,2140,229,2.,483321,11690,1.024786326602446415427094805172797577705822038594309474829935582294687844825224470023010017200382717983616905962653012789732998729280000,11
fop,2004,12,53440,102635,700,4.,217458,-49195,0.77041506826460908820390167035530533390599404534960421676424297156525765551517152039603386094839821142692865108514328188699979308023925248000,5
axis-java,2003,12,53068,23129,828,6.,156631,29939,1.23631326365666644875775629787035033312107885847730677418095243245460678866510902589330524695880317485673640926954356072539632539865415680,2
jekyll,2012,12,3720,2605,115,2.5,5602,1927,1.5243537415419513173521009958061769477818802250092573504680000000,4
gnome-terminal,2006,12,2775,5458,130,3.,39230,-2683,0.9295171544175170643150291740114484255588315637685464375990181470948532126526441969102185171507246300704279878264602311940654492700970505526185088000,4
ontowiki,2012,12,281161,331360,785,6,818245,-22373,0.9723376896395443930342625450968910566673884826401659378228042465565635152189520172800,8
linux,2010,12,46683872,22985329,56091,701.5,13661970,1069896,1.08496582851209762193693462331913380545543241663451886858247178866287527695883773258502810889877831617902610707202491906324333040833965248478003200,8
cinelerra,2012,12,0,0,0,0.,723912,0,1.000000000000,9
vdr,2001,12,22624,6049,51,1.,40961,16575,1.68288562957270355772353328451893726214780353507491942868399580052486327666841518231040000000,1
south,2012,12,2356,1278,174,4.,7664,771,1.111852604102816241619290833260638868092903711732156493089662127434624555548612369987955181325741657021272290401008514501555201920000,4
moonlight,2011,12,82998,50757,1680,0.,927373,22769,1.025170129695636509554713376619591738891462012875023235350000000000,4
eog,2011,12,2965,5640,163,3.,35351,-2675,0.92778272725613256439681196381721108859462564416840663612906739254902917140030463110160801384706494303244151841969529025649883314094992539411677184,12
librsvg,2007,12,14836,11994,108,2.5,41264,2842,1.07396803914085703503139906493828770116501184756326488328404063499366345702220596606191131425464841536003408000000,6
speex,2004,12,9312,4002,246,1.,36368,5310,1.170970442400323540570519887144913046090441592404938432491308666288315605011536127770058151576920989048055266991193472000,2
easybeans,2010,12,40020,33569,394,2.,335471,6451,1.0197220990815269735493222161268768765570294866949039304679593232115160228265019917933272176648841841781609885868163578502694261423360000,4
dssi,2013,12,0,0,0,0,18503,0,1.000,9
scrapy,2009,12,55703,65064,1068,3.,34629,-12704,0.5690199138122749190894165200117956605685211804099724060298283542088698153463451732517600401446219061942032017361896350535242462861740032,1
pulseaudio,2007,12,297029,154323,1528,2.,134711,36836,1.3763575990169109416492123645101500815250596461758101726935259026118327294587477844226887016777595779975843487217768237728823866245120,3
noc,2009,12,26711,6050,1430,1.,29148,20549,3.38969647634803635617330412128177327654264528323230385985568485352657914135672816860576423456824132210984922949465625000000,1
colloquy,2008,12,22113,6924,383,1.,182713,15189,1.0906676058367460279312973982474505634158423436666235924164925665152434006664879327547105441667385650019072338732800000,5
wxglade,2006,12,2528,1974,65,1.,26711,554,1.0211797989078030944598606486439500735460882084175100766118849720337100308985099120178270922432450508800000,4
PyDev,2007,12,71701,34537,743,1.,177117,33468,1.2329845665393958411238318183464645404777916664700673536977078565082459967518242456338350633068694007897963114600556555369408975158952276480,4
eclipse-wtp,2004,12,1466074,525030,1222,3.,982685,941044,23.59897697398301154260130001394899522637844500949568876217655406886515135403315312590730520216120354531655574583390936667111694400000,1
strongswan,2012,12,137684,111693,2229,5.,258690,-3113,0.987765288436984225475565654360809656435206243592998138863220222717914209995289905262031075018274387230335353245651679539192352999540000000,7
keychain,2006,12,277,101,14,0.,1853,176,1.10494931424675826357204256796557490000000000,5
debian,2011,12,32079605,25136537,41366,317.5,62426531,3918476,1.069543277732008801161999850408525821333942411763557070363735287104523059035400477277416181304371064699969383577387303286437684955502336000,15
asterisk,2009,12,405818,257049,2402,21.,662581,148769,1.2995346983329190283736280050194508352715384329770921641027414141648043298163454877351484018960826110007185403711866286318647854974265280,10
cyberduck,2007,12,44136,51434,634,1.,83710,-7298,0.9122710006216009442826960050314445520202345947678694609115714170115623127108598719724554581373583798344323828797478065210390103602899067728889600,4
icewm,2000,12,2489,1328,76,2.,59150,1161,1.0200210384735766776747226967469307706139277566480,0
icu4c,2006,12,66357,43028,1112,5.,410405,23329,1.0602698178117772981412375939798801616568404950422969962367214526057725358955047906205466158918986911274731198614654855607296105144333353660000,7
ISTool,2007,12,0,0,0,0.,30574,0,1.00,0
agilo-trac,2013,12,30,4,5,1,64624,26,1.0004024892411779018651277860,5
xchm,2013,12,1928,2089,13,1,21926,-161,0.9926440352724563937252914798518492275,10
puppet,2008,12,570016,410837,2666,8.,222466,30768,1.19895761937722134399086827299057529728654114539787538803789615300439149124001914206422634640161043702302402521019126902220800,3
kdiff3,2008,12,0,0,0,0.,95958,0,1.000000000000,6
cglib,2002,12,15081,9331,155,1,7020,5750,5.5275590548123654058446597392202258192484887500000,0
ddd,2006,12,46,11,6,0.,119926,35,1.00029193183810223976320630001699572670720000000000,11
fetchmail,2000,12,3007,1589,314,1.,19768,1418,1.0772752043657237115528199704326754714197249305316265991243646823393731098659442952425000156176810882480183887976789718863800116385312494080000,4
cppcheck,2007,12,1229,362,61,1,3724,867,1.31164629763022654838774150190954202309904000000,0
docblox,2011,12,379361,104367,1653,3.5,46148,27782,4.14560688410196515746983025417786355310035415213239768671191668131022388519154248981166416265984917253972756055836479732756480,1
cairo,2008,12,85725,37631,2355,10.,128062,43666,1.5173941892353082930717126722891365488560002818368063490921084888626789624064367642473847058035524373898270546733310654820620541248000,6
jarios,2010,12,66052,213321,281,1.5,580756,33261,1.0607512397430246645507796070156454026986701412308334831002172493952750496520896128201009493694765317810523379455657686671652869830538240000,2
tracks,2010,12,306848,242959,362,2.5,264924,43629,1.200653991491985425988043967738748353373140621060589638124695486412627206832613535750876292492913888723011490243884613909327909824000,5
paludis,2007,12,218073,144279,2574,7.,140087,73794,2.1131492013366077397884618188614051312179889357607362079942374500379285530487072952415554548688177534393786024926089592349504911360,1
swi-prolog,2011,12,94030,76808,2601,4.,487255,14159,1.02992838662692196361991140621029893795962391515073232815342635391871560971755192168588987429362664972197167875026025644007515426058275251324000000,19
bos,2010,12,2244762,1738787,8292,9.,2028149,505975,1.332402865954410048021329552165356594726798758093481422041561998186010597723602012941757711163253469111482690013310612967919470674400,6
autoconf,2011,12,735,190,47,1.5,36719,545,1.015066069552741532081004165875366887655516062748642972560102043799297814493541226113506462824296278216557369154304000000,19
kde,2005,12,5330521,4110603,61390,222.,7864676,811556,1.115063404571690065264318099313221239424015143297864573445871903362830423269028733525192410864411344724511254621388095599720938294656000,8
skype4pidgin,2008,12,11456,8997,253,1.,4904,2459,2.005725971452502580607886653341257380781337162442606146590316898572216229313751994764210449654219422169044913978257416424409235302400,1
avidemux,2010,12,1482007,551803,381,2.5,9875315,927875,1.103702846868129468480827389154908717970691369386032810622939170259801178783487604395049082401919234507077243898483036402269778722717604649632267914659776000,6
libglade,2001,12,12603,9298,169,1.,15191,3305,1.27833922873414981699921761092384564369318972354165855701970538402500990170372210597465038943813632000,3
GraphicsMagick,2006,12,11123,22267,114,1.,463854,-11019,0.976579984909998774617186881224792363847511609198195280240338313511843640512885555317756496442842411110502049753536765832422502400000,8
yii,2008,12,47312,26200,578,1,153666,21112,1.159270938632712463075205968727277,0
bricolage,2011,12,4263,1775,101,1.,138001,2270,1.0167242560681299745073155256249966389834870172139301794720564669680404531435942459842316800000,10
mod_wsgi,2008,12,10031,9612,289,1.,12315,-1205,0.9015201045500858638317986919185887064019273852966856861086463864189780951124672649302089315576495325197822850134678226288640000,1
connectbot,2006,12,0,0,0,0.,2,0,1.000000000000,5
rpm,2006,12,0,0,0,0.,996430,0,1.000000000000,11
m4,2011,12,26,16,16,0.,72607,10,1.000137746738853264795524755952318436109264000000000,11
solr,2007,12,77048,47811,839,6.,57013,29237,2.05259936634094974705126888040803380395795357776351668921799748513128916506410985470311146720009877318358020565957973835704345014880,1
eventmachine,2011,12,5361,4679,120,3.,14194,1461,1.1147412235931287102912383569625314376784036996869353355666488182431337163973226248563553503468512276660625534535071233862599786608000,3
xmms2,2006,12,239583,106745,1828,10.,65277,34172,2.098601510989328185687591019766411616698370615735904591544209994430219964566695016532650927861704842234700640134755661364942428676011264,3
djbdns,2010,12,0,0,0,0.,3502,0,1.000000000000,7
gnuplot,2009,12,11123,4344,313,2.,149056,6779,1.04764649240166506425273565084566443082398484487865911724657177043684188922832578008077420953526959915752906557152830963038533069584746104807526400000,11
libtool,2006,12,787,463,83,1.5,15704,324,1.02106631989585295324934642524274869844361029375823554762665586675784401629651147661734562264002342253775679359199839948800000,9
wxperl,2011,12,1163,392,111,1.,52248,771,1.0149775627949875258890692770084126557146795121397453462618401546762399306233298561056136615856051200000,10
ohloh,2011,12,3004,771,83,1.,42927,1397,1.033638333731854331277136241145628829476067537498589607399913687183194033009359653897099109540441600000,3
gitosis,2010,12,0,0,0,0.,2757,0,1.000000000000,3
gdal,2011,12,105605,64469,1961,7.,829185,41136,1.0521997997712672655299031304988808941797565045777204075885955818599439748914284729769641398517305241555007242715257983837973489567779200000,4
opensub,2012,12,0,0,0,0.,11624,0,1.000000000000,5
python,2002,12,235944,143816,5394,21.5,593907,77142,1.149278685668727661261451750110352298794729219276583452760284307217188486882203147450673861405651429274465301882624108341305829908473740800,12
rmagick,2008,12,10235,6208,514,1.,55348,4027,1.07846690438781012488456072201571797644184246092589678588158383408405000432628308946009257962713188164313996653167302217521941000140783966339200,5
feedparser,2007,12,12081,9456,52,1.,137604,2625,1.01944746960498640719976588245304355153809330510835676065572890949933001867119410745744704000000,3
arduino,2009,12,558840,67560,173,1.,270396,229959,6.68684620511320248255260162978112786779878440998964545759971031614544326457246423104489456804416485967348927470189145600000,4
nagios,2009,12,65129,15304,260,1.5,212515,49825,1.3062572991210601727530450637340086705908576413123223485936979947129191215304803396750340922483549866520000000,8
doxygen,2001,12,36276,19797,189,1.,103564,16479,1.18922891427487048912873386284672071445410564347415095837352106936419901155661916414669398751827729236845602112703347890876463549715200000,1
xoops,2008,12,3422013,1021063,2275,5.,4542015,2400950,2.1213811818940824056846287291754025283160470767514941010825518832018613439071552957736666247176999642814676566362714371583956710502400,3
opencsw,2009,12,238052,115739,5251,15.,198477,122313,2.605916180795328595013527200308085077247586989205983896784668328368001706102093876546835642539740074011164088783048628858641920000,4
deluge,2008,12,1020682,957897,2090,4.,119870,32185,1.3697385350867111480086130805276669968385778597623134502548040319210782871585668106265947244747863771571080995238493344241839604783618073600,2
terminal,2013,12,0,0,0,0,6034,0,1.000,11
worldforge,2008,12,148441,55500,2897,5.5,1815412,69802,1.039987167808795373655721122414371958406201250629630868484124910879353835729854385974278684887743635109481907710189202016135677177393692208606950400,10
structuremap,2013,12,14688,19852,239,3,163689,-5257,0.9682917855314023918092387857419026,7
nasm,2013,12,280,522,37,2,59378,-242,0.99592318059246624664003360,11
python,1990,12,24390,3470,106,1.,20939,20920,1102.0526314739430445830738115456438230096,0
bash-completion,2010,12,3447,1791,131,2.5,6206,662,1.119408369400000000000,4
aros,1996,12,48215,19702,950,2,43470,28513,2.906331483541315468993976788054950175684809464765952,0
moq,2008,12,784471,770129,276,2.,16106,14342,9.1303854871487719010003338377840925223188823142057641111052920749249506454290717637163872543824761662296462294417408000,0
smart,2004,12,33892,9093,819,6.,49172,24799,2.0174783572193217976733045570503792807326845556623990590078624771038447895213593302885218692309113942671018543308739732131240126198000000,2
npgsql,2006,12,13446,1372,109,2.,32696,12074,1.585491222983921338284577813234967470068220410838188014751193251001638759410924260660970258291069048444577164005955575236236995200,4
cinepaint,2007,12,113573,13737,259,1.,923595,99836,1.12119564096233000193245349205988070130171432494730215586723584630097046949198913429311218621228448262857984240000,3
xcache,2010,12,12,3,3,0.,14076,9,1.000639795265517097456132570000000000,4
gimp,2003,12,361008,398863,2948,11.5,604568,-37855,0.938590443446118818676831193733764782458971776982370273321635349673388401444054480067274845833344563147558557939130030926570209496795494400,6
gthumb,2008,12,9573,9735,241,1.,117254,-162,0.9986188198585617946691678004144110436623114453029305796041709723355714482394867169708374182135393114961275704907446328215919958149523759562000,6
bash,2005,12,7931,5323,4,0.,145659,2608,1.0182312601800000000000,9
upx,2008,12,72640,69121,136,1.,112016,3516,1.03241120564720139063407018985623197525309233540897817911946672497091954872535997208424736373191630044691871111683718190080000,8
theunarchiver,2009,12,222434,114897,677,1.,392145,107537,1.377842506226719239045549248444490200302260177758707416490062086115490647118326038631914994690786898354312581055821534970752000,2
findutils,2002,12,0,0,0,0.,54978,0,1.000000000000,6
OpenX,2013,12,0,0,0,0,1615020,0,1.000,6
evas,2008,12,54394,34663,480,5.,101439,19731,1.24148186222361872767323037563418020326535762795655761700023042092704408845685039764817126005896356879820320678080746176973617696593024000,6
hbase,2008,12,105586,74310,828,3.,64612,31276,1.9382049436904348434035322845018952023026690476487682089687990500291031249307345923147296312390111842688981446346659036145152000,1
pyunit,2008,12,0,0,0,0.,1589,0,1.000000000000,8
torcs,2009,12,997,453,23,0.,351166,544,1.0015515284266526276336479963763913287010885217882708942455664008000000000,8
svnkit,2012,12,52242,21838,861,2.,199339,30404,1.17997454642127689607469449878273108847018108369439530856805903498333695803382289983820957498496020696490981994639346368151619693169064673737760,7
dbmail,2010,12,3429,2368,134,1.,34712,1058,1.0314375705691846012787910203937157210072890502659100428372993838644888233477245701729497513777143919707839365430726873666160524268178263200,9
apache-click,2008,12,24740,20700,803,3.,40186,4040,1.12927586311727498520386738732748704483281680372476347856826652149754288418971371894169696774474467325516742413074913787105039039232000,3
PyDev,2006,12,216443,97605,1488,1.,143649,82684,2.356253588254658909232460406920029075252474822462899419035734413661820570529352390963625975750680037117226258376238901200917245728768000,3
qvm86,2008,12,0,0,0,0.,2416,0,1.000000000000,3
openacs,2008,12,136291,69177,1489,7.,2330396,67114,1.029653397140620687079181108496308533803609684338008443080273738014965696968364789656556229076268994468441054314860252122528571990281474093935197958656,7
openobex,2005,12,1927,11372,61,0.,16909,-9445,0.4392329157691858585163132672612670110143890415872389433278400000000,5
tramp,2008,12,565,377,98,1.,12370,188,1.0154326054841240132677817073533803491700492441454268488753777784895675005382251650460639847105263481979889284792808217872197930805568512000,10
Openfire,2010,12,5399,2111,184,1.,193502,3288,1.01728579389173044938507679161837095334738622791909341490650027210983850701139973167038890445273495156298570942088028946679729071036535336960000,3
anjuta,2002,12,100955,77347,407,2.5,113793,23608,1.26177302212532084294770966580281349173364357386166964859926492997024637275029627498989316681874889292757255994515625471978215680,1
tiddlywiki,2006,12,212763,148858,734,4.,78102,63905,12.213370767900843184817697571870852505801941736777521377964142759558954442273840000,0
rdesktop,2007,12,2686,1865,68,2.,41103,821,1.02038131175231939118263279278547521477460549309018532057092252931562505408528562626047440058505117751950045016000000,7
xulrunner,2005,12,1442,306,43,1.,2022,1136,2.28216704291495754628082759238656447459639361954356796289241657912345711097600000,1
thunderbird,2000,12,120356,66927,3714,32.,220804,53429,1.3192173263576492868859866712420765125511433842794472754107137603277922343772798781153914905030411533919334999494618703306766655331491840,2
recordmydesktop,2008,12,9404,9223,133,1.,12046,181,1.016430646336567239013260831095903733015894959730557871158008990267431736793349120847313401670400000,2
bash,2011,12,17222,8654,36,0.,188418,8568,1.0476396997500000000000,15
citadel,2007,12,92321,101242,1371,4.,157187,-8921,0.94049691513796701986146306910925779156477835713038821507443312193404125275313791313828047540298100199209745928452511029959158885275204864000,9
pulse,2013,12,11332,16429,99,2,301890,-5097,0.9833966910595581610733230684112739,5
libvorbis,2003,12,8154,2374,124,1.,123844,5780,1.0490995582770436098508293164850255908765041616911683959490558417717648097325884612343934945241837646245374687877197633077899461120000,4
jquery-ui,2011,12,171060,92670,1373,12.,110447,58041,2.107525855808404009453115225674974735525469117635559031536726152044429771256902102130002136130447483850852830476459026344779767256023040,3
vi,2013,12,0,0,0,0,18135,0,1.000,8
cheetah,2011,12,4,0,1,0.,12670,4,1.000315806095100000000000,10
twisted,2008,12,29711,20094,418,5.,186253,9617,1.054498676781973239880345829751578953382333539706240101008905142417932097506033193820755744199947806915822917390385768099927057152904842444800,7
coherence,2009,12,99376,90378,881,3.,71796,8998,1.14365081901720406889979013677393657816332732096405426685148474570454227563227867079057051367144584983868495348395646173009290906368000,3
webalizer,2007,12,0,0,0,0,7983,0,1.000,0
emma,2010,12,0,0,0,0.,38912,0,1.000000000000,6
rxvt,2001,12,14985,12815,272,1.,27642,2170,1.08519158292090583211110440300620189887350510282187354938187120520526482622499364597020121855653493949980526804101701471890832158996960,3
icewm,2001,12,44820,29674,687,2.,74299,15146,1.2560608622156839765559315954428604946758770281285492529316919254398857000452460385551911856910510337826459955762476194117557680,1
cel,2001,12,17497,3199,114,2.5,17071,14298,6.156148574238150225,0
func,2013,12,1284,1354,6,1,25197,-70,0.9972159249099679968454000,6
transifex,2011,12,49432,27751,1637,6.,53026,20961,1.6537034149413250214677668732389124550425002980487777149991406930908184901868421952964483772148237813369614855232942165607352099840000,3
phpmyadmin,2002,12,226598,126430,8602,4.5,72861,50084,3.19888484013293242043117272126030522323509970131145978923273332995794447035549316685514806815028027442301422387592335821843840000,1
devhelp,2007,12,2339,939,48,2.,8736,1400,1.19083969468013102907097693189606792972511111812101369154516382016316800000000,6
openafs,2004,12,57244,23254,794,12.5,917572,33990,1.038468416061298706342145643541012401699295171277684632104989151663915863105490045276046493459519478199474266894707319635927781323377986943188992000,4
leiningen,2009,12,2605,1155,226,8.,934,916,51.888888891212417352,0
migratordotnet,2009,12,2110,1966,16,0.,161655,144,1.000891580140100000000000,2
orchard,2010,12,755340,598700,6103,9.,115345,62924,2.490489613303229164053133430007972619772194890863117552820749084347558831684826938660989811515995620348144427295565957675054586623303680,1
gtksourceview,2010,12,33691,28535,323,6.5,56081,5156,1.10404600948466170786790305823680636346281838105005814485004454767912771891652472412418508314501259820750246488191997139366805885658162790400,8
supervisor,2012,12,495,258,75,2.,25869,193,1.00751674715671516823550330289000770820283092092619947925660392351244357634187103781152853226804868936800000,6
freemarker,2006,12,129,44,14,0.,37155,85,1.00229295926668835339509291569540314568000000000,6
squirrelmail,2003,12,164512,43066,2503,9.5,165790,121446,3.738724517484689113554719975848584831614659735011739774579131596467901385382599303020537230576333011124706394325425346088824625760000,4
cake-syrup,2007,12,22,19,4,1,4604,3,1.0006520321669,0
tiles,2012,12,36703,55968,58,1.,50459,-19265,0.6182578369600007981743727395905321964605661059311429819604504803557526164364507136329374996446416308499447808000,7
libgcrypt,2005,12,14686,6016,116,2.,117030,8670,1.08001107419499069430612638487600048853701438368506206123031059762776281541409226312140696800496765853550151680000,8
keepass,2007,12,20,17,8,0.,1238,3,1.00242914979723402381981840000000000,1
bzflag,2004,12,146302,97833,4012,11.5,174969,48469,1.3831541501962563086930690187848255467788201280374099441931477905697984262735895019838017270626250194333010433401556948331545591808000,4
griffon,2011,12,126482,106294,469,2.,46281,7591,1.19620056862708578634357809711848645938799130854671080828837939713073306470400000000,3
eclipsescout,2012,12,927336,814326,1707,7.5,446056,98390,1.28300150139121735176444879095504507455935113459901638313377281526567580006295571668198756683651105803047441975928474129217786124800000,2
jogl,2007,12,37458,30564,854,2.,122138,6893,1.05981170549049993291406755914603465706512939345841956649256286127869418578752640735018372355579475928087797906784963561347151001600000,4
maven-overview-plugin,2009,12,2356,1913,76,1,4735,443,1.10321528424696884004698472944399530640808537183635835158400,1
vncviewer,2008,12,168,127,4,0.,5018,41,1.00823789431400000000000,2
qsampler,2013,12,233,218,9,1,16743,15,1.000896700143500,9
topcased,2008,12,1135788,618234,2558,9.,2854153,517554,1.221498853668940714820123994596375990850301335128771639298038942957570651699054393944600727317427651570531393538107881813488802875691200000,4
digikam,2006,12,573850,496103,6080,21.5,786508,78404,1.127550265110375700452774257308178584364554182862915939671651562544828782984443485913566134368822808211494699787395739183774715570259200,2
couchdb-python,2009,12,2004,768,95,1.5,2661,776,1.411671087506711916835837667345912799268338787586594403576790804613113667308224000000,2
swfdec,2008,12,435991,283438,3148,4.,136068,43476,1.4913986029511146565344344734154565440291527781349139248347560093262294498946165205682816067577957411880848866385377301536077895806566400,6
yasm,2002,12,65097,26929,345,1.,63047,38168,2.5341452630247414580767325670693194416020431730927802887972930069810512948735804101619909788410424222485491200000,1
zimbra,2006,12,673612,102680,1042,1.,1095160,570932,2.089091005756939249858039505556634979009640,0
libogg,2009,12,10561,7840,33,1.,47552,2721,1.06603407267376005566880704180389212177637342394514043330049586457920000000,9
fest,2010,12,112605,69419,727,2.5,247515,38681,1.185223670459759124460125063688440526111755991146917106970885115034814103278738247100375284459593076277742894731295217123202220918272000000,3
pmd,2011,12,212665,203291,366,1.,198106,9374,1.0496683127357946153331894762424600445491386585892143164605676700926965962515101266138775275397580368761359130890483120000000,9
cherokee,2008,12,38077,19927,1571,2.5,74817,18130,1.319826415249349047875275742149706507860475817632786201390573643121133189068294221382330458807632265012815872408584939027688521728000,2
coherence,2013,12,0,0,0,0,77928,0,1.000,7
cherokee,2010,12,42075,36183,2107,4.,113076,5860,1.054656021496427621009808836178765445154111617686407339646199545496481611052817518158023533183984700754391253201737710214390381543525260800,4
hbase,2013,12,113903,61827,465,15,598961,52076,1.095222944492206710403304406927784,6
openldap,2007,12,60271,45244,1186,6.,498910,15027,1.031055027761830711219896511554967510272530710477774510715077044200191074286460456716348951920661256255115849737720069338253938306621853425305600000,9
mintty,2012,12,350,292,17,0.,12436,58,1.0046857327517721519642959059113044320000000000,3
kalzium,2005,12,65583,36967,1093,4.,14820,9783,3.3062234793088211596437771542454070112490929787468803316840612938302998143749851724153467646014889404978920400000,3
cappuccino,2012,12,310408,101279,1548,8.,458974,63417,1.16032329096541506577813418122327806306521661948988368819289783497812290893877461498451300158408599175583268912829590237434640234663424000000,4
kdiff3,2010,12,153,125,15,0.5,50709,28,1.00055263885061416687264234633264554617920709804597484889863956264603914345378200000000,8
phplist,2012,12,21586,11254,735,1.,59552,10332,1.20993172954726458511351292209976720314005383409906194992597159789824359138066030811301209807845436411284467816179840000,9
claroline,2011,12,80144,54766,2406,4.5,445524,25378,1.06040281236412393562083749426906293338277235612662607755057713806624631467177006072075290971616446374315079898826072207027982818578233276093440,7
neverball,2010,12,7632,6448,189,1.,42230,1184,1.0288456853268850110485212635672223964007092775575051487026953236227458975135414428124533986665825083908152320000,7
otserv,2011,12,75227,52313,193,2.,150839,22914,1.17912057842099443318196091283176226963913057420044548123288083381683551026207078152804890291560058821088295272779667774589732781250000000,9
simplejson,2009,12,2292,1688,79,1.,6668,604,1.0996042216343757129890289996446650089514587875722862329227108137929926024520320000000,3
beautifulsoup,2011,12,0,0,0,0.,1962,0,1.000000000000,4
bulletphysics,2006,12,155611,96603,386,2.,435918,59008,1.156557268314848525821739729267370089227696701160223338255255706880,0
ninesixtygridsystem,2012,12,0,0,0,0.,6714,0,1.000000000000,2
python-ldap,2010,12,114,73,15,1.,7350,41,1.00560952250547504099371565621273055079483708118502883679609600000000,10
kdesvn,2009,12,13369,8012,229,1.,41306,5357,1.1490166624895978910887215938639329834195133781222732006595470336066893267951617581661117126811898221013646806838879583321464832000,4
WebGUI,2002,12,128899,71187,924,1.,77996,57712,3.845198185517447020690626881557004459625143108907000874730817686275569515678468893859241921259854349326667964630884487487006000,1
freetype,2005,12,39073,62612,344,4.,258718,-23539,0.90901676729633226836263116591737490975672530840497794223982248760629301784946809369330782517553765942271939563420307083109871206400,8
screen,2011,12,89,16,5,0.,43163,73,1.001694128567657333176883490000000000,5
ubercart,2013,12,1642,439,150,5,121113,1203,1.010032524393038423093501266632290240,6
freeplane,2013,12,18301,13912,158,4,399009,2595,1.0065461865624263089866130941779773371,4
binutils,1999,12,49079,27526,1075,9,538702,21553,1.04167657676692825121523282590627543134084037479616611475271852716888252049634711875,0
django-registration,2012,12,0,0,0,0.,261,0,1.000000000000,5
eclipse-gef,2005,12,39919,24944,1245,2.,126412,14975,1.13450397448850067311368851373400794907810407704785263225002247029943643926163037176679001826586503971972883198267348732547780777177741300000,3
rproject,2008,12,81493,62551,2014,9.,628113,18942,1.031161626883375871302378332607826592394112609020303748228528388339856665194600735764300191275882027583946603489125401874267509926383052637731614720,11
strawberry-perl,2010,12,23600,20215,681,2.,20282,3385,1.24479317320771302282208406012378199422564750183394156039610847635663068843865626074053803029449322488735200000,3
gnupg,2003,12,125340,16607,538,3.,135806,18407,1.15679009189903210045108012711024275138588453034905614171422685008982132165319609545325462414837620898997298118051780421096392167395745576960,6
openshot-video-editor,2008,12,6036,1772,67,2.,4118,3233,4.6531073447374358450008094533873068412080,0
memcached,2004,12,585,102,51,1.,6702,483,1.0776652194905542233440268792550364811570257533602640404790992233003972800012595532000000,1
chromiumos,2006,12,11496037,7195157,34815,463.5,5981434,595360,1.1105369142696851983278831675936522235373433582684618510673455920358359910697892752580381255964416361936325173660456657277038580813581888000,6
mod_python,2011,12,0,0,0,0.,26027,0,1.000000000000,11
Intellij-IDEA,2007,12,794735,597569,11209,23.,957672,122221,1.14629343909986535257276421757086939945751594549512182763111049384629483938925732608018009965374046868083991493124862098914664847683929600,2
brlcad,2009,12,328552,228236,3260,8.5,1087832,100316,1.10250289936210614341060252509901807976199895138241026121882458949277595013229707194241303066436003550657069635770936329112479222697145152000,25
spidermonkey,2001,12,199818,203951,1004,13.,356670,-4133,0.987978825505033851632497397137119453234861594102017995946676636434123119665699259452257919807248073582909145009396682481387377864751820800,3
redmine,2012,12,57927,66195,1595,3.,101023,-8268,0.91209585679618044710686482300432909160311073859216475285502913153445967802372466701663850855086676501177175102147435970840752535316480,6
flamerobin,2012,12,29795,3718,68,1.,100325,26077,1.351385220727423539779691549878786287185700268302404709481953949317943358179271046544081245763581636969068654561360000,8
Jitsi,2007,12,99407,28233,1235,5.,150595,71174,1.896160964879082415791506230068254013527331048893001363417914400748612262304062503838998298505255241557870592403185664557948842700800,2
filehelpers,2008,12,1858,1590,15,0.5,60214,268,1.0044706902877972762667236507087112998358659966632357439194636300000000,2
chatzilla,2000,12,8406,5389,133,3.,14076,3017,1.342568411591124569002948163634249354292304095958185650328181012160849381630136157892705627007854064811456753049600000,1
plone,2004,12,138894,95306,2114,21.,54906,29247,2.13983397644726879571499198690712875898131706570743189390651905072156431217841091370774056536119918579132370205981831300450462077440,2
phplist,2005,12,27378,8115,199,1.,42413,19263,1.8320950324399776522216234168987368084679273527956078829572502166899259868680561390514058343901013749412003125746817829568000,2
linuxdcpp,2006,12,31604,28393,113,1.,44047,3211,1.0855399861520132113941723550832755044485274393991495045905308602934550680711006630217512659454252367362840959387481665536537600,1
oro,2011,12,0,0,0,0.,33762,0,1.000000000000,11
xmlunit,2012,12,0,0,0,0.,25957,0,1.000000000000,11
ncmpcpp,2012,12,27364,24253,373,1.,20818,3111,1.177649611695942541308834885242589702528181446658949097379043695235246250800341543375636726140914990675641344000,4
cpan-mini,2008,12,190,136,22,0.5,513,54,1.11764705882050449414398594008049991993017013184218465224004052669440000000,3
nltk,2003,12,8755,4180,244,1.,16077,4575,1.39775691182546395842357331012029719757320682550146197207174634274978367153935318262259338565390797322011454207294057750424043520,2
forrest,2008,12,26231,15603,416,3.5,231768,10628,1.0480600524533819656206995407920333929818743431437502230675431146939642702744192547997411741021741926888129708993001841758241762423066891091019587932160,4
fife,2012,12,28365,14232,180,3.,253902,14133,1.058944233821095131786063737104890415326817110179203514108732652023224393294063808471269696742133473732936171406736714038678696706621484671200907100160,8
glibc,2006,12,60960,43131,1205,3.,928365,13526,1.0148222015284231474797063668343880653791666026607248287187602460568162506105107947601510458444670428834504204409118108557680667727226570619485184,17
tcpdump,2007,12,10949,6662,144,2.5,80196,4287,1.05647551673270576028908394406939912209093344570531454600063791331128170132614978238834615621033786316844108477063910933749767144864677027442112000,8
svg-edit,2012,12,5625,2682,84,1.,48572,2943,1.0644984549291931471044562951574218206078804088054434619021443371787207624168384760332231220424448000000,3
aspirerfid,2010,12,255340,123607,425,3.,252436,131733,2.09138132439736149937662762404968371784278032100549846938941406187827490285813055201233837614421808666173240447081936288631643473374873600,2
stonesoup,2007,12,200216,103426,2251,3.5,224464,96790,1.75810266769807564312600591698789969324364824338658255372447058754744728254633138451932599106209134030603263889550073216330306569303040,2
phpDocumentor,2006,12,8542,51302,357,1.,113626,-42760,0.6236544943725671042771140155745936225763513901154184342283396296838006411553714289491254706752000000,1
guile,2012,12,30345,15889,678,4.,194868,7788,1.041629249518994583500532519467884559255266678155938580049222450448663619562509472698542606805486127094169600000,16
MbUnit,2012,12,100529,23026,49,0.5,2127689,77503,1.037802911542155223759288341535383665910964684903504605529593600000000,7
openal,2010,12,16809,13500,516,1.,19386,3309,1.20582198172393650405145860926599001319853077913013520366791769666475306518251343811745631808700041363913521479091065654498929981536792166400,3
grisbi,2013,12,5393,5784,137,2,268543,-363,0.99865005578248317455254477332394403200,11
jvcl,2008,12,48792,100701,464,4.,2151740,-51909,0.975846370465945788942222169378728157512969693116134835843325781443755673747868814680924191057636562684817384853682956633480263202548409408805456486502676480,6
collectd,2006,12,41826,18395,730,2.,19492,10334,2.128412317138196561088784175458172168579838943366898091935848271891415344066595747747449272446848360391309506283148193344779264000000,0
jfire,2013,12,0,0,0,0,870495,0,1.000,9
eiffelstudio,2013,12,66638,63877,908,5,6367163,2761,1.00043412079419798874711004457529812978,20
prebuild,2013,12,0,0,0,0,13355,0,1.000,7
apt,2011,12,53619,28137,860,3.5,57015,3931,1.0740524451817619073419086582567592516048365356892829818368604403253386900417333692299619677345525864123546629030367072000,8
glob2,2010,12,5575,4892,121,0.5,95414,-50,0.999473440330692031195827238759732957746917777827891526015536694222997165554688000000,9
rails,2008,12,916336,886676,3340,56.5,189629,47356,1.503123539307244020160594779383674858615008866436631372862986649225058202994974484085506455052348206247086695343453631187607879680,4
swiftmailer,2010,12,10740,10194,88,0.,158152,214,1.00135496207368044161781108520472409160000000000,3
aegirproject,2011,12,16104,11215,1501,4.,18874,1690,1.09834729980020943343763586315006244102144738617282026498372180324940557280598541338548308444832386666211068486557267852280634267319745700000,3
communitymapbuilder,2004,12,111271,106761,1250,3.,78565,4510,1.08866433375324652425107684651825459731342464653650695333546969211493161038422714461317385359614453487257366131631600375295406080000,3
thousand-parsec,2010,12,19365,13359,246,1.5,60605,5513,1.1036200285715827638772145988729546272379445802218680417940988844604640008592813346505105725120000,7
eclipse-scala-plugin,2013,12,8795,3297,152,5,50545,3394,1.071981506223025053403140234748370,5
ipython,2010,12,96975,73957,845,4.5,50473,7756,1.181643598186803475751008844151807695753812510506058565168933260163077427650885895136805905668441600000000,5
hippo-plugin-easyforms,2012,12,28754,9420,282,2.,38190,19334,2.30935933909432554396136153564987656171911125740449119339355315284478319857274926533794367098166152870509826426273670774094880000,2
spacewalk,2009,12,1030259,1081257,4626,16.,2435177,-74975,0.96902182087067334061251911527417225252075354182072782863249870334297836936057232608195286021336920931043811395482519299629015734788704044612548608000,6
mediashare,2011,12,5892,5480,71,0.,53973,412,1.007692307692743162487892523053801733196300000,5
fontconfig,2005,12,10396,6341,182,1.,20952,911,1.04545681352740636656592467770145056868977044121596185143297337129470319408172457970322647996344250000000,3
cscope,2004,12,1587,1263,23,0.5,23778,324,1.014077163707372965735928092235077417639337188633637032297802921432575200000000,4
mod_perl,2004,12,22902,10675,1075,3.5,65336,12227,1.230224632352242834854158973543354075184868406230695908289421925200523259354536129492342828933323201227845126154815949890285676680192000,4
xinc-continuous-integration-for-php,2008,12,12153,2182,310,0.,23758,9971,1.723217523796346996302102762612752022950455204144400000000000,1
krita,2001,12,342006,308975,4479,21.,305733,33031,1.121124890907222441142279770229679117677222344322261849634934263323836462139463722610716813423631044804597197846573780776089258560672000,3
phplist,2007,12,14708,5888,457,2.,63327,8820,1.161814078914932682056084677078861336147863673514696909382333379813778423895865258002331814281915875997009910930666914729802504979556056708096,4
prosody,2009,12,30083,16028,1759,3.,16157,8861,2.214501096200277333574364155325020398348160605000367921271425532090073132290345479550396598275870378319241659877065610530508800000,1
luntbuild,2007,12,80841,69804,244,2.,179197,11037,1.086736818912670261838252273419245098723330857793237204263233418208469924210235971139803891691207593391948588165952616849564253934000778167520,1
enblend,2006,12,29136,8839,92,0.,74070,0,1.000000000000,2
frascati,2013,12,14889,6857,238,4,263362,8032,1.03145732973207221444910509977373814,6
swingx,2012,12,1122,1113,44,1.5,193957,9,1.00004640419076318307877501938501455593580,7
dist-zilla,2012,12,988,292,119,3.,8954,696,1.08428190845592560385400306636975986674262733428922945191730720030934434544958697676802136068426393606720000000,4
opensimulator,2009,12,636666,436600,4105,15.,341944,114359,1.502489179872385542539730689453942278663979032818177330577780937567358467617795234433436567988425133180529763656659728647172391910400000,2
swftools,2001,12,17362,1814,220,2.,48226,15548,1.475794112261324284800,0
falcon,2005,12,0,0,0,0.,58,0,1.000000000000,3
smw,2006,12,7819,1238,193,2.5,11574,6581,2.318045262918489990230052633426110389283982,0
webrat,2010,12,759,401,54,1.,8812,267,1.03124634289397370806698002859427249689494733006150372444153405783573076536342554000000000,2
system_data_sqlite,2007,12,83395,62111,60,1.,98306,21284,1.2763366310761768412165693732180994829127032884521786910522903100073644098069216000000,2
wtl,2011,12,259,38,8,0.,155246,221,1.00142557651989027510629650000000000,7
squirrel-sql,2010,12,1265648,1045232,1405,4.,1332675,220416,1.1981853509651941597925554521863512543724126773976365313806963186595407334365312176133858809020331322163475762082497355569377551081584720425779200,9
neooffice,2009,12,152023,20797,541,1.5,366092,131226,1.5587271039613863195335102166356982414301399864247201493414068941838504143826434803985639090739360337351987688395716646396286147512981120,6
pandoc,2012,12,17460,11958,743,2.,29422,4833,1.196567291660336911584017886395830414211541568112488325014316076094882197948879217209335867652245042042485286561149941500221543268649787669680,6
fundroid,2013,12,19917,5169,59,0,86116,14748,1.206647236900,5
perl,1990,12,57692,14600,566,0.,229910,43092,1.23066299822632489772834230238487067173259694906617500000000000,2
netsnmp,2007,12,126460,107827,1443,4.,336840,12956,1.0400019760112072069958381648775841048008070201269935724379037761155123924140388377487688945451125694321308477780033000533826837556161549280235094016,13
kupu,2011,12,31,18,14,0.,30739,13,1.0004230944476862323133025902085315221105000000000,8
qemu,2005,12,66331,17455,522,1.,155998,48876,1.45626481958359490940802648911353664380942508216809656236206930677356739072679519238346221981062460080277624250449684878080406205235200000,2
fluent-nhibernate,2008,12,13624,4291,187,4,12114,6764,2.264299065422575851395482263670795265069771303401753320,0
hsqldb,2002,12,66764,21998,150,2,74750,44766,2.49299626501025979486224752076610,0
geoext,2009,12,20391,2724,349,5,21781,17667,5.294360719612357765400350645673254322017022486812527051842892981303844793049261056308697100000,0
ufraw,2009,12,7239,5441,318,2.,30679,1798,1.06225546207378224311921016811731662428458665265501644430444237585858111306474496838362794755267125679867374485328816694287600812299483209728000,4
redmine,2009,12,55363,47277,1011,2.,69027,8086,1.132685712441621843677744067802725290240329837063271856621876483252586513530478999241937742060888061355612859274168905765857133781664000,3
orchard,2011,12,532246,266516,2335,6.5,141201,36060,1.342968014330944037648663039201234900536597656538008089579843436372960000000,2
ndiswrapper,2010,12,111,46,11,0.,23548,65,1.00276795980075557590385278118749920985000000000,7
lyx,2011,12,55350,52407,1748,13.,474627,2943,1.006419120823466785395385330747887320394588228910040000914327837669320904527767189073394073957099469626740777665135784659726135222280133345280000,12
cs,2005,12,1859212,1584344,3534,13.,1354766,274868,1.2545314464707972238438532594718994214018663286127964142939056386014323202676987725922781273455850569166089240689033944414060352898048000,6
slitaz,2010,12,42832,36897,909,6.5,98005,5931,1.0644155787878395818558771021134399587800520010672737075177237339170437772979438937574751405706289479810267768780649162258070523688529920,3
squid,2000,12,86336,45360,1783,3.5,336104,40976,1.1388414518933026274079250560517560606104160728062663610373132486569946710272969278917715656863331815998966638117834088586812618390662210261760000000,4
system_data_sqlite,2013,12,0,0,0,0,199026,0,1.000,8
hurd,2010,12,71929,48466,472,3.5,1159712,3781,1.0032709564849343545010295947447815675503983028240003789054662624580242054941750762548867974328520034259696698001466757239471106435148599996489617920000,19
stellarium,2006,12,1303036,836358,1143,3.,759912,466678,2.96737883993723275454367008681442976550945813459709065894266011798531437142276328535039524958312598872043815996401485382651516718930812723200,4
camstudio,2011,12,793292,329606,80,0.,420693,99615,1.310251714534605788699389295217357514000000000,3
amsn,2007,12,54789,45938,1191,10.,171435,8851,1.0544395512503656685830507915118858124274405914870890251471454290574035615416909324652441694451291167602089063308537417909999411253357135052800,5
kmymoney2,2007,12,49148,30397,473,1.,134147,18751,1.163255178157656238922346282099158898880973650175523151404023706591029415848252904774255497507552490840539162549026904500988548017014400000000,6
displaytag,2013,12,0,0,0,0,32537,0,1.000,10
openwebmail,2008,12,10253,9168,48,1.,142953,1085,1.007702628835553808063613144677620349331952212379669930933030353249513596117794269104000000000,7
pyflakes,2009,12,312,68,15,0.5,1018,244,1.315245478034057119793495184890043898488468389273779763906400000000,4
ckeditor,2011,12,31970,22303,815,6,1289,-1178,0.25015913435847684891968057889876568896772952571586775860285273200000,0
novacc,2010,12,502436,555301,2987,15,237767,-215729,0.084462570624626735594038174862612295390194042986176511924469795626004736,0
catalyst,2010,12,16426,15364,591,10.5,437405,23,1.00005329082881959036435105465127710832853767217901726675040768981013006779126244755035618852227421258103889710769252736788225877679704426871771027366400,5
ant,2004,12,30837,11138,1255,7.,217525,19699,1.0995774064009658379799078570705083573875540074104410937132596955864038462505639374957102224591896772638164997061012532380939294856896718304000,4
xbmc,2004,12,739365,168213,2269,13.,708123,571152,6.743973450962482153212588124773557132758475437849951366601113754014417637393840776150942547997333110247810430724146723334016614400,1
umit,2013,12,38980,526,74,3,2365912,38454,1.016521887831855973349482013428849602,6
freepbx,2009,12,42268,14715,896,3.,122937,27553,1.288863960411412085649808270216037105692021277134702356968369631618185468189706800539694037730792754007159800714224912966397562184800000,5
magento,2009,12,718853,299067,348,1.,3298132,419786,1.145948558196662757761369964266065526611414098946890601813059069706856462626031457622661894402693913980110699493872446968202396349219200,1
gftp,2002,12,12412,22937,75,1.5,22328,-10525,0.66534181235826180091837294282560998768741328,0
flyspray,2012,12,42450,16107,183,1.,204124,22745,1.126908226539587120188175119555263324261397997129908246284005031104732228925037866342142466888616581529600000,9
xiphos,2006,12,86899,255566,250,1.,239178,-168667,0.2941946930900675343442922837681302525551527683159744885043129934687354876188781675833161554233202476210361333333266589136606851930240000,6
jsdoc-toolkit,2010,12,103,15,11,0.,4660,88,1.01924759405159892782103045019406993287261512894000000000,3
amavisd-new,2012,12,0,0,0,0,7745,0,1.0,11
ipython,2008,12,117277,52428,905,4.,38218,19441,2.03536241142897577195009432833549610574478866018158970993754014081667881920137030779898624000000,3
bulletphysics,2011,12,35521,71506,241,1.,473753,-35985,0.923496884391226639846624463649003553576556692382515088419459472514366705158488301810972870946950570683730414559996224823043114718254209730346607360,5
freshmeat_asterisk-java,2010,12,2151,132,26,0.,34162,2019,1.0628130541670580947716908186602974212309847455577220351424000000000,6
cdt,2006,12,191844,152441,1318,10.,508778,34506,1.07275571823201506271065244768768640056693718611721154535832650948378071162802503611249101416638541259577351863171450644295171306470461440,4
privoxy,2007,12,9598,7910,284,2.,91368,1688,1.01898207498377410712091983391813669392327302630889534823670507236705016968183751687539868701796125703091848874266522979699969078696181304536814214400,6
MINA,2008,12,39322,35715,381,3.5,46832,3607,1.08460185291739138757339466650429068940944226514616624299102184719970860935420000198969485734848625482550366164588179639096455185502336000,2
mesa,2013,12,25436,43584,1027,43,853443,-18148,0.9787598107673731093698373734197888,14
php,2004,12,471124,191777,9724,70.,1444509,279347,1.23974949406219783288296982305209229664162943364830456118846745440006877124411976070502059822831418181532554936126430986964853228738981040,7
etherboot,2010,12,1,1,1,0.,368183,0,1.000000000000,12
bos,2004,12,114601,115280,101,1,56459,-679,0.98811648990190078031387035760685593774548588094373452136,0
pysoy,2007,12,7798,4574,188,2.,3278,3224,60.7037036929198390377514988975286504033954850382411833702903168701044401338531256320,0
Python-Ogre,2010,12,15098,4810,101,1.,440020,10288,1.02394050245567171724922555404556814901612352708481549897422638320758788299065590428034989389843653600000000,4
xlib,2012,12,3978,3598,31,1.5,227076,380,1.0016767344269513744210119341605080901381147470040811670318368571641325753184150199908425684403170066508892617048450393472000000,9
mw3d,2009,12,77072,56,15,0.,376724,77016,1.256970117600000000000,2
grml,2012,12,22315,41251,589,5.,117240,-19196,0.85918530529963422627231923255628094571089012640494855348030855011585562056349792155658869494358170470699005394892872220294962528932906940482330000,7
perl-xml-simple,2003,12,797,196,21,0.,3584,601,1.2031091585473558024099474072093166602339547841360771286800000000,1
zend_framework,2009,12,5344934,2148904,17439,27.5,4183119,3196030,4.23783367046400117296074903359991679205418089751133588900706695675437283735933730013753460273516868099672340039021504139846015760000,1
paperclip,2008,12,5684,3746,185,2.,2627,1662,2.7222797926576981892763407604862747082537188554936366843840706428528437409018900918623464926573194923698584413452317910000,1
gconf,2009,12,1232,845,60,1.5,38279,387,1.01021323762253788207380574116691099786174075017616453865226852867040575427311292076160000000,10
freenet,2012,12,49713,41958,1513,5.,433444,4248,1.00991575807337999404443288457853664928991271126869469419945123222823661143378271509038040509659438414320504494154416117556658201497600,12
grml,2007,12,48334,26247,1382,3.,56714,18009,1.46528872234104161790501336262486855554141100738345959022230718687617526567266812859393033388197198561827108948411191213565350531920000,2
gzip,2007,12,412,200,27,1.,7977,212,1.027301996135181660586281356999804591713671154137195504428160000000,14
eclipse-jdt,2006,12,395026,193939,6470,19.5,1628205,201087,1.14090425599334380602194724516796177400754241753893597474880673238096818253787268393756709514725579420422799161614956463285523503641600000,5
openssh,2009,12,2358,1064,92,3.,45853,1294,1.029040149017684686927173817234032235322391614891665370773098818735647060030646792492253746613994573391562341624213577783619295469834393600,10
gnupg,2013,12,1642,671,42,2,196972,971,1.0049540563566770064387421932178732076,16
lyx,2002,12,152018,111092,2439,8.,195568,40926,1.2656963118552056076157775060159212233644650585806504623335243067538658087712106258040817059680926579463163936684043833787517262786560,3
keepassx,2005,12,1104,1015,6,0.5,8445,89,1.010651029200,0
evas,2007,12,19545,8252,297,5.5,82029,11293,1.1603777604170182610395503932060354205918320319738850546269366454243288053141207230728856232779125050452952217542276603272493533115842560000,5
wrms,2007,12,18283,10533,256,1.,39928,2458,1.06559914598339520108743359104830698221006817107777357558429132493690696205021275660869805566706944542223286092166067852978641920000,7
startrekguide,2010,12,0,0,0,0,88767,0,1.0,4
lemonldap-ng,2007,12,14733,5267,178,2.,20684,9466,1.8438224282841217371312499062452920662995964735030666566387702848346261577099942210556357486330185146266985453579359269600000,0
commons-validator,2010,12,1616,1660,23,0.,17725,-44,0.9974667511064459644688526685074427487907235005000000000,3
jasig_uportal,2002,12,83676,49474,1269,8.5,87964,34202,1.6440690733680986975367543600411395430735028963388721808475408959802706619742267776216367639454073118039118796555210864052835239424000,2
freshmeat_aspectj,2010,12,21329,8013,496,1.,656089,13316,1.02071648933613160348950575022936750732590235571798640227447684536591217019030630140194230976899853732851789198320400987142289288554175712458325760000,7
iproute2,2004,12,12085,7053,200,1.,29726,5032,1.218554551770714860908846591611890101813161102601600869645220233264000,0
android-astrid,2009,12,27999,13718,282,1.,19592,14281,3.68894746669006043924496280929413136300646195049298481497340428929981011976756993907131341050960000,0
ekg2,2004,12,45462,23992,1700,4.5,71374,21470,1.444090514191453251835122394796116710803064808646051901597714491776334740338298014405597329643693001180715025177454462789270911205632000,1
pyopengl,2012,12,22173,44116,106,1.,304809,-22001,0.9326795385729016910684035633772512374720942635349750639567372587967602490964358909952000000,13
MbUnit,2007,12,1668096,1208587,958,5.5,1379954,459509,1.865626177763919912085033134794405650465554842285955292943527158212542527896948461714974822888309385764060717477698650480125542400000,2
wxmaxima,2010,12,1872,902,125,1.,25507,970,1.0395321351433663423959560098497093512735510968327763127728822513472841289037237243108476941746929734087855317151627480344217175577269162060719104000,5
konqueror,2010,12,30863,40774,851,15.5,104383,-9911,0.905127026996114596812662218675741442294478210168600841892795433535511859506453449417015814032722806652564435769232130048216747343376401920000,13
lazarus,2004,12,206273,146768,1280,4.5,599357,59505,1.1215769762814785282383630027555914480749879537195670875767345144110368283287964160591823689915987473278543941115863971082170681823222848000,4
gvsig-desktop,2011,12,20090,294680,181,4.,1594082,-274590,0.827690612460814827355564508136038810306162509831598294084853248421112492038955596635948941723349678354134566303857548802117100000000,7
mambo,2012,12,0,0,0,0,130527,0,1.0,6
diaspora,2013,12,6114,2934,209,6,51995,845,1.0165200391000,3
griffon,2013,12,3901,1004,19,0,57704,2790,1.0508067159600,5
guava-libraries,2011,12,199920,104045,693,2.,148859,95875,2.809508530944463162358769738267041734345165359766372665427169088144142411753249962870139910736233216643540288584161854615332585472000,2
SqueezeCenter,2003,12,20083,12307,481,6,73067,7776,1.11909757853558925088651208429242379291437917388874465760,0
nix,2011,12,6734,4996,270,1.5,31156,1100,1.03659834974716056989882679915947940726599556852797037214764359097278192006118825399909195788184339332042922793070714880000000,8
openbios,2008,12,11044,6449,206,1.,87486,4595,1.05543424497015476319576300765053154258480741431570684603855461539169944000000,2
facter,2011,12,14868,8589,347,7.5,7262,2355,1.479926635413660464962313888419740969339774083514945780268639775976126526364803652595230688597212028797192295948519895941120,6
freenet,2001,12,82439,49628,619,3.,33552,32811,118.6021505146739518585529538165714898248870443251524794927521938675105294859820425960489344866856484889785348258862284800,1
findbugs,2006,12,71396,30096,2117,4.,135711,41300,1.4374490260457160531818181860822698157915573654068197156483470490461930194235938634929236530555637135131745394201255141963650688745472,3
gnome-commander,2008,12,20641,18067,647,1.,96578,2574,1.02738181353775242544503267335022298914218675133106022492564972673215318223187170307927231067896052694866291916674577042800018510151670214194932370636800,7
ubuntu,2006,12,840161,302470,2694,19.,803280,464219,2.5560065696587892543897138297256445623571492206897464212700460149315064228091221010366485014041877200770424394826320482282416230400000,10
subversion,2013,12,40053,30892,1260,13,501246,9161,1.01861670239802079938890363429466424,13
gwenview,2013,12,614,367,69,2,38657,123,1.00319198629738608162734520,6
phptal,2005,12,18952,14097,262,1.,18412,4855,1.9221272559226672774077552682996019077634572828579650088539910169882778808361229499936298593886976000,1
pcman,2013,12,376,30,2,0,56891,346,1.00611902024900,4
kdesvn,2007,12,5335,2338,187,1.,29781,2997,1.111895161277984915541040723828768380039945770485860743885436341456786369406471403386117785479171288187887426269219646029792645120000,2
petals,2008,12,802673,757886,4022,9.,304280,44787,1.2095023808616486218388408684562366645591399273630909702204019846957981848684293619109713110661166128817750902689534078206404046400,3
jboss-drools,2008,12,1325065,1122408,3124,8.5,649647,202657,1.453381507421194738117371383097249565697663977756867527600030497371978805950497873558757590801608076566283472746286982801220289188000,2
linux-pam,2001,12,6241,4143,185,1.,44814,2098,1.0491150856845350664769606059536938861440731408518883921558472306662968953869766993363355683164919908497661363776781947810968124800000,1
systemtap,2013,12,9666,12654,210,10,150069,-3287,0.977937820492100998786868081258721198,8
magpierss,2011,12,0,0,0,0.,2259,0,1.000000000000,9
grep,2012,12,2650,2384,159,2.,9272,266,1.029535864983684307119670658919924302761483517768284816293291676465412049798178238220160530157915386664301517186270992918067079296000,14
tortoisecvs,2003,12,86624,81635,805,3.,141221,4989,1.041357528277216807724371503681191887238153644814316250853364596661518425223207048882426176606948956865985674638346825336859332608000,2
libcaca,2005,12,6122,2416,147,1.,13975,3706,1.3608920050854198586028733457383914015426451986388056531887230500118315736557579624253374086400000,2
testng,2012,12,15985,7712,495,3.5,115986,3903,1.034822408393521224956041389050846566967996112006289412983500509934936150484569091413967373269932687402232490118544033721640765433933463280021471600,6
testng,2013,12,639,618,39,3,116075,80,1.0006897384166758901024628863632665793500,7
mangos,2006,12,1162480,345709,2566,8.,1053104,816771,4.4560175681999148213977597481344522588484758867283321592416198164687229227939789881953361344125306823133366152192000,1
avidemux,2006,12,3500488,1586604,2431,2.5,4386681,1806933,1.70043004187278218780187629338079615340593776610665379503901256613215200156106252616338877454742288539413584788689329733607476392406400000,2
gparted,2011,12,11716,15128,199,2.,265003,-3412,0.987112808243741436418473212857511568843292793551003892428798332705699020022672296500343879169452059707346510656000000,10
eiffelstudio,1999,12,725697,173653,6405,12.,1208930,552044,1.84039544146735673148956176869664116916331738887889142377634255510239819070433028795653456201871160056000089718294251306644520760048640,6
openoffice,2000,12,322788,133876,5375,69,2205927,188912,1.093659194402548957878331259579304,0
patchutils,2007,12,0,0,0,0.,13733,0,1.000000000000,3
cvs,2011,12,917,509,7,0.,267186,408,1.00152936149200000000000,16
freebsd,2013,12,71099,119040,1273,74,4843357,-47941,0.99002452202188453048317443394699288,20
flot,2010,12,3210,2244,121,1.,19580,966,1.0518964220479624543157192105394776082349577698070433320307722182835346988531990195200000,2
john-the-ripper,2005,12,1364,520,92,1.,18465,844,1.04789739515552114766191924459261740175454909598965466436828325543671908604989221273600000,3
ehcache,2008,12,88079,48750,398,1.,79314,39329,1.98359384768439793026618378394992225446550238496865234301486815421661155198360890372479829940166247164845834485628657231906794897408000,2
HtmlUnit,2004,12,8775,2320,320,2.,30065,6455,1.273401101223147361524143359146413069210006246687780008970214037630057243014959466016415731682740972109948149305902582276318390869586304000000,2
gnupg,2011,12,20187,10039,257,3.,195160,7418,1.039511670271316293297215630005228436298297449663354028215167261413545213919102520148940647932887055292854883885342509608779958479176352543104535552000,14
python,1991,12,30100,10526,424,1.,40513,19574,1.9348106403567754750673529524724108989327629446767705549270735590805053091846593580945074019207293275867710667472218505090848768000,1
bbdb,2000,12,63613,24256,466,4.,66078,39357,2.47288649371050008895640098601827879308544267525053333838814366982573999053077249460157033138018501039922267456000000000,3
yum,2012,12,8080,2444,438,3.5,141678,4636,1.03383941605849523447258082221350954942999144958917163552925231143184528448112877778316510557823893448208576166171281803912622084978574013242359552000,10
commons-digester,2004,12,10520,4650,294,1.5,31570,5870,1.228404669262308806669730670756657052219552548377935282069926973613445005786074109829381679022145344000000,3
wireshark,2006,12,506728,280207,3318,12.,1316591,226521,1.207804085969049294489764162023898016308952146031883710966928325164733412279004933115561347619220355702358303588381234346133917527987151600,8
dcmtk,1996,12,38179,13210,268,2.,48954,24969,2.04102564103187581081183738402653955606393582704884681661056107323001435055435334618552430954162673728085157121440000,1
clutter,2011,12,86745,105032,1473,9.5,175664,-24307,0.850987916935867514814230918950766254921566004450539476549099235204490103299218511659590212256814927372743610067742259505267419456000000,6
freemarker,2007,12,47468,6944,120,1.,77679,40524,2.09067420301803042884506179964896069966934513868853491515797163677782224177539447600000,7
gammu,2013,12,31,8,9,1,137881,17,1.00012330992863240530709729100,9
reportlab,2004,12,44110,17590,508,2.,241630,26520,1.1232857607389481253673396450525356463180472907006895530750728771865194264990907338345495848293410825815775883645899332900225281207991040004380000,4
xiphos,2001,12,176148,104019,563,1.,110166,72129,2.89628519538805056445188521851351885097938398550282123761718702151856842749949187686824075569157678881854103902631757746767616000000,1
openezx,2007,12,1764200,1173420,34164,466.5,5927787,590780,1.110695001895209744224001889022103677887955854904117537530271023057551755368530565759778702318690174379243401263429542044649356785529614848000,5
itk,2006,12,291033,203228,1856,14.5,888989,88947,1.11127040183526864207553966870620008754961403295621000647928468169308065121566970416024023053571083876738138464551994359337554031972755046400,6
lfs,2009,12,20157,11567,761,6.5,389239,8590,1.02256672157331515755348181476347004508038115009651229055455474657284012274042358507197028727000185599496752336333362436088406438972718542195712000,8
karaf,2010,12,74059,42030,653,4.5,63990,32029,2.00212759308815220331467055223272151818345124686107429476337654746975432639704261119241173782245848965230499606194998889550787205632000,3
gmp,1998,12,1315,600,28,0.,39037,715,1.01865769009954687410588191041430175000000000,2
wings3d,2011,12,54685,12879,106,1.,260213,29148,1.126146322458069543679406332103285400443699631310280943544679600342783064000000,10
svnkit,2007,12,78524,49911,714,3.,111028,28613,1.36468264087068465799052081811529279776201807540741612342855770897762550251336348957521437324202398789220284333953184455902576803840000,2
OpenX,2008,12,2102153,1749199,5517,12.5,1256223,352954,1.3907518137111690460451355084212254605120940099850826891844597755877398695577434326659341513741452466173937183448810111708108384000000,1
aquamacs,1987,12,3142,0,8,0.,3996,3142,4.6791569088453276429063167604600000000000,2
libxml2,1999,12,121332,34225,237,2.,94309,87107,13.094834766549461059654209555451567714136541191715556977490359112197177275391583711426529680636380819522705591862373078542500000000,1
jtds,2013,12,0,0,0,0,177195,0,1.000,9
pylons,2007,12,6879,4068,471,2.5,5984,2357,1.6498483595150334488548878544260010014521672451155377979903202958141433765006886561575443793715833815514831862324307532435370256896000,1
zotero,2008,12,166085,85163,744,6.,136770,80922,2.44896862923877014722372877772872694141585948560338455749410661719640972476418456581100424269957940634812011992059711781301680620177488,2
bibdesk,2006,12,107146,42619,2703,2.,91065,64527,3.43149446056515276043321111555760602876740477157440376843054779074928405765935103176544056707872831541356989947842925560000000,4
gnome-terminal,2012,12,9245,13693,173,2.,25393,-4448,0.81841192081637140284182185208720031061433658891023952705214307168418450846228070722803593421356655456250209971789830167306620108800,10
mh-e,2002,12,14295,7895,499,3.,11756,6400,2.194921583202997063200735697513390251415131191570877146786431970237917981007959610514137145788471114454203763981039010137600,2
pytables,2012,12,9669,27503,196,1.,156663,-19465,0.875721473051924171639720000000000,10
apertium,2011,12,2300605,1168831,1306,12.5,16279226,1131774,1.07471712072614694991924946643508364842516462162800550179518931132062244639582832068094199202276700001116101286265241106124975904913517091179664000,6
automake,1997,12,5931,3165,349,1.,19552,2766,1.164780173951444716507837735735471920674095235459806264916828226258785992231208823835914403907707864644414255880072961657494357208678526001800,5
derby,2013,12,9983,3949,141,5,731100,6034,1.00832227650223176619394038846630635331,8
websvn,2011,12,3051,446,48,0.5,58945,2605,1.0462371316961875855107909872331120402538628380734820220493060903087591384168000000,7
shoulda,2010,12,22989,28911,60,1.,14368,-5925,0.01068625817920930484299583012337601084754274178873097544940205806800000000,3
phpbms,2009,12,33171,18846,572,1.5,51838,14325,1.3818676192271664183819958121196900689909890569259064442723732918680294033460087082401046874924001702196524345022253294299357568100,3
SharpDevelop,2008,12,282015,254575,1246,5.,479220,44004,1.1011084151362739170058585562963314432481314328308826900332070567841243858252742911188179395110383257211377700525550201607628572631531520,3
vanillaforums,2006,12,50541,51729,1062,1.5,25980,-1188,0.94637779295299382570848576473607499660544924973937817347548852209095416906348908639636169106168579202009304361617425236705280000,0
jvcl,2004,12,1104077,405798,4207,10.,2374680,698279,1.4165345880952786371159278689421039218848039558164261253272867616201525943447167197949830458130571868260126515829257712967106908842624000,2
mpc-hc,2009,12,304116,294320,516,5.5,605182,9796,1.016694388398543302522365040118618308534851840696934615318307070249144978045433488704538351253774919508940394545976047034471921694699152000,3
eog,2009,12,4451,3666,170,3.,36267,785,1.02212389380493398869130366221987740613068069098391944827492042891103850437462185902685588467606257048142428329356066406400,10
slitaz,2008,12,70993,17033,1113,5.5,58733,53918,12.19792315753254887686805367792282254737699203391894525836518252436758555919824420003646519243452048845943345931206172969984000,1
evemon,2010,12,127344,2878387,678,1.,2267405,-2127764,0.0666371302923644199135638301493181566947710460203764678652484364134778633056165126405092427855738399897747206273322994848028955850547200000,4
tremulous,2003,12,10634,5229,197,1.,54133,5405,1.110921851927775811738001873287251689788444709488754300089832651944303232830631164145501267896268795802583612783002120000,3
jinput,2005,12,1370,342,55,1.,8786,1028,1.1325083784440595205359059137448610954599867043239450442109543204788207344879271017767919994151181681280000,2
ibatis,2006,12,67930,41504,305,2.5,85319,26426,1.46831360312522886100507086379852401348350324104491058737927925254722435888207753745948613895243738438161988399079581794304000,1
fop,2002,12,86365,51604,487,4.,195751,34761,1.2159202434844693654849913531276242397114320161512321751039741946208846240307304753302765133582730014279259234842169844282996256294404096000,3
john-the-ripper,2013,12,1,1,1,0,28126,0,1.000,11
httplib2,2013,12,1993,248,12,1,14820,1745,1.13346080302062345269430,7
beanshell,2011,12,0,0,0,0.,41731,0,1.000000000000,6
postgrey,2011,12,16,9,5,0.,2474,7,1.00283745439800000000000,7
rsnapshot,2007,12,388,182,19,1.,14890,206,1.0140288749657335138478024076809423166158484994242801927814236668996205864000000,4
cxf,2008,12,251825,123910,1354,7.,424579,127915,1.43117803302436279498786317395769460772697430518630599792284112750608518815194368884051888499993281761011657098062071855380110874112000,3
phpldapadmin,2007,12,12297,7350,48,0.,28063,4947,1.214007613742856814620116810529645640000000000,4
jforum,2009,12,16508,4343,372,1.,102199,12165,1.135115622991132714066602265526696404523334518987446602272601867974167968960171080441434024170700800000,6
windowmaker,2000,12,58815,62545,549,3.,106118,-3730,0.9643488649748422835194714142968010772310629413171958481790519544264419113191307088903925302670744512269996244214106657721913017417625600000,2
clamwin,2013,12,0,0,0,0,458887,0,1.000,8
easybeans,2009,12,186589,140410,725,5.5,327998,46179,1.16438721896175500594548032934457335258828236949788253118730467493916356887320462958307062056773687137622817183158980269947475519711335724800000,3
vaadin,2011,12,1681082,1276145,7804,23.,3452258,385121,1.12556367712592805379491951902044701038175920912352901702141129011255090867946490388766460963452627176135462546344877089584661125776330000000,5
nfs,2007,12,0,0,0,0.,4913490,0,1.000000000000,9
Coccinella,2012,12,0,0,0,0.,145829,0,1.000000000000,9
sauerbraten,2004,12,13610,2748,87,1.,30787,10862,1.5451442910472369191110230808219738429137327976095977810853069886853764920437952764934931185728000,0
TrinityCore,2008,12,225541,165893,915,11.5,640401,58758,1.1010207292086268547970,0
otserv,2008,12,82760,55170,330,4.,139594,27590,1.2463304882221743705193263454244439423503010058732702016550233341645689236239498282205784395562495506495125529035541253600,6
jmol,2003,12,190861,140534,1437,2.,125103,50327,1.6730368032571481688605160998142801094954661094488086372528700208601061850443540510628200241887710813577972396731736860148376928037535744,4
e2fsprogs,2004,12,23423,12569,143,1.,90496,10854,1.13628487485396804360665127078862352055303818642223621386032569120518288356721878257181060898133537343787738550143560907912621260800000,7
ISTool,2008,12,0,0,0,0.,30574,0,1.000000000000,1
webpy,2010,12,373,213,49,1.,6569,155,1.02416965539193952294670248752137855470540265137680073878158559772965839726120773016000000000,4
cpio,1999,12,0,0,0,0.,6616,0,1.000000000000,5
postgis,2001,12,10631,2914,108,2.5,64662,7717,1.135516726668368545344036323604053920745887273860631605470520915820800,0
facter,2005,12,27,8,5,0.5,1031,19,1.01877470356000,0
libvirt,2011,12,175409,109197,3617,28.,345955,66212,1.236688674987616305057459821469880659228231882583503250785114847456250403420970534391747521363649068063458052232197904074824066662400,6
merkaartor,2007,12,11368,7202,154,0.5,19370,4166,1.27615007291054670564525625715024988860739000000,0
kopete,2012,12,702,248,52,2.,376037,454,1.0012087874051867906982764279897370688787105559876097900857071392947169801617877008766386818434465330891991296909545638950034872373059584000,11
empathy,2008,12,73639,56327,1353,4.,62141,17312,1.38617858978280163923792784449130647256103527448263913364430146825999254343016774909072656273360614521327154035924481484884532766131425280,1
samba,2013,12,9566,4073,617,18,1446570,5493,1.00381173247474379280321622964695002282,5
falcon,2004,12,0,0,0,0.,58,0,1.000000000000,2
nantcontrib,2004,12,24686,37638,256,3.,38884,-12952,0.65587055288777890003533108874937953193460148220932706718883569922258357964413264344868419014290358514296250122758618303328684736000,2
mapbender,2009,12,339639,151712,2145,5.5,476706,187927,1.6507640789668170697394685276686344946914057750209024538461926454485519905233745756236544378453325062703454962670553012913045452800000,4
dune-project,2007,12,96512,10276,690,5.,204454,86236,1.729465901979869432953052478950087232289295760493425241498636052961542334974951493142980514552873223863884759456481116238126868391304028160000,4
gwt-maven,2007,12,11670,4616,243,2.,11127,7054,2.731892953560179726368746823158069566829088092827993247559588060921575655624958900714775233617403260072095458927293518433782988800000,1
hedgewars,2006,12,15602,11891,350,2.,11414,3711,1.48176035304870545601900875961505241799787277142730869783339824813671023621665485040573344754400000000,1
Rhythmbox,2008,12,17104,12606,465,3.5,125766,4498,1.0373709091808490530276047392539607977796520382540238529649601038470557758952683753665578396811796956245047074180967589484988084738932511946240,6
yui-compressor,2009,12,86,12,18,0.,9198,74,1.008110477861436630219806850721025520000000000,2
macvim,2012,12,40113,33222,553,2.,524350,-2675,0.9948642925306980928195580445128755241572326910090046881048392459781272671077383352164937035686844130143699870457208263766222908088730000000,8
h2database,2013,12,5781,2956,163,2,177015,2825,1.016217922957348804230676881039368496,6
grok,2006,12,11128,5224,256,1.5,21504,5904,1.37846153836146788991,0
argouml,2011,12,48064,26852,1076,5.,919233,21212,1.023658792302587282433034058677609449498174978900752176644559142914763891524613231860577576761001829779125376878355601029486504284645346097494016000000000,13
rsync,2013,12,80,75,9,0,47408,5,1.000105478556200,17
thunderbird,2003,12,65097,124041,1806,15.5,370741,-58944,0.84070308573929348209004039407891815699285509735244032279225497866649503446441590092705674312272455554591990609803949229744611690297400000,5
xmms,2000,12,18376,13671,319,3.5,53740,4705,1.0959518711118765001911053623111974990765552666578497728415298608103315750540516984367586108992346882602358473029790889416629392960410251673600,1
l2jdp,2007,12,504749,495826,1566,6.,456400,8923,1.02135266231447893264196751832040126816215791495551269525575955386962553150670282386851392791009590226349546547278415798308660427090784000,2
openvpn,2008,12,57340,18724,1297,1.,354402,38616,1.12232718148930794482010633705397419717270612554540634658111208481663444784158511881449144676989170173463568971472452696309349875200,6
webrat,2011,12,96,89,15,1.,8818,5,1.000567408079912502189070410000000000,3
stackless,2004,12,184202,96571,3119,25.5,714510,83609,1.1325231692296747565517513998724537701132342097804571164970354350268088757217171082496552276470172596922541915411560672365747999908623937536000,14
stgit,2005,12,1749,740,157,3,3151,1011,1.47242990651868053437119072246278990479184457877006450,0
mpc,2006,12,4489,2930,138,2.,14798,1559,1.11775813884182236985320352244954190728628606430340998751712510607933550939107324929414956801477419903828511547473896465797431835462683279360,4
audacity,2011,12,11764,6845,364,5.,159203,4919,1.031882761657878503489277831248373654552797136625744711438460707034070403184042629965289746936243116775041932647150464972412554285524972458936820304640,10
GDCM,2010,12,117342,93548,1230,2.,297852,14943,1.05351444851168348238394329924148743918537243190190717513482308208220971503056161820442672882708449441023691473689669299329437202378422293336064,5
geeqie,2011,12,13461,6909,100,1.,86572,2190,1.02595340238784293519165137662957714514007049003791375784775867947413848331848781578158996692209271637478501749149090593040000000,11
moq,2013,12,0,0,0,0,32619,0,1.000,5
OsiriX,2006,12,94661,76743,1761,6,654851,17918,1.0281316873158363804323332770307601258922092173726284066772786725278994089058079990052952707430019918800000,0
avogadro,2008,12,61556,31033,970,4.,57336,30088,2.104227833214115939239228277231696012922331585995257364086982709710701154411188130626858011569981823841452866911942857600000,2
findbugs,2008,12,64263,43517,1375,3.,197333,20746,1.11748316693913492653120891397479072746997479023551109924853522451479361697776656034513903886634277758547772091645066892002998865877301043200,5
hildon-app-mgr,2012,12,0,0,0,0.,49032,0,1.000000000000,5
pharo,2000,12,66426,4972,6023,16.,205077,61454,1.42788411328186986486608204280031261434865608923794418094188021816741769525238266971421643882355594512465344440211649618513967721968025600,5
pfSense,2013,12,51906,19530,2488,26,602235,27731,1.04826946374685972159579457425387800,9
ohcount,2010,12,2541,384,49,0.5,35153,1413,1.041879075284519315584711426357279162858743445725704793201240000000,2
jbossportal,2008,12,374547,316252,2411,7.5,932026,58295,1.067010753674241238654314542447030620663194746362067930032587321344379547615367944634951712792527135686797056624298219123917489369515415224320,3
uClibc,2001,12,164670,80545,1031,3.,155628,84125,3.3571688753802264983910479763979507672585932181603838137162294054590916691773754888261560215561156888351996333572772163920998400,1
gobolinux,2008,12,84078,122905,1243,4.,94556,-38827,0.5836871676533391904871690028115256631532700400309657198472474046666360332845830431605877585338428131110310808878271385971864444891764052582400,3
gutenprint,2002,12,45802,38659,772,5.,76322,7143,1.103253877614880980160163458425089288845936966221401857139186188551312207738869322349255308738323833877008191049632009748690965464514240000,3
eZPublish,2009,12,687540,135823,3164,7.,832123,329828,1.656642013196207628958299786106477844415103280321780107398293655432897223409705756676170617567922311840364746836370828828277076112176000000,7
noc,2010,12,54812,23746,1308,1.,60214,31066,2.065802113415570696479590603670624735340495662677567418905653961727733827851704632753266697209155571708238729856733980279328783482880,2
rrdtool,2011,12,1697,1827,58,1.,34177,-130,0.99618208516817572818538301411187504375398840762679891360743541851402242539034725400687082500151671475748000000,10
dnn,2009,12,187,173,4,1,161325,14,1.00008678887367,0
strace,2008,12,6558,757,81,1.,69539,5801,1.0910132103309802657047148345237805697252948053721052860717763873104501699361884215207646578059425000000,9
flightgear,2002,12,87438,49271,1317,4.,116010,38167,1.49030741365635470357517428417400671525213355337487174524067350978108612857693032037554312466518063412339552328855422110564233981132800,5
rrdtool,2005,12,5814,3864,405,1.,23357,399,1.0173795626816189472950030858094778809132269061120000000000,4
subclipse,2009,12,11958,4622,311,2.,106443,7336,1.07402100759858545881338122700441875320471235011667483369376887689104122124455735438469407277272145595409075812524384000000,6
courier,2010,12,13775,2725,46,1.,194812,11050,1.06013212742810794489507938448026842192961219027232346980099001906664100435952140067466403380738028511677927501904712000000000,12
jackrabbit,2013,12,4296,2972,65,5,344084,1324,1.0038627611162454948585050369865735130,9
mplayer,2012,12,15668,28278,1126,7.,465723,-12610,0.97284218098073548989042046423157927962145967578614507044424803952028437556825325413468753793866008036971205426018831846791504768129386511305252311337779200,11
freemarker,2008,12,5426,3671,185,2.5,79434,1755,1.0225929787973614692540910539242384440081001055498947755673418076643982852082299091131067075005306647106993378240327277149312078224215273860367104000,8
tikiwiki,2008,12,371118,321337,7210,17.5,789158,49781,1.07195065019657920587285435997519116686882741845619207968352656383782672645987773692963204620292842716050507771139325301684893979320893440,6
bluecloth,2004,12,673,182,21,0.,3303,491,1.17460881934123983670629090141455000000,0
piwik,2009,12,103114,49004,3160,5.,164060,54110,1.49213278757139816344152820448443526581839868231384491486923295659694060046592698724624878668586654321701169362287775165131940340121600,2
commons-collections,2010,12,7962,7322,196,1.,152895,640,1.0042642502586098031686824452740055175907698940047846224539335745891261468386270560000000000,9
flightgear,2011,12,119118,73643,1651,9.5,308539,31261,1.1134169481346020340771655733725739211768606880012418993797888430806303069548233869146350636487366082983050210188165421690303299256268800000,14
stripes,2010,12,3131,755,53,1.,34082,2376,1.07493849744223998752688623493909537777848923331665539144336666285580800000000000,5
commons-jexl,2008,12,135,44,8,0.,6860,91,1.0134436401281232278660790000000000,6
libpng,2001,12,39528,30063,687,1.,224715,9465,1.0440064719463251286113802284809304362447543479815100011575540085246481612133030123479535232185120987482479360000,6
m0d,2013,12,0,0,0,0,60924,0,1.0,3
jasig_uportal,2003,12,136388,32139,872,8.5,192289,104249,2.19407823143308157481391083506030823323307257894047770198847604350505792356511360316269487301916757764191541050384172266588541548452000,3
pcre,2013,12,997,505,33,2,77414,492,1.00639608954475185838923145987018958273,6
filezilla,2002,12,98355,37420,649,1.,104325,60935,2.40435584232377123764845983277243398531294409935366344723921311052265848254777777045394468212384271622775773413763634336780117684000,1
smslib,2010,12,4975,2326,184,1.,20419,2649,1.1494162107182542620716326394042694156523183204160723691842457549751503694842981616270696051545398498595652136628340878274707822031247769600000,2
audacious,2010,12,148115,119786,1904,6.,307075,26032,1.09301195519703847616350640698654501895137256468021709633954132707167066686427629520421796594938784317514654302489673208892699443200,5
mythtv,2002,12,125826,31627,831,2,106127,94199,8.89730046935326059243895900411369562575312183764694178858338072506146304,0
pmd,2013,12,2882,7915,73,2,178683,-2106,0.988351061180849441710948717643366400,11
nix,2004,12,14197,6626,444,1.,15879,7571,1.911290322652091440320382321748325681502866661152886800042071471481572182496183893093058991978498542487841020272173614542018170860000,1
chisimba,2010,12,328,120,42,0.5,1781,208,1.13223140496909033359259349549550877288803574432176306658715854009480000000,2
adonthell,2013,12,1185,1611,57,1,147053,-426,0.99710308528215419279788160,13
django-diario,2007,12,577,187,14,1.,723,390,2.17117117069606856857,0
adempiere,2013,12,2283,1400,13,1,6951878,315,1.000045313550349131794519166600,7
dcmtk,2003,12,56727,28079,526,3.,255547,28648,1.1262588200129908889195774175708583873831596638417368001596420025781959195590007667447561099675510825558763345386144521976870912000,8
poedit,2013,12,186,98,23,1,2249028,58,1.0000257895836800,13
kde,2002,12,4144605,2781927,61498,215.5,4515625,1320494,1.413283211269996094493572801709146805206844430450178061048742642368739722024930846408988796489048307236568300111813764462014164848640,5
dbix-class,2008,12,25295,8956,612,9.,32327,5766,1.2170852000992718792374480112217118315786984010640490357991716555650351525344386539700032436664183667092485336246523872306491289839072000000,3
haddock,2004,12,2571,627,78,1.5,6061,1944,1.47264770242213815520258130548133252647791600298528109577966374220016959889869312000000,2
apertium,2006,12,1999279,779462,481,5.,2146759,1219817,2.3159582801357227960050997759519586486058418608219745196918187642103867307318701054479825529766711459738220792162237230715648000000,1
gerrit,2010,12,44622,24363,747,6.,71711,16727,1.308434134798364157274678167234092946788680014269331759357436952589479625140610475925246551506452803768238356256310828990374347973591040,2
glib,2011,12,95542,46585,2295,24.,364316,48613,1.15398333245126192903086418011333204139960219750396352869936992462688729938888137670188239590920361398450587860143549489991366164055140000,13
openttd,2009,12,136459,97849,3632,8.,194583,38610,1.247563477812312438526046908005654218624679857352167541728205527009629896037915034551646537799417942582391962981519075293510824057285797456000,5
xbmc,2009,12,6769078,2901568,7268,27.,9054562,3867510,1.74560848824897403772825065153766053750402101305586591493592838803701438759785976194528479810408969102130116546878850606864884347125760000,6
jpox,2004,12,450055,281142,3548,3.,221802,168913,4.193726483854105085742552777278419998853766060532668776906171985965520094487990936140063816709744212047479776609057282834717000,1
scummvm,2001,12,16397,6806,100,2.,23273,9591,1.70099400667680691428,0
latex-beamer,2003,12,5311,3774,26,1.,6051,1537,1.3404962339870531692132,0
commons-digester,2005,12,1884,698,172,1.,32756,1186,1.0375673107398130390990707163805329215923317847067767502981671308250144334180501944817430821125611525590873000000,4
watin,2009,12,305611,45362,517,2.,909198,260249,1.401031514005108222414109532784614938162127078354519276826471905189916440719902708351879525979027751618142783323736812127435657866676304997750000,3
epic,2011,12,352,113,26,1,99905,239,1.002398009351576488316593127706432414308185275243377312595855228283363594563761915378998572840000,8
elml,2010,12,12998,9289,91,1.,128122,3709,1.02981199714048341448487463806799145446075150126238198151242426472278137267866329428104120731860000000,4
guile,2006,12,10072,13296,205,3.,121304,-104,0.999137566439796574334017460846950013300935872912640251598983035694129337088966025217789745166582154433757688268168156990764188419631480000,10
satchmo,2008,12,47502,25080,1604,3.,120074,22422,1.2296112726758419857534271981938309242889935061971888836788953706367719988033157838004040523695454714025015204623673373385063303479020800,1
cmake,2007,12,128004,118058,3944,6.5,491280,9946,1.021915308954680286957732569802569776874329687492416851288522915105701938324991383550862283004493739068110977115842382472090999664611328000,7
hbase,2010,12,361777,320560,1193,5.5,138794,41217,1.4224048700269033657582554266743140699299259900714763623792626890764275056915380106365125989283262750782127979422645931701609182330880,3
aircrack-ng,2007,12,13673,9646,212,2.,17116,4027,1.3076629230129325673505659831739987861873905635611276540877711638979636200593369498678027868793260558884437009571077783585950720,0
autohotkey,2013,12,0,0,0,0,60586,0,1.000,10
iat,2012,12,0,0,0,0.,6095,0,1.000000000000,3
anki,2011,12,54538,61470,1417,1.,29419,-6950,0.76119300419859908331971695660407811213130039997094523256760057338622726972938810592144979828792210340495552000000,3
eiffelstudio,1994,12,78428,38703,1137,1.,263186,39725,1.177771512685984357576187088723363994343879943484005992196860816601433183420066873659002848401996893631361041833153365950746818082565120000,1
lilypond,2002,12,467348,448855,11644,4.,899848,14116,1.015937100615380348819626950280512859449304145583008158555407841923981044981585444151324481599834557786239119179172742653603594260484314444160,6
annas-graph,2011,12,18982,724,12,0.5,72570,18258,1.33616880252172057460872922060526287741480189134185640539373588819689403992000000,3
iat,2011,12,0,0,0,0.,6095,0,1.000000000000,2
buildroot,2005,12,13023,5400,418,4.,20243,7623,1.604041204480181007396710815998243581172770737855151752144182648381397534224754003389203243959132324976506381581607878151668065952000000,3
tcllib,2011,12,17596,7669,168,3.,525837,9927,1.01924172820820790786889880534335113909645672020445182870665367524307817890294315279459667516375300372464266076266966979234899724472965143937843784900000,13
parrot,2004,12,154259,85811,2602,8.,206505,68448,1.4957952150425406783987990358514621088294284553760782891041275867799055854670361790325562523492207790743934705233206603663186329360000,3
pygtk,2002,12,17709,20921,357,3.5,63212,-3212,0.946296605874660741394838031314268910132407824756759265728466913110210369795927891619327479959762569853043925949831997685421620110795340800,3
rtorrent,2010,12,4664,3607,77,1.,19829,1057,1.056307266144035429987701996154437780303012936777509343397679800744143700247603209032148999837326604129183708160000,5
coactivate,2009,12,7175,3382,313,3.5,52670,3793,1.07760296253764218955220846679169187834965237174295819935809082778039030127186365556292275886703704854173452355005155820064684749458139835150000,3
amavisd-new,2011,12,0,0,0,0.,7745,0,1.000000000000,10
git,2005,12,117210,51238,3107,27.,45969,40212,7.9848879617330472968651325717195270184651660996599344493119093108247452334326457600,0
wym-editor,2011,12,57156,37280,370,2.,27232,12138,1.80416059351595128531090584111468081003715620446789970461304532460396809182750186738034277808405392201992344946666887782400000,5
krita,2007,12,758842,612731,5623,25.,840829,145637,1.2482599794160232000391221811695064992217104694521218270093231628371578845733109260710424086932016266718140900512650015263327678179840000,9
mysql-python,2002,12,2710,932,102,1.,13724,1778,1.1488364306050203701845750812226135658861528333280378192468903509823197343348208770000000,3
kvm,2012,12,62252388,44796460,77565,844.,11694021,1025910,1.096166041019837194109560687766042721121408433124923862700756425614528951400462012249890057704597293522757911326194230387250160703746369049600,7
mephisto,2009,12,22,20,6,0.,172735,2,1.0000115785634475888462741505920000000000,3
findutils,2001,12,19281,12110,52,0.,54978,7171,1.1499989541498244118422302727576620000000000,5
ekiga,2009,12,29963,29518,657,4.,86183,442,1.0052438011619266524444693943330504330218471794069263349993866961996734100037812397479086245745408365486352784047965366786423876292908157860016235584800,8
eventlist,2013,12,0,0,0,0,29191,0,1.000,6
gpodder,2006,12,7708,3421,187,1.,7011,4287,2.57378854633813913477212204075033758855976690254502352571659678909988034350840110869817687995159339265536016560587997776000,1
binutils,2001,12,219919,117392,2174,21.,1090184,102527,1.1038083059144821738140497985984843205260047467788255961575298738152428867954507598086984622598823203746532631980966458871823798792074457088000,2
commons-codec,2008,12,1366,395,63,2.,9270,971,1.11700204843649535150338723481698239387848453752825790835457235452893839243840856094400000,5
kaffeine,2011,12,13084,12542,158,0.5,175586,542,1.00310505631537760146627394238726156788206230413110998270172320000000,4
znc,2010,12,15208,10104,562,3.,39123,5104,1.150033804639021173121207784147465344354449285103038392018361561400252820352755378756853481329347900212958377409728362646622509954771325952,6
vegastrike,2010,12,248388,125213,291,2.,803437,123175,1.18106994072003516968685956690704169081802912190274372153902167826253392604263665163001633869814840542624426047189427353600000,9
pingus,2012,12,0,0,0,0.,137172,0,1.000000000000,5
pytables,2005,12,68280,66141,548,2.,103269,2139,1.02115099377738063467974629422022099749491620967946078449209035758875145078627619706059389771960526977523795318260320538803386481653760000,3
FirePHP,2008,12,19685,7988,365,1.,12893,11697,10.780100334933609850553987478668524774933827242422481102820313988915546701669582993920000,1
ncmpcpp,2011,12,1452,644,56,1.,17512,808,1.048371647513720058459386458660014056239764694947074714706020754455944514300526375275284370472120542913881584761776959507200000,3
dtach,2012,12,2111,2497,4,0.,6007,-386,0.9357416347600000000000,11
automake,2003,12,24284,19339,660,2.5,37177,4945,1.15341896252510579974485985069465194037329896425351288641081139780595789263077129257142919676588777809838719097387265091391953647124853760,11
cvsweb,2007,12,0,0,0,0.,3923,0,1.000000000000,7
jbehave,2009,12,3892,2261,124,1.,7850,1631,1.262260813615594753008824550735961746661784136137237940000000,0
commons-pool,2009,12,2029,1473,145,1.5,12510,556,1.0465116279069500128302268052593539607000947163582574763877118595826870836696947360580813915648000000,1
dokuwiki,2007,12,24005,17661,743,6.,49755,6344,1.14613807560070216701509831862471519317639397279910708392662860523037370848168866045123165903855442618254601454634588266337538947561717760,2
akeeba,2012,12,37846,25812,1009,1.,260465,12034,1.048440009498367911313949998423003805417377369885850009016873363029831048427247384367395415259111842928453198025504194409401539309975525471040000,4
zope3,2005,12,256088,180204,1334,16.,317985,75884,1.3304836356319600131227412295428344975189362795168183697760188401441708980943763787169281685981008172699363333134907110887352799200352665600,6
harmony,2005,12,316911,35072,236,2,282169,281839,855.05757575694363542283589980,0
autoconf,2008,12,7150,4075,357,3.5,34131,3075,1.099014683155951648690350244742130890806601904410969805188676040394329910843785727191339912370768791029262042124851333805446532304910848000000,16
serendipity,2010,12,43292,19150,392,3.,661646,24142,1.0378695663117412450517926177332086506094542021265234855737718246675203909290876706351416424398137579298664959041998710360222510499553341011840000,7
tango,2008,12,422,220,21,0.,3525,152,1.04624277456976170005631516436506967716232369517522501984000000000,3
latex,2008,12,23750,1503,51,1.,27873,22247,5.219040394329399966876603279064684145201481156849234971406668319788118938560000000,11
u-boot,2011,12,516014,346124,4109,55.,1058084,72044,1.07306397307161564165115757096149925237741234026296055409236311059777756750157149755862645623911178559250431672177201960828712386924211222528,11
wings3d,2010,12,50309,28378,249,1.5,231216,954,1.0041458252755200848257401886036057979434539915124800000000,9
impresscms,2013,12,52399,52244,125,4,898248,60,1.000066801308410251984583600560575114689052,5
avidemux,2013,12,0,0,0,0,9882936,0,1.000,9
swank-clojure,2011,12,19903,1423,154,2.5,12186,8969,3.78800124366153212607673740177040026827178586594767139637492180951250271300910359694704306344211732686532604100000,3
dotnetopenid,2012,12,0,0,0,0.,122072,0,1.000000000000,5
shareaza,2007,12,204749,136256,1805,5.5,527499,68493,1.16064555622807638044915111772426249195633877992813336707211418333841051513539452542486127238194889439998195388653940899520282173796914716556800,3
libjpeg,2012,12,0,0,0,0.,58006,0,1.000000000000,6
audacity,2010,12,39476,38563,444,6.,154414,913,1.005952885486907585128734022222464195901935887504160078257333440656570881127300468475579275085190159944955864605069156521513169615832434921042083840,9
cinepaint,2010,12,0,0,0,0.,893629,0,1.000000000000,6
jedit,2005,12,62201,47046,524,4.,211750,15155,1.0770874132023563492848731969752652294247940740555248129980238932982747596035989167989395744724356295150600137505852688829365709827126958489600,5
firebug,2012,12,480144,55836,2291,5.5,474858,402478,6.560624482047399303025319764978489039585540770257535097960645228773041063332953819890124897265199623476429061947737634124479831493326665280,5
ndiswrapper,2011,12,1897,2097,198,1.,23551,-200,0.991506709699095188614334976156307753797081063451346902424902058082554534655000000000,8
acpi,2009,12,0,0,0,0.,14813,0,1.000000000000,7
keychain,2009,12,2601,2720,33,0.,1866,-54,0.97088948786967114956731188949389656000000000,8
freshmeat_jmock,2012,12,0,0,0,0.,9979,0,1.000000000000,5
pcb,2003,12,27920,6314,125,1.5,66895,21606,1.47706948709827579714852601805551938455481021983722818334042320749784847182872008848431793190221832849280000,0
exult,2005,12,59291,41051,284,3.,189218,18240,1.10732000070976836917220782808241205030887272824482334098058839599000684529015456595467950720108386705540581805667060237092608664295007881488064000,5
SharpDevelop,2007,12,157467,111697,670,3.5,435216,39576,1.10003033059164744627113294011711513005854762089173527790716401539159086626559349387603525110733725057022356821564919082446702939211202560000,2
libpng,1995,12,31052,17668,49,1,63952,13384,1.264673311184091938034544800,0
apache-click,2009,12,71978,66743,418,2.,40526,5235,1.148338103200948571195381932487942438671273928283046123706731963713400481985885986946993558751716709358201359125622184175423739915877775163392000,4
sauerbraten,2006,12,91175,69299,2339,5.,64408,21876,1.514342142380435288829654558446944257250159593637040141993354371249051676605333470629542531111006411293783459533470334650645162197872640,2
tigasexmpp,2011,12,11619,6580,359,3.,77371,5039,1.069664878615421167320579218552492689235045882205967155046903854851438024513170320484878174781804636483619972747515301828090219633403657322400317440,6
firestarter,2009,12,0,0,0,0.,11472,0,1.000000000000,9
stepmania,2013,12,0,0,0,0,333454,0,1.000,12
iterm2,2010,12,216942,98982,1050,2,158974,98964,2.6491251452388272397652726150984980697539525403850800,0
cvs2svn,2006,12,18591,14034,1013,1.,10707,4557,1.740975609769110314495529567848928659855925820804571724526796963444037283997928064863691842149459888520341173370673096576000,5
django-cms,2009,12,209882,120654,3739,6.,72638,35500,1.95589423240797231724815917406877708059303974636162938250192539258517298060072029612066903777819913184190329917072196026178867200000,0
richfaces,2010,12,836433,317466,3284,8.5,1180078,518969,1.784997632787042117641240685089851807897397795502874113802389115198142651316899702640660837807282673193626283835095962229668339053788938732032000,3
unison,2007,12,8284,5426,79,1.,37108,2858,1.083445255478765415876215113654653399738502661580566613341666942108797440000000,2
aptana,2006,12,216443,97605,1488,1.,143649,82684,2.356253588254658909232460406920029075252474822462899419035734413661820570529352390963625975750680037117226258376238901200917245728768000,3
compiere,2011,12,0,0,0,0.,1083197,0,1.000000000000,10
kettle,2012,12,116670,45649,637,9.,830848,71021,1.0934699609244722247465412884225925482716682525486655295328109084555110858440865402110684765283126538050705744562956798489289933556344320000,7
zimbra,2007,12,732297,86005,960,0.,1741452,646292,1.5901347748595449451239908470261824086140593200000000,1
libusb,2011,12,3413,2500,118,2.5,17080,913,1.0564730623760735989360105163566721767687428067918487058425517542680032585773240199952712274889967532947767691474582504801875205640000,11
zsh,2005,12,7075,4392,289,4.,88889,2683,1.0311231236809585272273403204051671040577937245663140278847535428998389299713890465969140519168061950731742708961205085434532982806789263959040000000,6
privoxy,2005,12,0,0,0,0.,74905,0,1.000000000000,4
xfce,2006,12,135200,67169,1846,5.5,246509,68031,1.3811730297290828456559041461905981834918591701159102324618174236170324988660439050146963425492351274235756557525513100381011783048019200,4
sbcl,2001,12,48576,56513,419,1.,158364,-9667,0.934154332333478778404528081895470888061613381953949835372592418748022977980656853002369746721262648101834018214927256349391031868411621942681600,1
mpg123,2009,12,28556,14483,510,3.,49846,14073,1.3933972549482789664326166940251224307143326711533814194324740062798503122940314116172418709764590948520192188514116644516548255491742800,6
kompare,2012,12,793,9,6,0.,11533,784,1.072937017401466455807590000000000,7
scorched3d,2003,12,25753,9769,315,2,155241,15984,1.11478058553521779703748848741888485209087469804463046000,0
pylast,2010,12,110,54,7,0.,1844,56,1.03131991051069031365033411388701040000000000,2
cabal,2011,12,51136,43841,276,3.5,33301,7295,1.280522976406072855931061331066162891029096930479393548680818402270336141920501667056350806085350522162239989538621423480955398471331757600000,7
cfengine,2012,12,125970,103607,2112,10.,92011,9619,1.116813406988016069664631546453190018537431017245828474660711887529638370983902508306623210097754181849492421729457243617793396229939200,4
vala,2011,12,24997,46735,774,6.,271613,-21738,0.918697544998094766576677745490434429711187165677780504255264417321421663426008094660633705457306200287456103484082129970852475591931417600,5
mod_python,2013,12,0,0,0,0,26027,0,1.000,13
freshmeat_asterisk-java,2006,12,73122,52699,436,1.,37023,20423,2.2311170047621871739808169424271691749214580236652642963646691601926072220986458570875260728770983936868022430956894561344000000,2
zodb,1999,12,5540,4137,164,1.,7744,1403,1.221258476614316389934162205245031741524242089217764419530561394191666806519390842903222267602536118465124352000000,2
perl,2008,12,471917,294155,10554,28.,3799530,163571,1.04498703093483531548798078619324780688218927850941597191577945143755393861512398120502042439378619915436981046427642498568601580724388904448000000,20
bochs,2012,12,91109,79907,617,2.,312779,11202,1.037144742465484259167583513802830288937179434113268429626810291626258795533149530924503231338014875830510853820001805977600,11
ruby-on-rails-tmbundle,2012,12,0,0,0,0.,15402,0,1.000000000000,5
freedroid,2010,12,53613,46374,2427,4.,124853,7239,1.062041480974917868746450925434402298770421222065259651470216876578825288141154123742888403151751008554718283907004293096527158025467136470301440,3
cmus,2005,12,30467,28229,249,2.,22652,2238,1.1161873117817261427308628148114068850204568467480456656192322296000,0
theoutcast,2007,12,78600,20059,159,1,64396,58541,10.9984628539549346914182696911256352915155220200591280061613677290276115916600229180028525410032065722798080000,0
theoutcast,2008,12,42131,19786,11,0.,86741,22345,1.346993602052227264330300000000000,1
docman,2009,12,2243,11460,267,3,28896,-9217,0.685458826707554262379273470011676,0
spectrwm,2011,12,1874,3253,100,1.,8609,-1386,0.82437911809217402950988317918738929700707042482131015081407968356902361714115328343084568236215073140068165760000000000,2
puredata,2009,12,1274995,351279,1513,9.5,1982297,923716,1.8842958592649302398608408222121535996890877814740073099863503759484710817843725200468046870688889436298776551732829571771591642567625107200,8
ltb-project,2013,12,7,2,1,0,9149,5,1.000546806649200,4
choqok,2013,12,12,8,4,1,27690,4,1.000144477353200,4
defender,2010,12,0,0,0,0,7843,0,1.000,6
struts2,2013,12,4024,2948,98,1,319493,1076,1.00337921656239848414176720,7
tabmixplus,2012,12,8425,6397,328,1.,20014,1478,1.07973672852814824743410688832894486675701496690904846890927964189730571333920999800313594522815957203094356929903001600000,1
exim,2004,12,5871,553,54,2.,83077,5318,1.06839079720676653889068,0
dwr,2005,12,48545,36377,492,1.,15127,12168,5.11220006817312818635370805056848937520772643536318347133322153502887212215737622541074819823273729367691315118743704309760000,1
dokuwiki,2010,12,22446,10567,1233,13.5,72437,6434,1.09748041756388710210788373628461566556684216134318829147980246586149272607888734376661528067177432301280606382978730054665698268240540701163520,5
mpc-hc,2008,12,189888,129569,580,4.,600931,60319,1.11457361837337221681973506985751669427111106243680050885225636868426913524574463912668634941869821958890595955157270276603460361477191116800,2
zope,1999,12,79601,48009,1744,6.,102983,31592,1.442520765955416595587691290031781803557597851073741399068755659412750350497336106576313607717193351026826268156075189485647074779955200,3
tig,2009,12,7294,4252,412,0.5,13452,3022,1.289741131305941125540755534309344109705680263948134209280000000,3
rsync,1996,12,3864,308,32,0.5,7742,3556,1.8494983277865213142979839050238320000,0
munin,2011,12,17365,4649,515,15.5,60952,7524,1.1408250355638793283473638285303067560559616621462243870896446297111079759535524015048379053444319024220044919743477640576000000,7
dblinq,2009,12,96876,26012,335,2.5,146631,70864,1.9352884501250247071292857333920317253099995130677914273415895564604522774217429516988780366546810599991868997633136463761679040000,2
mysql-python,1999,12,1226,290,42,1,3680,936,1.34210526316022411336498692725402422265329713552898078944644183003816000,0
boo,2005,12,209612,83565,875,3.,203285,126047,2.89475978552642906913555305603589863257670827253391248728325047118213517041746611934481068825863376088088800529767800545281278526073600,1
roller,2003,12,96422,78708,849,3.,51650,17714,1.52985163909605337809873125002005140744964211381164966622151847472659249223977600093278548655745408574438803820638724784751162005913600,1
apr,1999,12,56903,16043,488,8,44236,40860,50.2882991547014268018624845776539366010506378819786912,0
proj4,2000,12,17140,698,95,1.,26257,16442,2.675191033903601880923006530992125369153128977874774676282520000000,1
pyamf,2007,12,11232,6924,346,2.5,4683,2890,2.6118237590,0
harmony,2007,12,2054,1299,80,2.,10329,755,1.0789831572427504988416643016990512435617173711565371199975682693384572824347018558240870200278771016012800000,2
gparted,2013,12,2,1,7,0,261411,1,1.00000382540836200,12
apache-click,2007,12,10266,4701,359,2.,31251,5565,1.21665498715586714819399152609971088898893745177274032592874014362574613407859914707526426565790462072141399801609703361312461801435840000,2
struts1,2011,12,0,0,0,0.,172008,0,1.000000000000,11
geeklog,2012,12,123146,71426,754,3.,365213,42703,1.1324082974231892501225237990072190950274177724837077381525283848652639204619726127924044424043889624359471621997280144905919791492416408220018324000,11
pekwm,2008,12,17504,11879,335,2.5,28852,5460,1.233413132682513331250186420412528852672411661601470442063531460608176342784637124923485051779287403133164223260138662100478361600,2
tomcat,2010,12,176670,163296,5755,8.5,847986,13374,1.0160242124439120645831235419745353899370174037381210876323246472661430208888123907499753605712209497370609992513383887005582779909561262080000,9
clutter,2010,12,160939,78134,2455,10.5,163121,63484,1.63715286490211174625972130091099598251788079913189151223875350766248938805823717031919447807037214694848227697872191525434449092096000,5
EasyCreator,2009,12,61586,47389,490,1.,40649,14197,1.5367079994031674931273146544025894322816712344481241765496707583461401943193187160780457814581821885716723232477029719437313767055360,1
lazarus,2008,12,328279,182484,3871,10.,964505,145795,1.1780789290559230407384972992595640700760195223857232247717199139797059716123731144999164833313643169474553078567017449190664577630575244000,8
xmms2-scrobbler,2011,12,0,0,0,0.,1256,0,1.000000000000,6
conky,2005,12,24223,28305,420,4,14812,-4082,0.78395257748617240201547057042262908089870397117160960000,0
asterisk,2005,12,89138,47869,2331,7.5,221029,41269,1.230956924681189887246018393107816716087044608927908408512156851149543561008908707017872007377135188674707901897701752197810168569600000,6
hbase,2009,12,102256,69291,928,4.,106499,32965,1.5101993437715919631359943739275779670948380992181131635740450730598409815625673286402439117671041422856963750479784239342923448975360,2
ArcEmu,2011,12,225784,366343,667,3.,476405,-129487,0.728743505901083443519097352212725645797753426320174656145561695967866130185698821944693098311582667520818603399573940751040000000,3
oro,2003,12,22451,92,26,1.,30128,22359,3.87797657350182877598975802099899432318135125972165744132199955587406600000000,3
poe,2002,12,10312,8673,279,1.,20350,1639,1.087787895022917449232281226980813964139254756969044042844426304528355897517707128659768532614674838667963622143712172282146456850942515251200,4
pear,2012,12,352975,2507971,3388,12.5,12294986,-2154477,0.82892168371019411586125425122507470998621069359928286787442703333790213448460314545687281051664766297307326737745613966649442003981290264753320712000,13
osccms,2006,12,96471,30365,1738,3.,99127,66106,3.00193816052460867236333122206794430600689874154415053440064819625243443394112487108412101890404857389309004180741661318689534566727680,1
dom4j,2005,12,3550,3306,61,0.,73530,244,1.003329421717642718548511318605148078678007261084619528156944000000000,4
clisp,2000,12,462158,1123563,1250,2.,1155336,-12332,0.9891196171645092562212207506213688217746340523302676587568083047453839159728102595606073821164660325971791602737702258470889654161326767104000000,2
grafx2,2007,12,17667,17510,42,1.,44135,157,1.0036448901852604295935363394769833456965885828794144365965632438332240340000,0
paperclip,2009,12,2107,1046,106,2.,3683,1056,1.40197944423323148989176635198410867763149416737115067189845032322191109556252574353428830780845773433995903517653056884824473600,2
PsychoPy,2009,12,30270,28029,416,1.,21376,2241,1.131885593212518292556097424173701044874538715142694537685692553075354668679559139266734531571216720725233676475770036276761280512000,1
communitymapbuilder,2011,12,6167,5054,20,0.,161038,1113,1.0069595122711007563848241763033186842551936359732404044877365600000000,10
xvid,2013,12,9,4,1,0,67802,5,1.0000737495759400,11
eclipsetrader,2011,12,134071,54425,194,1.,335839,79646,1.3109095096772823679984524974902479560923291903650661561589385339688630572724230122534366688111475687166808910390007631360000,7
wxwidgets,2011,12,114632,108322,2052,8.5,1708655,6310,1.003753724719832583797156051182849712392892163267797679317242320863313284162115282093284920597547684121005130350568055890048300510279046857570000,13
octave,1999,12,19534,11469,257,1.,218943,8065,1.038263732722168693650820955399551413913571704520110116600347656539888835735501066579047181371839249800129216693681145976822799272683142144000,6
derby,2011,12,37256,15369,644,8.,713789,21887,1.0316330925502135318164362335351213951677442960564594966066352476110867315144804369412475251091378859081057502325701945721238276205025565999321600000,6
harmony,2009,12,3058,1444,45,1.,1275982,1614,1.00126651014468267270931634034866878574171777303201297063341598015653410292333909280484048098086791088305998982400000,4
qgit,2006,12,32004,17666,615,2.,20477,14387,3.362397371945678617172869659434195932346564760202090067071684225900326420157972782872974803426851540835974689308908544000,1
tika,2013,12,1709,199,48,3,58467,1510,1.02651122776549783756479564457542300,6
stellarium,2010,12,851944,810429,2060,5.,888489,331,1.0003849772870144277273297173150293736612892460587323310638170770073998511093851577890177073760515014424221261044883623533306085769119567467622400,8
devhelp,2002,12,17126,14546,82,1.5,14688,2580,1.302461899124767127806159019029520338569561080816074403009591005440000000,1
mdadm,2005,12,4259,1446,124,1.,8007,2813,1.54158644587574769350135788682884143612572167641888401297768846705444526726057185726424252013796966400000,4
Fink,2003,12,46323,28115,1517,9.,94636,18208,1.238237295235082739097990032782434491383421161010606197701328575479771604583335706171528793335498288659176271288439525833323705656607955200,2
q4e,2010,12,40404,44001,33,1.,26007,-3597,0.8564988430394383570790141930435940599140977916290075109568695085476010270412108336638645828563060800000,3
ikiwiki,2011,12,21623,2223,255,2.5,43133,17417,1.677282625624743587270781214936956092100388686889956720033025802840980297189133517372472386457230167864072680076836380279023714527621681099885312500,5
eathena,2004,12,8854,5429,283,11,95578,3425,1.03716645144,0
smultron,2010,12,4538,848,4,0.,124715,3690,1.0304895682700000000000,1
iftop,2012,12,0,0,0,0.,6169,0,1.000000000000,10
weka,2008,12,334583,1235,95,2.,338355,333348,67.57639304784827337120,0
avogadro,2013,12,495,6,7,2,146878,484,1.003306146426860708228653040,7
amanda,2005,12,16290,4648,174,1.,107012,11642,1.12207193036108204739683230957439100888767208097668606892230027127245080918714016758654576780933480885938074612541475989113600000,8
calligra,1998,12,208207,98408,1132,5.5,138612,109799,4.810745150121775561890573436895407449067636049345500830286757352229923801248256000,0
CodeIgniter,2007,12,20868,23597,617,2.5,31101,-2729,0.909722451954510157290350226343903774885466372929092301396324249595203290692854959775803568997545688139173126986295858177126408520104072448000000,1
grok,2010,12,24324,21847,606,5.5,36895,2477,1.0968561821419324688061599312947546789178154598696228225013156480211562265418331588805642753450186116095242769216241967848488960000,4
mylyn,2005,12,122460,85646,1728,2.,77704,36814,1.9003179261479148039715328552783600178797404351263257380365755136,0
varnish,2013,12,8164,5044,139,4,64314,3120,1.05098539072522097687243239298328363,7
pyyaml,2013,12,0,0,0,0,12505,0,1.000,7
llvm,2001,12,68987,41255,1279,3.,40710,27732,3.13684697194079694420070957532883507573959719534415798629278720,0
gtkmm,2013,12,9838,403,11,2,162372,9435,1.0616920692872110990340940265523027812,10
lilypond,1998,12,1373485,1145987,5808,2.,681576,227498,1.5452606250304351382350705002173581597458522448040400037311324557825530792931527030815552839842578485598720000,2
openfrag,2011,12,0,0,0,0.,952262,0,1.000000000000,4
flac,2002,12,94814,50390,1064,2.,64749,44424,3.18568265678568787980016008436951329459678344455931871897210779703441319089161376906633021200011180951060033661537911121578007592960,1
moodle_lang,2011,12,6357,6184,153,3.,1026954,173,1.0001684877301306420887228928922588647647582219947819331450804966171521424101259684463350599109738000000000,5
lirc,2008,12,7499,2449,164,2.,57042,5050,1.097130327738587169423964635417374362758438349668862184997150649146722900048279762892547705971867989445445964969075954501316491703981423340191744,9
ocaml,2001,12,61606,14286,787,5.5,175101,47320,1.3703210962922408003130686499619842038302467763763421595421517496829911855636047148315451866477657466412076378075714432406708924207328000000,6
abiword,2001,12,237825,88542,3074,13.5,341003,149283,1.77865115787404890002013363966032476170978883138544845373413266805461085239749060739366275216871341870309016711304333227452845260800,3
radiant,2012,12,8633,1538,182,1.,29347,7530,1.345143695248471610479181111725512595781035200000000000,4
Snowball_Stemming_Algorithms,2009,12,64,41,11,0.,21222,23,1.0010849568376037750431694031601575634752000000000,8
jamin,2006,12,299,289,9,0.,43315,10,1.00023092021682227216934103924698503310000000000,3
easymock,2011,12,3274594,790,62,0.,3394443,3273804,28.1371944369885382295109689008800062222017492896000000000,2
springlobby,2009,12,436501,711194,2837,3,148338,-4380,0.9693950277427026916418724140826693469092194241866592036142978044133806277598452436860964685430326825989978753945472000000,2
Tvalue,2008,12,22634,6679,81,2,288900,15955,1.0588582495574208932057926856386427148896680198982446148769805289225796467872121056279254683124800000,6
jaxen,2005,12,18722,13408,730,1.,32713,5314,1.1952671419175953496806998381410615421304615575176307885491719831257891384800317879994229327097855698013294056363281664314866458672291532800000,4
openlayers,2012,12,42301,18443,1909,13.,117016,7419,1.067693458753771228137606569336527191571064044375115923705127187555997287960499853934709848679838977178666142631700581894453748578366976656588800,6
googleappengine,2013,12,508542,495257,18,0,711285,13285,1.0190329512900,4
jamin,2012,12,0,0,0,0.,44821,0,1.000000000000,9
gtk-doc,2000,12,16,12,8,0.,312,4,1.012987012986805605207660999997527696000000000,2
poe,1999,12,6205,2451,139,1.,6500,3754,2.3670793881310750675729095095949644014535871548611196069227453126352727101674996846056684725486297306927251200000,1
knockoutjs,2013,12,1717,6860,97,6,9992,-2515,0.798912608943166564802889487518720,3
vidalia,2009,12,32965,22241,349,2.,39363,9840,1.3332994614463644235016179788647349148268726859844927237153740793749042362852826620883728863955857530712359261623132845375488000,3
osccms,2012,12,110,0,5,0,146130,110,1.00075332146280000000000,7
shutter,2010,12,24886,18084,318,1.,24706,4579,1.227505341069971846773088899686192476294129592116125424757479027232705203869288382877134858247859432314118063798088849212780205212698540000,2
git,2007,12,388798,152343,5748,52.,171878,67751,1.650657370317229763338229920643582543590403816875578264947343831053549561848271280046420717469304030293337511422633889888371878400000,2
sudo,2009,12,14916,7028,385,1.,70609,7751,1.1233096821382145339525948917886125281407741377529040543116185443358764141020807431522633484426988030465643878021297833830308333516311040000000000,16
ktorrent,2013,12,227,145,12,1,103870,82,1.000790072069973091332736002820369518041820,6
dtach,2009,12,0,0,0,0.,6007,0,1.000000000000,8
geany,2007,12,53620,31794,1086,3.,105951,21826,1.259447251124345647834270424926211832178057896589797416914395564225755224400483688725558580921621049074756492987231987390897953504059392,2
dolibarr,2003,12,72295,35960,4179,2.5,55738,36335,2.873131250604397653268666270267421123888112873622543563418673173059089527529896085585386104997221264108481283759753790658926676608000,1
asdf,2002,12,1598,1340,81,2.,1502,258,1.267357512910598969199035830644356355073319088150589110342122530131163735802360053102829520226171001574665549474220840960000,1
cucumber,2008,12,726722,403493,1261,7.,46656,42587,11.46620791547334243550885438941815508543072369071437561876779768982676736000,0
openssh,2003,12,6883,5215,260,4.5,36916,1668,1.0473218338701271031348882363663769421184118883218834495493089384250681640401563122285447026963779294572378360649964005853809878676061028352000,4
cocoon,2013,12,2089,1070,60,2,1451114,1019,1.00070271258089849836585995703518069007872,14
icu4c,2010,12,89778,109259,892,9.5,549619,-19481,0.962895382935607841372677363320884655510138496730230741775930391644315650158038660026135573336146619825409202431583012927234735670708960858646640,11
python-ldap,2012,12,168,111,25,1.,8651,57,1.0066340782121926627470134213833393263402037003401094534828531200000000,12
boo,2013,12,2,0,2,0,307301,1,1.00000325414904000,9
eventlist,2009,12,4737,2090,240,1.,27977,2647,1.104500592182392504705189298002288501960873490481202431698218484224988019555013631117646032928326873306928915000,2
eclipsetrader,2004,12,9067,2915,105,1.,20849,6152,1.41858882767050435218,0
ilias,2011,12,452332,402580,3528,8.,1522869,49752,1.034907192694089654662429626375307528432088622769901152871271305855331402087836466664862826916967284681847695768776664853115912571849647563600,9
gtk-doc,2002,12,828,176,38,1.,1101,652,2.545023696622996872476677640471332201251155218925570305325118419289790103542690464165377724516000000000,4
alternc,2005,12,2886,2338,187,1.,10117,548,1.05936518248046498627330830868886531487931569088654865680138681185145559499371738650400898549500000,2
jgroups,2006,12,119486,201426,2366,4.,152967,-40970,0.702866177426493553542730755766259790725400884932467428222732075515655673481181244158373168875245526417866075528193888040117633936067200,3
gtk-gnutella,2012,12,105045,50642,1080,1.,387635,23042,1.063199238609572895806481342208061880000000000,12
lilypond,2005,12,247092,201516,7759,5.5,1022733,38973,1.03961636984650082020486760548834932240531892636169487840893352005913383158248529791613515352198186734981798138978646135643572832174510626843852800,9
gnus,2002,12,24574,14164,888,7.,96860,10410,1.12041642567677335234235874404316704996301678626491504629515340736454702543517560796152536175779015067890780151057469878771325576135517962240,5
pymongo,2010,12,8845,7206,342,2.,9912,1639,1.1981143478852799056225582407266820003370325717933815441438796946557604089994782231337743011734218228139863568865002930350146413658112000,1
MozillaCalendar,2002,12,45588,28310,874,2.5,35280,17278,2.3269334153852266185850660824129760710166168452378250776742448142793465200534375023401072314954765257618888156240116762341273600,4
gwt-maven,2008,12,12064,8345,235,1.,14919,3719,1.334232048213461914615110677908621485511691310234230093592017299239609427125400019368689608029827087345757917512506464000,2
gnokii,2001,12,26528,24207,294,2.,62597,2321,1.0422760969658614382764874313054976393612751728339459579985347527291999604889223456321002825466656440863794987734226156623370596964352000,2
fontconfig,2008,12,1398,481,91,1.,24947,917,1.038160632545201115878416283377041762899844594531923010348905474159246760031724130960000000,6
xfs,2010,12,0,0,0,0.,77172,0,1.000000000000,17
file,2001,12,2763,730,57,1.,8335,2033,1.322596001281938961637545376056365595570661925079738693167508423200000000,14
jasperreports,2008,12,58560,25105,456,3.,202676,33455,1.1977000490374218797583338017092859386629122688534420150052044517245159845948479758639395774999782373206814433988091950632037591349726412800,4
svg-edit,2013,12,7997,7017,145,6,49547,975,1.0200732932554184865137197991801439360,4
setuptools,2004,12,89,105,6,0,944,-16,0.983333333329664373007440000000,0
hibernate-tools,2007,12,0,0,0,0.,24209,0,1.000000000000,4
lesscss,2012,12,41683,1783,390,7.,60999,39638,2.8556247367555272650069961867250551753307019229616382553231207772554503590235921347280723685118286424999702104636713799597872224488736000,2
tcltk,2003,12,168067,82604,1959,11.5,760182,84981,1.125860299380408969456976901976864962485546300340820274180093562955925763349906550487095429112862593461927140480105124205850549113300490240000,5
smart,2012,12,7103,4836,244,1.5,56854,2267,1.04153003462831039067684267818399002704131950298476058654479590028805644355828125836046370413076365611702233476286243508979085935490393597760000,10
osccms,2010,12,24471,1302,196,0.5,131520,23169,1.213832821095223688000659355888840064429137794369619944559920994796000000,5
tcllib,2012,12,17000,10622,98,2.5,532215,6378,1.01212923396439708927372785881572448098500836476316858415000111717842374301155644962857707766664751312189103104838291493958537829117816517419293699457683363840,14
j-wings,2003,12,6412,3110,154,3.,42542,3302,1.084148827737805547796092489758970251711013172207669626641420121516208667429223478288881472021142484298196650530004610904110869604790828248832000,3
cel,2012,12,87179,47193,363,2.5,639026,39986,1.06675013354987723452817991583447775645176900786231875021644120206313827675960759442557420644550205803800814883749731561595545204761049600,11
web2project,2009,12,903176,388857,2464,2.,70943,22394,1.461731958748235868564849943830821290182315734090025526473909032848051399003674294219026317163320297026442560747661883487210973752501043200,1
elasticsearch,2010,12,258707,210592,1624,1.,158679,48115,1.49143073093233640012130377255729305161618074528412248302256585535343753827950148878760099581235301450606080,0
pytils,2007,12,973,405,33,1.,2505,568,1.29629629629600402972322320697878748969742308155107218241508403924036889697243030939648000000000,1
avogadro,2009,12,192879,108633,2214,5.,88783,31447,1.548468675940888316341448453865426742413039662261540813309793464787369591435113651775086002779085898936618173440000,3
openmetaverse,2012,12,47,27,9,0.,230324,20,1.000086842870850330696351663385361256393514000000000,6
ganglia,2004,12,629973,46752,1031,2.,645441,583221,10.3735294118038677636935037252255999994531934698348168349162445977679062444554102961000832000000,2
backuppc,2011,12,21,13,2,0.,33059,8,1.000242050164900000000000,9
topgit,2013,12,107,37,4,0,4281,70,1.0166231299000,5
joomfish,2006,12,132,0,3,0.,5867,132,1.0230165649500000000000,3
abcl,2010,12,33238,19697,562,4.,104921,13541,1.14818340993729885958598069884026547102552202062867912136618193242084737490905712773014195350352591822219565767279600856654652645174801326080000,8
xnoise-media-player,2010,12,102120,71388,1364,2.,42486,23270,2.21097002493161394121994167985901208749181109768029098934073523145142119937436355107900631661670324347919928090314670080000,1
phpbb,2002,12,213642,236740,4298,2.5,137224,-23098,0.740769006271654398564689913699807139125196524312618975382118085237221380092700953105845045779898205790960591550447050431410480277048960,1
remind,2000,12,752,379,29,0.,21540,373,1.017621769740929947001097675771091562916262590624000000000,4
kdiff3,2004,12,13102,3012,23,0.,46910,10090,1.274035850049475989112933114391616000000000,2
gedit,2012,12,9722,13861,264,3.5,80651,-4139,0.94854230123448887839204057059936744599866031643587042273182888899146020260088089464096287044081736074302621757170162608617931286110351872000000000,14
git,2009,12,193603,68155,4331,54.,279902,47181,1.202736323751107566525396131439154662466384328678728464820909531381295270752564618333691147260237114945861048714405480042534904097174548480,4
mldonkey,2004,12,111867,73536,127,1.,244226,38331,1.18616770685253737013968726252294818322014628722378899820396084070564709155256444911264640000000,2
wtl,2005,12,25172,4024,245,1.5,117708,21148,1.2190140844938804456993629977400941044192536536678361888484287764899775238286911648928442483993288889822433925202323349428624112640000,1
iftop,2010,12,443,100,11,0.,6107,343,1.059507286604929009389836113232290800000000000,8
gupnp,2008,12,13424,8841,530,3.,30977,4583,1.1736379480536684605191020349672853370105905929075075014648411639506477851270400920366971622150813522656840805537564110888162637785600000,2
perl,2006,12,860100,663706,17305,31.,3418639,196394,1.06094943121661490295241625444668700810388807751641897042126581619539102465790097085260890976999658206765296793314920311467923309850516905600,18
xapian,2012,12,12048,6773,467,1.,111231,5275,1.0497848163371341693346639822995245057943068240685156300865910352979820215754197857460976845039342784293587323754340308424392723235381158217456423040,13
brlcad,1998,12,329617,60713,1203,4.,709486,268904,1.6256709750306656187179875918776879042592997690643452958375989360695913957500449350820278982047772917997098449871124619676397948388123580497920,14
filezilla,2003,12,48641,26987,408,1.,125979,21654,1.20756290438160146831484391019416635647853912837133178154209524546231141126139992282454123713672957721127373418538391487983037701977680236800,2
jts-topo-suite,2013,12,73365,72641,113,1,170453,724,1.004275195011167623920161247460839984,3
usbloader-gui,2012,12,14513,4589,103,1.,66625,9924,1.1750233682013070749528247101048386430971436043482787629607950123369519391304461592970928445574712457216000000,3
epic,2006,12,37254,27459,477,1.5,78353,9795,1.14325411334228316127891003998724150279155625832196584529540315691062602436252531511407469368697723561557905938086494316155218098657170021498880,3
Texinfo,2006,12,16856,11402,152,1.,59571,5454,1.100781639776172849324393773189715917917374484668221927099280070625077355884716070527303329618989414818710548248367461292316741614119010298757120,4
gnugo,2010,12,4729,4798,39,0.,86482,-69,0.999198959809075755505778653667201375038745262912000000000,9
worldforge,2009,12,180480,391094,2960,5.5,1825920,-215298,0.881405433009949438852280161551914020689626645569797884925098728944110394280791097719344434954763520970055609389790423821563534971523247903948800,11
ZenTest,2013,12,0,0,0,0,4007,0,1.000,5
nutch,2007,12,15511,8990,195,2.,127594,6521,1.05420795371759180787732537447501341803353810486444653930566616328120945735267548147043885446491342637998659593435793575376766624125287585728896000,5
GDCM,2011,12,305103,145161,1253,3.,376001,72923,1.247889018820957814803509158418582688811576348280044927549615136876726083910731114000558289306323507146821065354589382363658988000000,6
ossim,2007,12,278595,111625,2088,3.,616731,166970,1.381440826063085777450499310867308471814652624370043917343735137229568492352800617699953403949448191149574364195570198423926595504000000,6
bluefish,2013,12,4882,5298,63,3,480847,-416,0.9991356077647358413647385822562026575,11
sass,2008,12,13025,6983,774,4.5,8195,3152,1.62502478684209982907233606061826066121353062292892990164697186956346728523443994429395733653142516161665663074696413200000,2
ree,1999,12,58747,41855,130,0.5,83965,16892,1.2519163658959046883995455600995463805208244077832612424065766092800000000,1
phpundercontrol,2012,12,0,0,0,0,137884,0,1.000,5
netbsd,2000,12,1084767,711661,15318,81.,4585059,373106,1.088582659862651886768006384860675921147336389648120697457065689956118500232719527033575421617179100138012435739824330996967723680180813056000,14
haddock,2011,12,1960,1754,93,2.,9478,181,1.01950641232891522026581126509560928663845637496035806635195668207464660610579407929850860104216256361325183695074167618665451415160000000,9
iproute2,2010,12,3655,1454,91,4.,43471,1623,1.038783215442085626498089315729345208741983785256467000634921866346660816933296467203211034928410170903071141578844012025051478074647751246335643840000,6
toxiclibs,2010,12,24566,11754,397,1.,24893,10856,1.7733846264221081995727752970609859522856446125827791006974513668900648408226105724479650554657178545448757583360037221696000,3
roundup,2009,12,22437,8716,274,2.,34042,1269,1.0387208983042251415788998400819382994870544020020420573509445273098991944630194406413771516537144763619061760000,8
djangobb,2010,12,2475,2154,105,1.,12947,185,1.014496160478513077637436664677368904099092219554753141512970342656464563935846413598624063026579858765080263170944757468564374022451200,1
org-mode,2013,12,78301,112096,876,20,138936,-14504,0.893741254343725075182391657918464,5
gedit-plugins,2009,12,3436,1440,100,2.,9838,1996,1.254526906401613712184426912881900045085918047098170713106213871505258425666579984125315064287970623338676606135283909303747200000,6
conkeror,2012,12,1917,1731,157,2.5,27529,186,1.006802472291888088286023726919344185848925505894172799399866994068400324389647754872204632337500975153628800000000,8
rosegarden,2009,12,2052192,1557222,1557,7.5,694482,494970,3.527497778421445404862676449136948291205550296081129303579445713950125761105870854057542126318894275636804221076166613214483960581753856,8
adonthell,2001,12,134438,117269,1052,3.,52060,17169,1.5642129478456938598441186465073509166199430123331508118233807067678216650341185858024286352900254978843508537151903301742336000000,1
cayenne,2011,12,31069,25851,540,2.,252613,5218,1.021091776308846243856470725618325384298143169986612890006899595317823842567798867712134674562781020961008264963622133114032044981413283045694476800,4
webadmin,2013,12,1275,298,107,1,411447,977,1.002380198309186716034642732969980619776,6
libtool,2000,12,11340,10432,203,3.,10657,908,1.09387923903400469776370126498413699422184779440586233238244068500009819259825635925296747615025057949017069076398428465878478001874087090790400,3
Kohana,2012,12,1523,715,125,2.5,42870,294,1.0069052987599600057550820000000000,3
comix,2011,12,0,0,0,0.,5880,0,1.000000000000,5
magnolia,2012,12,7038608,2117313,13031,18.,20258398,4964901,1.32662717862160036104502430729825743025034096093824264345516721588621500957598591099898481778335378576528541557169906145292988102415388712614400,8
zsh,2011,12,2956,1618,149,2.5,104728,1338,1.01294141543110831001498169104476962691187526477577550546991860690493846025513670627801615557101654968485748346092601775213951252997462111196218951829811200,12
serendipity,2009,12,88492,35126,831,5.,637504,53366,1.09135854883451355928743637369040092102575935828822922606268906413022185632775468963088330401563878098949491639558978730721057310999005179200000,6
cvs,1999,12,4854,4547,248,2.,92400,307,1.00333358669930799830273678942228418511347671974837414293712386748458377635606796817462816450512496036829260970974569038354502856524496360992229084672,4
gdb,2000,12,258279,144807,2194,29.5,1006413,113472,1.127235011152558835933036530214901970550886421856764170500822157353312768430875552387131298880733899884672965849424179486554184568006027454720,1
msysgit,2012,12,65554,3398,86,2.5,706720,62957,1.097925364127522603556934386715171369049565898096465818831955751194457421711400535694018123189994606457526345313839744000,5
pytables,2013,12,0,0,0,0,137159,0,1.000,11
noc,2012,12,74234,45343,1293,3,171262,28416,1.198927516283319380344083961075047877985625702643843284574881023552269907584770170435310148808939520,4
libogg,2012,12,5,5,6,0.,43640,0,1.000000000000,12
FreeIPA,2007,12,46242,10688,500,4.,22251,21210,21.3746397685020516951521566103094284128172191332605551899148800,0
redmine,2008,12,22814,9974,1169,2.,60941,12840,1.266938317309275347088927349659182566881966051887812587416483791671060529309049023478726171106587791963302597578135810519788225776768000,2
libxml2,2002,12,225136,73876,992,3.,372145,151260,1.6847907282024249199336645351665174213963523484803299601083681050611878512033426564117450316647634224565867936641940792449582173286400,4
mplayerosx,2007,12,0,0,0,0.,6998,0,1.000000000000,4
jQuery,2006,12,30497,27501,552,3,4142,2996,3.61431064588023641142893675006303082616700028824369455095340538597511251920952139905214829059840,0
flask,2011,12,8970,5770,288,4.5,6153,2685,1.7742214531748834581913791961924807940617401005594512902136707019325609249836362724559557685864487008717978049904920412160000,1
config,1996,12,313,135,51,3.,1433,178,1.14183266931700563814940235313790529842289762897316826676329468328955083053883526541745001073851637760000,4
postgrey,2004,12,1626,800,64,1,864,826,22.73684209986860254100000,0
miranda,2009,12,283487,223716,2082,9.,755176,59771,1.085951352095778143922041216266851176861776839607108365818025138295599004011115968276720787992316513548715871048269144669887707620421245563334656000,8
bioperl,2006,12,57931,181285,1560,12.,509884,-123354,0.757885398259354821039188999659151509504231122830639765179551809870514484231253033527487760001292480095120956939111500641479442676602046400000,7
freeradius,1999,12,4062,2790,217,4.,14979,1272,1.09279929962734554441149991393079165574296272,0
lwjgl,2005,12,86864,69056,669,4.,67011,17808,1.362378413520144103292119861587681993571759552853009297559932306717046929247911755876812520498504497928258343308652653278490327951104000000,3
scutil,2011,12,19215,21348,474,1.,10461,-2133,0.79094384010186870902174687203640518406248915273441743483747607892993027200060999252452068851851850591368000000,3
watin,2006,12,307832,61357,368,1.,257735,246475,22.889431617310998956568141086577605121332868799820530607899496409129468684505980641280,0
scikit-image,2010,12,2417,2840,66,1.,7373,-698,0.9135175318512679993905724636350028356314465417624228614625086459543186151276293728533984214628618381596797848780800000,1
processing,2001,12,1352,313,33,1,2671,1039,1.636642156821450724825672244001082439080605266112637500,0
monoxna,2008,12,0,0,0,0.,174935,0,1.000000000000,2
hudson,2010,12,235036,161238,1613,12.,154874,23207,1.176255249978818666530636345488627703272275702914142304856242186097787291584020704452243367493280909087575315916609899820710217992549184512,4
git-gui,2012,12,38,10,12,1.,28324,28,1.000989539157437912932486343032529056049148115131798295727665740637360328680147253413077793920000000,6
rvm,2012,12,23715,19812,1251,8.,15947,1704,1.119637716786204410406535696856594481568580942230704728200854919920919492188157952554729102130450364315630540551116316117102463179259456000,3
dvdrtools,2002,12,6177,22228,89,0,94154,-16051,0.8543532507724749167090002610697832200000000,0
FlexSDK,2011,12,546600,412134,14,0.,2038073,134466,1.070637479265348215877910800000000000,3
Tvalue,2007,12,13343,3447,153,2.,271075,9896,1.0378897231409659550741044763418185939584553264158969336864929823118430713880764945617617447071068166732176226140313243239947953003520000000,5
opencms,2009,12,523232,309374,2920,4.5,1169296,213858,1.223832420290080202158483429506747764359687489566848883172857811965976037677104250949397074801473734671535304958422996854844987737851706224640,9
twiki,2007,12,869913,525812,1488,10.,1232864,344101,1.3871684577358617619995167769565959837155012923164820862640631090185427625968213255593233434041176880155000116458287030776575076167900000,7
mapserver,2005,12,18347,11358,521,7.,95223,6989,1.07930060249499380809185378842444059653934767480558871491621877635974361409108981968833146977071851619252605687713577694586462992260128414720,5
Dina-Project,2013,12,0,0,0,0,57663,0,1.000,4
biojava,2000,12,64300,36170,573,3,36128,28130,4.5171292824457551561709134180883397466584244063141839867638505334977707578263665385898278731308714265345773482018304,0
calligra,2007,12,1150090,993985,9225,34.,1410727,152485,1.13231698111552188427871324433746338621854699945131903043413728977676554416792272317816856989553341301066132859606430021630902891089920000,9
googleappengine,2011,12,313442,180363,77,2.,293980,133079,1.827086220633691863786363867562902487472221993477030049257765182828498174194128921181455745325020198172202876141195377573102240000,2
znc,2006,12,6172,2516,181,1.5,26701,3656,1.158646127147935223916549277134056078467220584328738455410644652740259249931951524385712213604812605009148816194321612800,2
elml,2012,12,25111,25347,25,0.,145732,-236,0.99838053346342926357716935846227966970058682915272772868158890080000000,6
SHR,2011,12,83057,70574,483,5.5,112232,12486,1.1302864298001824943800963319996392091780860015012091513676231706887817811490441728168507510097207646244701765179358262831190694179788739538487456,3
openttd,2013,12,2158,1105,122,5,227690,1053,1.00464619634012982828444040740807639396,9
Mumble,2013,12,903,1194,29,2,354944,-291,0.9991807847575750454572050870,8
Subsonic,2009,12,1247,548,30,3,41443,227,1.005507569875489256767517847361639938363522921120960,0
eiffelstudio,2000,12,299114,126873,4021,11.,1381171,172241,1.142473923218022660770789454699927959827810151731263142422833494313560589977018698030561479438541729767710816775060707139376135609240000000,7
puredata,2001,12,0,0,0,0.,107,0,1.0000000000,0
l2jdp,2011,12,3080774,2987018,1101,5.,1196556,93756,1.0850163220834486474664755961670365635186261518177621834497450065321873998894941109070922480863931743094075283596639775642640432227854798039040,6
jaws,2010,12,30291,14834,655,1.,141682,15457,1.122455931870668286385114314282352452712479639824836887377259069147083539113667507172636926035504000000,5
scintilla,2008,12,11401,6113,431,1.,262495,5288,1.02055931603640993510447976934932562158644908337505997477874206086187917283256764467758069296031897235158183378115017685494872220980309923959943721779200,8
gitx,2012,12,0,0,0,0.,20026,0,1.000000000000,4
qpsmtpd,2011,12,0,0,0,0.,8099,0,1.000000000000,10
bash,2008,12,437,101,2,0.,151434,336,1.00222372235200000000000,12
xml-copy-editor,2008,12,2556,20828,44,0.,229198,-18272,0.92020716790636579155751107683957829000000000000,1
communitymapbuilder,2008,12,174614,168943,224,1.5,141474,5671,1.04176363154019450716862243584854286196356100248098399654030080741855951094536968409513984000000,7
dtc,2012,12,7122,1709,380,3.,69102,5413,1.084991128766084959444873341096400195049810779994694776459911628961978145909074246453111044621466529326323688245966992792052879261679076470958080,9
CodeIgniter,2010,12,13325,12918,652,4.,41963,210,1.005191851275087497018709759184713875635161253433534803353775810526985171655077124656567255348096630460736344455233955840000,4
m4,2003,12,57198,34014,296,1.,126960,23184,1.223511944900328837334823907847951270863682833854309752960819888963018627482843224673317916864000000,3
DCLab,2007,12,37508,5567,307,2.,35286,31941,10.548878922602795214050939691377652169264097106466546944381335559692567943574921560636350057577479336562763828817732416199424000,1
dtach,2004,12,2647,1156,14,0.5,5591,1491,1.3636585365407673990832972964722343727019723523433625697600000000,3
aolserver,2011,12,215,163,14,0.5,227755,52,1.0002283676543623187493804085808274770044979946305654567100000,11
jna,2008,12,70345,24376,459,2.5,104089,30438,1.4132734111332790263598944588222623815705016141681515737993219161756443274793958116232089860304828246690281655275654554726169892349326309457920,1
mediawiki-widgets,2013,12,0,0,0,0,853,0,1.000,5
sdcc,2010,12,464527,520039,589,4.,1312499,-55512,0.9573366616354771013177792158278351831746219604552484750272997550621393423459041757153183466714585777191872763597577738072859478659406469110458544947200,10
byobu,2012,12,711,501,122,1.,3941,196,1.052392408448628669894451001676799979469502981281309849655137401114147977537129999098465566462355596270636544000,3
rack,2007,12,6920,1332,320,1.,17724,5588,1.4604482531405392405026846621341681528413644308447157381465206212944063983363076478550385631078997760000,0
chandler,2008,12,12007,5942,293,2.,272973,6065,1.02272318551841645131650041131445735819237616469841112197149315779399766260246172307557264192533698133757801070554129991424000,6
kdelibs,2011,12,89891,208292,2193,38.5,825158,-130963,0.862979172184291031681072864842155706642922651229436404296007602513499084664786152044199607798285109960517706016200841392520771977573517729927961600,14
scala,2003,12,115346,53773,1936,8.5,90930,61573,3.0973873350822873705235431577826442106049041451393610925232848093251185362792145413384112683800107817035040,0
abiword,2008,12,258748,155424,1553,7.,670926,103324,1.18203600409029770218010564496390315316036945019795378486727129338576578090657261443431474155236031165903837517014853234259061642401171793428480,10
openlp,2009,12,229035,261668,1443,3.5,135323,-4615,0.958948220452923273747718801492675800034019970498696654760170447271523504545252611753630873824559880555996608646643841565292755511028864000,2
haddock,2013,12,14038,2352,18,2,21451,11686,2.19672299000,11
ledger,2003,12,6414,5124,110,0,4540,1290,1.396923076900,0
gv,2010,12,10394,986,81,1.,38658,9408,1.321641025616181126819138721355004900401316568206732085859953731836313600000000,6
encog,2011,12,640057,551067,1794,3.,175317,49872,1.3975606839564445437481234258807122026222665772127106949602755449595559872582231632181101529434180506219506351628476074521858802688000,3
expat,2005,12,2176,295,51,1.,23844,1881,1.085644037695858080944941603894412727467792020927302842995992348610020750000000000,8
sickbeard,2009,12,934,399,60,1,5349,535,1.1111341919,0
asterisk,2004,12,81602,47562,2313,6.,178687,34040,1.235331531245701117750956469565179486660411943438148960569340334580044257338727630459883087654360755527929499352365094474440273946748800,5
Openfire,2008,12,72079,16433,826,5.,187372,55646,1.42243748382756977104124342666484477195192132800275398092704008568130751160448490900585431483942204022003777237999204004368279401427478395000000,1
open-power-template,2013,12,0,0,0,0,32825,0,1.000,4
ejabberd,2009,12,64408,25363,704,4.,84601,22000,1.351432085714453194476761216454386126742141891000000000,7
swiftmailer,2012,12,5037,3468,192,3.,159992,838,1.00526534048415929912602768367411835403896679629389246660655780462530339894995322010654912000000,5
php-js,2012,12,137709,32756,190,2.,459927,104915,1.29552522168761392208062000826870547841032898486038046688791891300736147650998550582517530425432031807924415017459261332195506572081004544000,4
eventmachine,2010,12,1933,3905,81,2.,15158,-2006,0.8638985005795497729899117853736505336285712924566205012679821840034656018931020738678721301025082487024731455647598667909790233177728000,2
exult,2010,12,0,0,0,0.,246273,0,1.000000000000,10
xom,2008,12,103,37,8,0.,116449,66,1.0005670931321000592970434050277816040008000000000,5
rap,2007,12,164332,86867,1290,4.,101907,77465,4.1693396612446403925735728234973746971516218530657840083015428232204084296973868185768824828223372602731813120750961565976494080,1
cxf,2005,12,96179,38410,632,8,57963,57769,298.778350526712040964496769142737631746917926784840,0
gzip,2006,12,2662,13568,53,0.,18671,-10906,0.415885598005386453750000000000,13
automake,2012,12,227134,191067,1637,3.5,111237,26421,1.311509620839915582794398628452978444272625802888881256329580027329195542896210342130002458571916432009950635250906264773746632305108122009600,20
xchataqua,2011,12,6440,5837,75,0.,458019,361,1.0007902957807074200738820000000000,9
docbook,2002,12,93366,58280,1250,5.,218749,35086,1.2020140372434133081750244435574278950635055353354931006706046501500998820938606904456850615314538171436952276980632634778202817840742400,2
biojava,2003,12,49395,28043,560,7.,135498,21352,1.1870586792191005387698934134463436178045222228319691834298082183718531377779528832911893653965139629784931861002312103827350000000000,3
cacti,2012,12,583997,333419,1052,3.,3065611,250578,1.089247413669970190759680150509164029837568094772862017611355779918460310907779662066911796691794907959074565059270594893418932266176595296892382268720000,5
log4j,2012,12,926,5655,69,0.,84875,-4729,0.944177536442015417321095578262306124000000000,11
trac,2010,12,19840,13581,970,3.,61454,6259,1.11366360368375011656817936214071761613640466459221846885771349875639618475292981172209672158169850126543671554037235778758969406020818336320,7
freeciv,2003,12,96220,55802,1076,6.,231158,40418,1.21190101710177361829701210844991056642791483364221267833412061974114003974935348814326011255577219571499776439659522461238415812575232000,5
nedit,2009,12,18,25,4,0.,112957,-7,0.9999380262237094968384636880000000000,9
libgd,2009,12,1507,176,54,1.,144089,1331,1.00932347048781964823327756554003849281040020035779559577319362608682359894743871419599300000000,3
ndiswrapper,2008,12,1432,1714,72,1.,23749,-282,0.98811530681532253145531545734070371933410457712209747727340364700874798790000000000,5
lame,2001,12,44266,34863,708,6.,62038,9403,1.1786453880642857587171732411166706963744523479640879446922147669247603971709654414042933710275330456994456510283360012879994969182208000,2
webob,2010,12,3813,3607,137,1.,4971,94,1.019522326060297406913107232667185000000000,3
alfresco,2006,12,72255,141492,388,10,696075,-69237,0.90953101480,0
rdiff-backup,2003,12,6402,2967,139,1.,12541,3435,1.377223808461005978198309813982502993334242979783784497123805430776454323002637406475327133091539539940244029440000,1
opennebula,2008,12,7322,2061,137,2.5,26517,5261,1.247506586343313800023714908941679925085844375901842924800,0
sickbeard,2011,12,59388,33484,1421,7.,18973,7678,1.6797698095734255086409042123576261464370165218979793826031375650599754579182349009565390716043361625940680409792000,2
chdk,2007,12,78497,20461,147,0.5,68846,58036,6.36873265438756910118948245873656113219012652688907600000,0
openembedded,2006,12,502790,186253,2011,15.,278187,129083,2.0118284290205904627047327817149134586491089263777206360191623246802342058954259692862840319277693053003009771358453509663511065600,3
django-registration,2008,12,66,32,26,1.,261,34,1.14977973568175920439679946506819565978945404000000000,1
iolanguage,2013,12,34,32,8,0,213407,0,1.000,6
roma,2009,12,58143,44143,1372,6.,83364,14000,1.2018338042840668648392623329007506865731617519180726930726259340993463472964573486220499884203073663195540957425481905350898583358476000,3
gtk,2001,12,113464,84091,1427,14.5,301144,29373,1.1080799643838163773753477053571590777314270424700464258551935671412778358379273364092773269622540546931135486161833528040157271270841384960,4
openssh,2004,12,3861,3829,149,3.5,38183,32,1.000866832812815019409716427304335226094783338712148478596190385197601166735682708816085543632830925456597151528946391030858019398239840676156620800,5
nagiosplug,2012,12,1991,808,97,2.5,109083,1022,1.009457621158340334955468179805413411137786286293686137920832349047791461993629189511816960446685060484449801837985343174023920656384000,10
amanda,1997,12,57234,62426,695,3,47502,-5192,0.888370492896209310487167344862792909296140256517901761820446220379686053547257880685099671036608,0
eventlist,2012,12,0,0,0,0.,29191,0,1.000000000000,5
github,2009,12,0,0,0,0.,3442,0,1.000000000000,1
datamapper,2011,12,7036,5161,203,3.5,56758,1463,1.026607740432923295606530554216094907079447743334864208318683513686192567661653226642076540421973659749738859469518028800000,3
lm-sensors,2000,12,18294,8815,244,3.,31591,9479,1.428681259056954688521477210138038310359961084776583079084593948046393010387467863534995878065770227118406026563186367819121551681280000,2
eclipse-wtp,2011,12,2709505,2473539,2507,22.,10739290,229258,1.02269005711538672938284601774136430161951859171490529172664594905784368338636110903187167241314992064801006906557879057146195228057057922852830871552,8
moc,2004,12,8610,3437,457,1,10746,5173,1.928225372345945945529738486720,0
nemiver,2013,12,383,135,11,1,64529,248,1.003858060702365802682084080,7
displaytag,2012,12,291,35,5,0.,32537,256,1.00793036151348578039221830000000000,9
findutils,2000,12,46565,19053,140,0.,47807,27512,2.3556048288359733132364502553063293974291513600000000,4
evemon,2009,12,8782839,3795525,770,1.5,2279675,2208753,32.14341106847859479465203415227473279535819232822068117143984406380467218914652421293039683756523356232960000,3
freeorion,2010,12,153492,18284,598,2.,231160,135208,2.40912122694874249402334609042473170751987841987941792004158450628622189935199576365706364452315794320134286540653246653613216433349444800,7
swi-prolog,2009,12,121077,68930,3142,5.,804281,30112,1.03889589999569252546513593380715169131818360084278899902004146765442714167156075707318593976726791066184008369519232760777353405689844736000,17
php_beautifier,2006,12,1139,714,22,0.,5184,425,1.08939840134908527263174742166520832000000000,1
cvsnt,2003,12,46011,0,20,0.,192643,46011,1.3137855310826622153197787920723663657378174822943653806080000000,3
cvs2svn,2004,12,11575,8120,385,5.,5800,3455,2.4790239723329042762094983288964876512387879341495426123162122187205292507776372985374574426838848133693812381415636992000,3
wym-editor,2009,12,12755,255,111,0.5,21801,12500,2.3439415118284039362775144639351956128612574842513134376179943042508000000000,3
h2database,2011,12,31299,19899,908,2.,158357,11400,1.0775737120287015295356408312111366343837653261589732745986996131022886130804278503960496379771716634841834437905324992042274413170226312872960,4
pywebkitgtk,2012,12,0,0,0,0.,14258,0,1.000000000000,5
linux-pam,2011,12,1274,1399,69,1.,113290,-125,0.998891549171098595546068769685977245147435083775129383177140656663903399603122203621916310080000000,11
dotnetopenid,2013,12,0,0,0,0,122072,0,1.000,6
quantaplus,2003,12,133551,48332,1064,7.5,113370,85219,4.0272104011322558971096513601835178598235721267297331926441705647800970467577605935317825486196153700387645198176389335731696128000,3
bzr-svn,2012,12,417,194,52,1.,27434,144,1.00527665811644167126537178113682044490145280043839640737279074596415268566240000000,7
x,2003,12,1736666,254193,1164,6.,1629608,1513594,14.04664954605801246071613164395971301029634268715526022247043277752353270936009509493913507565368547772884345586734495563840054399678924800,4
libidn,2011,12,31890,9920,118,1.,97849,21970,1.2895399254735419906263766870522290131393266930056426971742445193172683438919385670000000,9
maxima,2007,12,178098,36483,985,9.5,401594,141615,1.54471707327882686184834570862886692591687197823140050525305489801874313011201960479413621785348522370001719382632701627809921373701431706075488000,7
libev,2008,12,1972,991,236,1.,5016,981,1.2438478747477215801895935772565463821391442807449914626506184680786871378217487183005547789130140364800000,1
projecthamster,2012,12,10892,4612,142,1.,19799,6237,1.49816293925651622693866242135702589377471902506549975431138903824472503244037587796073312292293244081286400000,5
taskcoach,2006,12,60822,40892,458,1.,44524,19930,1.81036025053585788496208311698431676412344941063603600569966609504053133727383697012009997911276369724697661891069583405153173962752,1
roundup,2006,12,4957,1875,265,2.,32572,3025,1.102379260155676260959860570831620684180222462360314479651498246217101846475568155133719461390054797798214207744921449039916538265600000,5
gerrit,2013,12,30001,18412,727,13,123633,6658,1.0569181448999352082517033744412160,5
jnode,2009,12,2114487,2070018,951,4.,2217129,44469,1.020467537584838003230321194948135739995767332195192590550205793109125259381070227637342192713186393316943175489311800824377586370749045868378377752672000,6
oofem,2008,12,207133,191094,162,1.,148996,16039,1.12063298659455945127063986556256215355614800904334892541059519791354331851096507373873919729698071326042580758771138560000,1
opensuse-linux,2009,12,210770,204958,3185,32.,974547,-7482,0.99219941637212860540137937602014424504136478785422589557268704313125041439102269217087228421556583413040907941879591018195833623109385600000,9
wxperl,2001,12,17918,4650,470,1.,24539,13268,2.177180374360737509855376549692549466568356473702119841344091490605125267844879565926258552534707177841332602394833645220712238112800,0
flourish,2009,12,19867,7306,654,1.,33359,12561,1.60395230306460762513913757521412867748559557792996179552037517008770065724489820110662155788111894771193133908125842886400,2
diffutils,2003,12,0,0,0,0.,11831,0,1.000000000000,11
MacPorts,2008,12,397350,74987,1724,18.,1235248,322363,1.353125530638635039191361361030140757728579242816929326008980414622790291026750096886189685758026556258142653712613095477809853530433600000,6
AndroMDA,2009,12,255650,246192,503,2.,385705,9458,1.028819023372445575766354689449245564759774562188135126885249220071306577294199833964641274509984858172133637836886662515783634052887113025238720000,6
xalan-j,2008,12,42,17,3,0.,205250,25,1.000121817517400000000000,8
template-toolkit,2008,12,800,27786,73,0.5,56448,-26986,0.519728060667312290254468294338737686646825064109036817122560000000,8
kino,2008,12,1241,762,96,1.,97856,479,1.004926463025578972620885360027208402343962218352173669737807137986549934516280379766321515419104167622523359382507000000,7
ace,2008,12,42000,23605,1029,8.5,506199,18395,1.0377098178722797318256069126633615549553308481757067113742368710969043015831383214953646328094155768336356044451660360387502436694978296432687513600,12
fusionforge,2001,12,30987,17707,270,2.,55269,13280,1.3162733097246754715956874779064509542711725490,0
glib,1998,12,27947,10069,244,8.,39242,17878,1.8368283092861027031205727422592817755693704064966968686422479512,0
bitbake,2012,12,30688,22454,1486,12.,58406,8056,1.1600000000132560114509799859599362506751539158508699086117498849463514657996981423595517297956395911460230206858302057407043980012688875520,9
turtlemine,2012,12,15228,4,6,0.,15230,15224,2538.333333000000000,0
tidy,2011,12,0,0,0,0.,42503,0,1.000000000000,10
anjuta,2011,12,59199,60253,787,6.,374264,-5949,0.98398792028744910858274348190917798223915525558066499157666876734199328152006939840200639921534183252647047885869201549595462439864439083719680,10
oryx-editor,2013,12,0,0,0,0,26493248,0,1.000,5
scribus,2013,12,9418,7153,122,4,2709096,2265,1.0008368104995718161706071362915710444314,10
mapguide,2012,12,8177,2154,210,2.5,511797,6023,1.01190848086250338469199482210017906208338131817946276273553566704039722550326448494247646948809034628188863803573987530639429670861840783353395223040000000,6
sqlite-ruby,2008,12,0,0,0,0.,6473,0,1.000000000000,4
rxvt,2000,12,19455,15871,321,1.,25486,3584,1.16374269006208848214984670652397205499080460993942932273455590326083877120491600388678212208645406755131071354155621576766019823926908946658999040,2
mediawiki,2011,12,388835,277374,13688,37.,836275,111381,1.1536514304016738000788017385548857141745292987439809619314040520749041457180979338297898928406031827901420679416217350062724759240712000,8
vegastrike,2002,12,216450,53886,2542,5.,237825,162564,3.1600031888593245174056267965473381948690712996565378654431283051563079507975328919522828450602986457264028230116150373102493516800,1
inspircd,2012,12,7226,12974,525,6.,53576,-2647,0.9505658685942390963463874294781789467101863274387226532878676039856038028232532374001330558518148252176515164779940874025045044774260069765849928114560,9
pygtk,2007,12,9440,589,155,3.,260516,8851,1.03516976934215145131367872334506962845540499438591019212130860727738231271588063709054786262990188855187922231763941070546176000,8
dvdrip,2006,12,35250,12435,233,1.,46736,22815,1.95376447510311056792320989459571262278502836728505924184013854582702830696030032322787666451897738634800000,5
gtk,2011,12,293148,214232,4704,26.,570716,69931,1.139642760865273733989972797211765914663525328916094036939524889444351845513501635886941387554477450731648029946256365630361099415638809088000,14
nevow,2010,12,36,27,2,0,34687,9,1.00025953053810000,5
deluge,2010,12,83079,118306,720,3.,91108,-8288,0.9006699504943271854317205986174573150242023076069569936545496291253181829906049641400193809821695781351939110848007188655241217373545953056000,4
rake,2010,12,398,291,31,1.,8020,72,1.009058882738090063758498581211186046702004683174400000000,7
cubicweb,2011,12,131791,73164,2317,9.5,175244,45059,1.346115143799408616617208932716032436370712229401043873049482469340743498303221263339990782989704951111359838028180083062401131123507200,5
smartgwt,2012,12,24812,1666,176,1.,136884,23146,1.203502787117330639758204679912670384971341152972172394556354952805034130092996995897729279027640485436881610043369426623827569980819258300000,3
findutils,2013,12,37,26,5,0,17910,11,1.000614559472600,17
warmux,2010,12,68247,51786,1792,5.,88969,16461,1.247440811668961100086009512161200501709062838682690656758438683602673567057232350526142104011202084075688244894821143666267287354782894981120,5
auctex,1994,12,4844,1397,60,1.,10019,3447,1.5244978697744600937076147713966202057288309147467587145684004022265142921632000,3
Snowball_Stemming_Algorithms,2010,12,1227,16,14,0.,22433,1211,1.0570634247480090967687310993419651049839163866483200000000,9
go,1974,12,3,7,2,0.,3,-4,0.428571428600000000000,2
binutils,2006,12,201973,93880,1944,19.5,1801910,108093,1.06381622100062991440499448617562074491203776193661408743378166274645407118877041547394835124508709301520049421960453509122093817192839520000000,7
mason,2007,12,1717,1441,38,1.,35449,276,1.00784692804109460472516654082905886117006848255458866234292868338886690370012174873268480000000,8
castleproject,2009,12,1618783,7285354,2926,7.,2263115,-1725385,0.188844278767074596197750938767774757039029397684731372913877950788152228648368707996526793045545106988368838172625499009248699024437166080000,5
kerberos,2001,12,29741,29631,827,4.,258434,110,1.0004417191793104256666214108230484711859904922060987889559116093845946870737249361097620322725156108890732943475950114568923370545321920704102400,14
boto,2010,12,14539,5744,435,5.,21968,5666,1.34756471598704598792755730869141251298630757524126967830510298195415483561579067936981538006129470090297114939262082318103050950000000,4
ghostscript,2001,12,184415,71303,1243,15.,769934,68526,1.09769777361861074674451107336206666371942800462002567495936185381268998759694162210989753949525472354412323172692037460701190501099952974528000000,3
stxxl,2008,12,16301,13895,647,2.,39708,2406,1.0647976084723216946002123335446966925246961222052158824185612087100774785179133939968400700253238662574206498564784771973409466346821433651200,3
hildon-app-mgr,2009,12,26040,21896,1562,4.,48156,3666,1.082456140360742240047712133789654594429589750550862606858594685954511883620988404934204084286453202390057063977135772765335913994693000000,2
fedora-packages,2004,12,17081,1312,1150,22,62654,15769,1.3363335821347481879675277892375190,0
openal,2008,12,6487,2783,284,1.,12420,3196,1.346487424118804037193854305236038131506842598499630371399246987549369607535795650724801451597918721013893157335461419435523510551835200000,1
eclipse-wtp,2008,12,22244473,20276246,7123,27.5,25269609,1968227,1.35098405981071931165320319771142112493389393517941338219258064656451704895606427815265061817563734333258044978707086444342586716160000,5
Axiom3D,2010,12,99597,56409,321,1.,229620,43188,1.231655509837884070176205900358063441515028234402092939507115062263285663275477612537802385247209881524473911969091146601852500000,7
communitymapbuilder,2007,12,582255,748559,490,3.5,423558,-166304,0.449492207744776317025912967162935194206891004073473336441178054233373774204283961807784270570576281600000,6
unison,2008,12,1645,5462,60,1.,37126,-3817,0.89713808346783986500058992072611582926137120561921724662521883597447201804359501786051857545922111316438287250000,3
jonas,2012,12,675382,546456,1028,6.5,9869467,128926,1.01323602046271168448965436063777791479356709050912945215454899232582882557808768856138937982955868673050810057677621699835125007890491824758990893245551200000,7
lighttpd,2006,12,30353,18050,121,0.,45059,12303,1.37559531077517807137293108358400000000000,1
maven-android-plugin,2011,12,16183,5562,456,6.5,7091,3635,2.051793981593235428143262873240654002960774928172707531267919501072662545438151430633973982343488708793763448299738528968000,3
xlib,2004,12,13303,15853,26,2.,107221,-2550,0.97621734548273395452928389638789298276608118706566051486202337317528919300880449061977600000000,1
gparted,2005,12,98,87,26,1.,14041,11,1.0007847053788190201230590204484015499592074935927551860643670627503754066535700000000,4
tmux,2007,12,17126,10924,350,1,11055,6202,2.2779723882072725880592571380096546551333438968499600,0
mplayer,2009,12,37400,52872,1740,12.5,534144,-15472,0.97160230749518131184226729328535692412603790328074111707366301390844261196523562911698263724138921041894420678106611602404956815076640593337585089428000,8
eZPublish,2002,12,104075,64913,1569,6,87973,39162,1.802319149458171331025348286020,0
ampache,2005,12,10327,5020,409,2.,51988,5307,1.11368651056267614461406694613267070682080077276719326051751955193600,0
mapbender,2006,12,213129,102969,2399,4.,165794,110160,2.98008412119354567624871573500225792194799364368579009234131912943447313914030650119620375771321254694715412428714507165064677840985088000,1
passwordsafe,2009,12,258157,203605,817,3.,146640,54552,1.592389887954267841033492008011280906192849902774526930220397211495994981599765756898710471090384066302059988361105095532413975035904000,8
Coccinella,2003,12,36932,26127,139,1.,49154,10805,1.28175441341228463561126341004837783260002801270199133938799981578931025124398309189500908071208021575496954914987977933606292067730751488,0
alsa,2009,12,10586,3163,219,4.5,289287,6766,1.023948662223791920697359241022517054400555261407730975711701268944551719661839029220719532905535703091730096511221560168270491011351103392503200341606400,11
socat,2008,12,10349,3009,150,1,38534,5618,1.17067687447899750373187703963077256927769238949597723490386159222192000000,0
prado,2012,12,127748,129443,258,1.,308162,-1695,0.99449923572913875708989373495295064257905459985138468791780652086617129567307623358543248145650546678839738103027955845211187754424753876150251130512235000,7
joe-editor,2008,12,42696,1608,91,0.,80935,41088,2.0311441263022646617730308761856652000000000,7
cppunit,2013,12,0,0,0,0,104853,0,1.000,13
centerim,2002,12,77658,22906,1462,1.,31104,14884,1.917632552384850717515478454744421098017859703256379604455529052355666373499585173153296663956169078476579270696853170619067743403520,1
gnupg,1999,12,20442,12341,241,1.,60042,8101,1.155965422310643578093199018943502303458234744031879754573058049252183560274013776824713444234585880022223756804079323264614742450217036800,2
coq,2000,12,79638,33617,998,3.,81663,46021,2.2912013917638424743196046644697463553351411654866174115635184621854420946166835729365956126511931862962986515924652334243840,1
picard,2007,12,19370,15572,870,1.,24468,3750,1.181002027202596186301109512918154066023967217778626215141259594051760745460578879922964463529104183330278438159040011875907059090695290880000,1
phppgadmin,2004,12,67422,28262,1829,3.,159740,39160,1.324763642379350819329715458094087367122229506303335978006989567046880240964334155016378882948642295760740384770788054385063066374884352000,3
yade,2012,12,18931,22642,453,4.,58990,-1527,0.97382001474553223848409680090594619619921340451232209724688078333952658221286717353526189919086079101089956347843102864584544000000,7
tomboy,2009,12,14344,25257,298,3.,42358,-10913,0.79265465872939471084899707677551774263004912766775311711375220955587764027435830871006623318298066007638954959045474159513600,5
rap,2010,12,179225,121310,1247,5.,547190,57915,1.118879496851204883075225279462325959312513211316155275162912517305721507293004252168249117541054061183749556342310211101996225126908979200,4
icewm,2013,12,0,0,0,0,125390,0,1.000,13
nix,2008,12,4052,2558,196,1.5,29940,1494,1.05252056528208019252275080396435832524562850856857078852173177673220313747649648922571929591589846276681294511100303124196794988554187439541427200,5
quicklisp,2013,12,0,0,0,0,9430,0,1.000,3
wings3d,2001,12,22716,18252,272,2.,16407,4464,1.3737754333323111218547736658283129715887360,0
apache-click,2010,12,14639,8481,692,2.,46684,6158,1.1519518333817971182203071745600034513736408380603413216000172298566712173752055198888697238097302409747580394303840361006824106370066293504,5
mpc,2010,12,5914,1079,125,3.,29274,4835,1.1978395188069615674153199594337266100787162518216991474461555876584286045402925204437026706213918296046497959765126508079299665310366136320000,8
WordPressMU,2013,12,0,0,0,0,135856,0,1.000,8
dspam,2009,12,18598,6170,364,2.,41522,12428,1.42716711351968466834414315921206363010105417029805289122959795963133382003631447704120573850613600000000,5
DCLab,2008,12,59480,23642,1009,6.,71124,35838,2.015643597930251140293403506572339568669339095500562540517626171068592373352337643577675427228180715425363161265105367213110568960,2
infinitas,2010,12,499484,726923,4795,2.,126485,-80381,0.4923070120858940243535980014788006405553987865460394511303268142120783638583878408101718260572912496945535629078088186742354022400,0
stepmania,2007,12,0,0,0,0.,296053,0,1.000000000000,6
roxterm,2013,12,4946,3921,45,1,26982,1025,1.039488384632722160328718477666407680,3
aws,2002,12,19599,7697,840,1.,36715,11902,1.47966791598785238569375041049928776004915081749271168894251786523812093137176248513861090670676514358384636628321391781508586188800000,3
merb,2009,12,15730,48634,374,4.,195996,-16259,0.9166752080709784103309161177079665914817254632408239722266121258957177723823675765369830476395866605563368650805763365978825861754579238400,1
freebsd,1999,12,756253,562385,8221,60.,2225042,193868,1.09611624299882089034293502824848370516540594804660055091639415278913634683466265347318697826620224041699116661690888109404862933233090560000,6
codeconform,2012,12,0,0,0,0.,131392,0,1.000000000000,2
SubtextProject,2011,12,188792,101981,107,0.,452167,86811,1.237606608351059143908127444111642387466944563554895839815560000000,6
reactos,2012,12,1234586,886478,3130,11.5,5075193,348108,1.07364115517081953566681542241707321266736870483957197695085975506204866224492799182666679471204150877560960361533294070569501837792258716281600,16
joe-editor,2005,12,5209,1604,128,1.,31537,3605,1.1290634397797273903613967691660303320696475011213072796868000000000,4
scplugin,2008,12,13159,18258,269,1.,24119,-5099,0.7831043430132416631414540048713438406226942119385566735836700241476675950698693191628606607424103399474773454256880014720000,4
lyx,2006,12,163353,190300,2210,11.,348883,-26947,0.910503329465859434656556334780627844002981199093143359393133513902965298404241057105695704057598655289448057053146982435211353673354752,7
gimp,2004,12,260353,222070,3466,11.,616863,38283,1.0661671678918629786679387435698319433026929971571620575386020533328863415565200900943811604779231016419870398544548448373048995904469703065600,7
roundup,2007,12,1897,2040,136,2.5,33790,-143,0.995609726146537068113780094267343447305698964227920496596577519567794497336125464260486428428470988253966306661492913587114198450159481894656000,6
fedora-packages,2006,12,116484,181800,2619,78.,282576,-65316,0.70456745334886438607673634724065208480907427223144882845041268726895736960279837469523833509349811885792050761457987730989324800000,2
django-tagging,2007,12,1515,1177,56,1,572,338,2.444444444405704516316929733930977993569445500000,0
opscode-cookbooks,2011,12,41040,14938,903,9.,18138,4308,1.31149674613303225522490549199693671722592047601357749679817411569739524424310660783470227031113640007448468887964843143737906266112,2
kicad,2012,12,1116251,864363,1083,7.5,732931,136746,1.22936840071817458612791620425478546699718066011514769094758963490995121958209483774568220342250043725416735559805888373292974364771957760000,5
magpierss,2010,12,0,0,0,0.,2259,0,1.000000000000,8
qemu,2012,12,692281,522944,6607,58.,711676,111020,1.18483125115162542066730272778936393564079922128638193714425845565882778824322595529089840434769808727630506091596403876700383501239910400,9
mapfish,2007,12,139160,47163,137,5.,94074,91997,45.293211360954640535436452711857540265625,0
gnuplot,2011,12,14242,8422,503,3.,156000,5820,1.038753495801453666886315862265461041592558565627929081549468802298678414960051504649746285865383915501118854587705067550797702999469713686000000,13
jackson,2009,12,61432,36182,633,1.,41040,25250,2.5991133628569640244672755277426879495749109156267090114906220580195768794726206940667546353183097525582242556170199280542663113600,1
harmony,2008,12,1267897,3843,143,1.5,1274373,1264054,123.557106824670016190552502745052931165106686642623034341200112350273910624023466813665029807093947665016725923202822446101349446384391632629069204465180413849120768000,3
gcc,2000,12,679715,536369,8163,47.5,1337482,143346,1.1236235873732485187030356657551594086721657559526671955241948273737847075653002364075318014661602768667901167873735176935418255351480320,12
w3m,2006,12,1151,987,31,0.5,82642,164,1.0019884090303217975641214910128109567483659871736999003791749280000000000,5
dcmtk,2004,12,10251,4672,302,3.,261126,5579,1.0218316004499366507793978984511500527563824024319050675420032561921853200715240767496638699726416712362221057760114032895297809113272651520,9
w3m,2009,12,0,0,0,0.,83307,0,1.000000000000,8
bbdb,2008,12,289,266,27,0.,80028,17,1.0002124787521271807725510250000000000,11
obs,2009,12,43240,36173,2013,11.5,108196,6821,1.0686217303854424717099463544176355994063543532154579010622632942051398373835332086901495933021524151642896039167599274157555455745368064000,3
xdebug,2003,12,5804,2485,209,1.,14956,3319,1.285210965003848250585907392890793440259027609252955254553582284397806255724699017666601595976063512523274966672779418521465478685229312000,1
marauroa,2004,12,34709,27559,598,2.,20725,7150,1.52670349911593472365016272054509484510869684098258389763672069127104740864914859624050287344934453505949106997244719179569635000320000,1
geoserver,2009,12,0,0,0,0.,114668,0,1.000000000000,7
bibdesk,2002,12,3465,570,36,1,8964,2895,1.47701433509130915465805188399716,0
crux,2008,12,8592,4991,690,6.,65161,3523,1.0572092041486596604076950389399381215419403565719229616717085809799981100739089149449514027157039309757654763720324795508082510391281355980800,3
xchataqua,2006,12,19671,9113,357,2.,293011,10558,1.037379670247143989586174845701674426812124433751813564094150132424150675767036985456296476779629102484265156102541966504885342787469050461736680123392,4
openidm,2012,12,319808,232540,2210,9.,215068,87268,1.6828482003294079545496980816416927786015917046214187068628142695846105962548052671839123146614293761878529175913591763833215488000,1
irssi,2009,12,596,735,70,1.,62222,-139,0.997771042800003071532884355666707034735780610418165118183737582456433150252822379144792851347849768837120000,10
vala,2013,12,7571,1098,56,3,241450,6473,1.0275473769789287575879107798215635200,7
stonesoup,2013,12,32796,19059,1224,18,339081,4539,1.01356780314600432871241111225644837208,8
novacc,2011,12,2176277,959447,9532,46.,91403,71501,4.5926540043511387963043179534533002611818724220485074891992079384123084553343097018614663522407680350022639120209633174686531584,1
lilypond,2009,12,89193,77745,1240,14.5,1098820,5458,1.0049930474243430836068386647983587042126758336319627763252643369440339936793477665901375095234900093462039514315869937065110825267152133370710880759472332800,13
cmsmadesimple,2008,12,110397,222026,8804,4.5,590631,-111629,0.80719880477261325554896131369920157851057984477652580175044533772757038000377393996824012300483211659502546229516195425880787944183287129600000,4
libssh2,2006,12,1098,3385,55,1.,10892,-2287,0.7879068904349338909280794868880530159737475326091174750156116662205440000000,1
syslinux,2000,12,545,304,15,0.,6745,241,1.0370541205355500018816060420560119779529644512000000000,2
Texinfo,2013,12,34263,10112,163,2,1445980,24151,1.016985868197981897676440,11
eaccelerator,2009,12,3410,5317,37,0.,13638,-1907,0.86009830537077031153859719353268937339805042784800000000,4
epic,2007,12,14204,8673,258,1.,83701,5531,1.070756044520399248979869437933242434756274767770509446268474286835169431858868968549748473961314693123331491854802237823562534005165808000,4
openldap,2011,12,65893,62136,835,5.,553071,10200,1.01878899406415055258877678461152372867574983214564247134585941605403467794687361547749628736517969892844846441603685703717007793438937561989517280000,13
kmobiletools,2008,12,291,269,47,1.,59962,22,1.00036704594742207057435551960552469296675968200619102400000000,4
celestia,2001,12,63474,37406,592,1.,55817,26068,3.0004604408329926575852413171862688496948543632215090764071528291937311353368942060132979892223155218841600,0
edje,2008,12,18310,6650,259,4.,31119,11660,1.599208592445015770379080239452169595670817996420809163396241738031797104573338050363997544010545658988114817095453959227830586736640000,5
openproj,2012,12,60869,38955,14,0.,119591,21914,1.2379731989816287086680000000000,5
mh-e,2003,12,34621,15958,647,5.,31059,18663,2.587529772586099126245784652433697240416791083758062970825982620105631231931118101704729492733663314663452613739322360333448561723752000,3
statcvs,2002,12,12353,6090,302,1,6748,6263,13.96687370448245056755888552912254800,0
tar,1996,12,288,250,6,0.,9432,38,1.00404513519310891422502500000000000,6
ubiquity-xforms,2011,12,0,0,0,0.,226180,0,1.000000000000,3
omniorb,2011,12,2579,2420,30,1.,2089,159,1.0861321776753683410439405954996001244028541634329315547145279325230922181632000000,2
HtmlUnit,2008,12,530042,437806,2304,3.,469980,92236,1.31323353617034982601244774255896916830477048720209860454885779776197449442836751264434314569443546405165658922920688690543074540800,6
werkzeug,2008,12,13433,3548,305,2.5,16759,8976,2.153282795925995905145052876325042143678081231852626903942280824813332325547116508833549012776810964981136279186898742351942820000,1
emacs,2003,12,217721,184878,3057,23.5,978065,32843,1.0347463347232489322621343635135958886301815031655804330551124267989087526868507568178441088418878630088558421754695302548321810659360261814272000,18
maven1,2008,12,32,89,3,0.,31609,-57,0.99819671612500000000000,6
levent,2007,12,17710,9602,540,1.,35882,8108,1.2919277022016395599763803060753258978325307368361800693678774517870024506332441109027598569712085198671705400250924118143489367653840000,5
gwibber,2007,12,301,259,11,0.5,1733,42,1.02483737433421821914324728272264000000,0
keepassx,2006,12,15061,11271,145,1.,12238,3790,1.448786264070488759378807719335501285346438997885994071530858081570441332792123968025169224572874819806187245081280000,1
django,2011,12,50953,29641,1330,10.,142530,21312,1.175815472967096573605664189737134588939122730134740702467779123601001604459281340403747698594422073493467444930956513151302105724494640,6
automake,1992,12,290,120,23,2,1162,170,1.17137096773331805289837042987148459555209965265528634474714833421449715764232929034240,0
linuxdcpp,2005,12,43490,27293,113,1.,37538,16197,1.75896162314334821411230359075851223438121687443598481325425039033303851693228366084639667715223451195021482341600948017318400,0
config,1995,12,180,60,37,1.,1255,120,1.10572687224307074155831240823814192894001757893192183414932251147931746696629898610302375163280775353280000,3
poe,2003,12,5458,2957,192,2.,22810,2501,1.12314737307627235118282449690715278253490961197571694275623860940140183912266628369293457135190919222023350208066242985532639325140877457192960,5
rsyslog,2010,12,51545,15058,926,3.,64668,9695,1.176359303671699904713274131042915981739266068823937971522257417996156379968067085483662566252229209646397266832739947504197196543919390720,6
doxygen,2012,12,25009,9423,137,1.,222267,15586,1.07541089892550005983881927761799095536301039797650113776773904185362138187347436163740349954928260630099122557526308849160458432000,12
maemo,2006,12,860740,150309,884,7.,822535,196481,1.313840339637646609706827730385361869550639180395224198369863271600548032100939215885722229560407852137889876284682732963504016531889598758912000,1
opensso,2008,12,537117,183549,2557,32.5,1470193,353568,1.31663987463336089292197730418960510191591444634058163092523882830176877389785273323344711291122800667194848131155641895228607666585600,3
konsole,2012,12,10867,8736,798,3.5,33630,2136,1.06782244236993869301103283191998181101267938057913808776405202502558495103258356431643092693204802173278435163491920701349085906820031416320000,14
urlrewrite,2007,12,7484,3272,96,1.,19796,4212,1.2848833276098575552769114321384006387819453777313223344714787086488929819557432000,0
libtool,2011,12,15301,17689,230,1.5,20825,-2430,0.88088235297683140010855220476392496240805508349457255420764939641191607101663439862798400000,14
phpids,2010,12,26690,25810,296,1.,99368,880,1.0089350986921634270764104203180080363198326139242414486981626734571067658743942353449027411630171163999761254283836664692080640000,3
jforum,2010,12,0,0,0,0.,102199,0,1.000000000000,7
OpenNMS,2003,12,43451,9535,288,2.,302548,33916,1.126254504305488648712825250633555367223002442012591895454615723708987472385590122879336586578446891689584826450944050725957492736000,1
unknown-horizons,2007,12,9383,9055,44,1.5,1513,328,1.27679324898487525965,0
glassfish,2012,12,600772,466063,3342,45,1141848,134709,1.1403062367225291156704082278692503989443342649798382630375546393598872531184211068775057712762007975165035065638695876396318720,1
subclipse,2011,12,33927,24004,453,2.,122537,9923,1.0881151544191305647803286756389005470139889375804306351959035414566654211181909440759467883833326921345247855731885404646085920000,8
filezilla,2011,12,4410,1256,132,1.,249143,3154,1.01282171153997823359965501079512736906650836470537056630011960083346132196490658666157278682508556642747726878757446260499661037568000,10
seqan,2012,12,509786,468488,1418,8.,351010,41298,1.138096846348953220098864521235345292924995333430545229791403717871024691284259137331675103024642144978364819851501910434924767476888862720,5
flyspray,2007,12,129458,134887,1584,2.,169664,-5429,0.966998766032642968137133946619813220669309091630903905306439635800485013669759421729067124944139078580119523812062963815598869962027336105984000,4
vtk,1995,12,87966,68317,820,2.,49051,19649,1.668287871526344398108238711442316824413156782818006174909325769942721185565728660799305128740591239221542881290101206247041024000000,1
cpan,2003,12,35,15,4,0.5,7310,20,1.002743484224530735807875000,0
rtorrent,2009,12,1323,396,37,0.5,18772,927,1.05194732418488214307560564504204586855849783082987267913600000000,4
ehcache,2010,12,91956,47271,1312,10.5,141816,44685,1.4953167432994611683811516750627438909435976463470222521114867022721027145108888117498078484122797342928041883204248855005220251622400,4
testng,2010,12,189853,253512,1278,2.,107100,-74834,0.5886750140056865683728473798763045257023288184216014437567836961641195528990124088822412548762565394434027673698863715136570223812000000,4
gnuplot,2004,12,55676,10158,419,3.,126338,45518,1.563202177721373878024633728649109901587071678453174318694691248111980068631381966565045695438458392590548828703844502235120414946099651644250,6
Axiom3D,2012,12,1304460,1224853,472,2,371971,79607,1.272287285757412186619224467596653266021402108019025125639568780486308813126594954143111619227270549204482150400,9
pugs,2009,12,331593,371589,4850,21.5,1251148,-39996,0.9665505296442394234018336081179123805382095061616592542169598490524462292420483029956782532693872975453744417354890083952479198680844800000000,4
yaws,2007,12,3965,2512,90,1.,35196,1453,1.043527755309821344952004640198215873623923116807051131478571247368259187808182794410511418137050670211641770753902170112000000,5
iodine,2012,12,96,19,11,0.,8057,74,1.0092696981083272692660880000000000,6
postgres,1999,12,217939,206644,1618,7.,256164,11295,1.0493612967211989559186588245548732214906804182373410610180929229749678463385189561337446754821860228944665460953641969612858974443008000,3
atheme,2009,12,19840,14578,467,3.,94872,5060,1.05803617510550110259833999340511810055736436686456734980796329194176799475542530787903220565792132865545746143472036809293596395866551888000000,4
glew,2005,12,4767,1741,95,0.5,48067,3026,1.067183233051330621781071418045171422007475860019871273249197708878394072000000000,2
Tulip,2008,12,368591,67328,948,2.,564827,301263,2.14303546761194072558066971729202797457930623597328092257220092293386335829938631927549103191595515699568760810942108106732673789593204224000,3
opencms,2001,12,253496,226314,3134,6.,289362,27182,1.10462663588298616937786360960573655129683712386622442387836588520783259211290187364816089440006216917114988440567610055425147904000,1
php-gtk,2003,12,91824,62165,381,3.5,156699,29659,1.241351811034124827689227047560187521200167687958112405612741730449271793073694947262066693161188166202931674984397270529019990417296376479744000,2
apt,2006,12,35255,4110,515,2.,44028,4264,1.107238066493713344610838175769855633730010683669794675251440324489086359375153703313362670893991553764112384505222563371089381194213600000,3
xapian,2002,12,34041,33509,758,2.,96442,532,1.0056017099956671153013927359259895773649706481085138716484984212996815622689437371423137613910262127561123589806776146199438830694133081843200,3
eZPublish,2004,12,725182,762256,7059,13.5,342157,-37074,0.889338280264457236611637121471387644276855244237664574084947003762483471483542310078771136274131134563609542113019434826444800000,2
quodlibet,2009,12,4292,12419,148,1.5,36435,-8239,0.77102440112629656476705999295037884567232800858655333630268697763277470625688430692111004365042242801259903733525680000,5
gdb,2007,12,234206,120068,2730,26.5,1945289,114138,1.06233128780881353251250204948883135142099766066290196704936668897139879071729941790745743947015181471130385584421760858059168409518096585600000,8
python-babel,2011,12,347,214,48,0.,6726,133,1.020175970874075800899904444077938900596635613475000000000,4
openbabel,2004,12,86407,61141,91,2.,103400,25266,1.32336754802641865628048591682252713694610311697740859507998268694585001525764246804527883604463048995200000,3
aion-galaxy-emu,2012,12,299133,58119,165,0.5,1741215,241014,1.1606544722997561843127430241159773801413508658362954570167788082138009632000000,1
roller,2008,12,21378,92978,100,1.,226679,-71600,0.683591851207612940081101095148248087807361687640453188318241840230031340378144168628058312163685601579762540283678180282922721280000,6
lirc,2000,12,11023,6263,256,1.,21170,4760,1.292185869435554236820358153106469640642892167588643899532876276250067643849420534008078440503857692247052234850346805045898101132615680,1
struts2,2012,12,25679,10603,270,2.,318660,15076,1.04969984275589014135280013379958785559547320357015404614898784561256761277050646444094983737844473979850390849504727074392999635560146332164437504000,6
mariadb,2011,12,639144,620632,4606,31.5,1586012,1298,1.0008192194748820828252158652089330088634487595854625405276800000000,11
osg,2010,12,204762,258716,1157,2.,502836,-53954,0.887143466763593769062024235868199226038878279521290689118921133164845162513466680240471364425622775596259209088779716184652488117340327936,9
emma,2005,12,6872,3249,79,1.,33972,3623,1.119377903724267014706671332898757215043868041636999276410572602726750000000,1
etherboot,2005,12,94947,91924,193,2.5,339396,3023,1.008987047116297240008116464314103381810056463990304360750203323982668110541000336379381436645876480227999525470335009117846323200,7
qooxdoo,2011,12,2034153,1592555,8190,19.,1333038,431377,1.4784248182379271493069430875204839973649829531951917588774074739144395526810462563344346543287088950481495249501307649508318759100448000,6
eclipse-gmp,2009,12,34489,24621,529,2.,490580,9868,1.020581873851915084837886903661300335727510069842835683970478556305712494575226151658452147039021746854645007006882454306052002833550592000,4
gnumeric,2007,12,46688,61583,773,5.5,432443,-14895,0.96552378615560348361167587971602352867235855166796039052393795837457606162150887383384914757488783988336237953046898267851932246350775730659328000,9
gsl,2003,12,82926,57972,553,1.,647765,24954,1.04006672971560626239322207584288752256771628194469105171489365524301832864027275563582940918654362053507802426581882826170211716130000000,7
vimperator,2011,12,2491,4295,203,3.5,32522,-1808,0.94356525267538704447753878672017194796877999797660306845922364045398331699008295929116155407910207670250253109538602328112176099491840000,4
jcal,2011,12,5664,1925,42,0.,5343,3739,3.3310473815625812389762625971116000000000,4
inetmessage,2013,12,0,0,0,0,11137,0,1.000,5
openmetaverse,2007,12,256970,221134,793,5.,155920,35836,1.2984244362287715213227628903063590170148889422770124697755728804425302239587529599858110170780481601267590356496956899130668812753220,1
spectrwm,2013,12,25,8,2,1,9234,17,1.00184441792290042921874640,4
taskwarrior,2011,12,56307,51890,1497,5.,38982,2615,1.07190584870843487496022526269738800365769340177210421806465517041056767255100546153849265150724883398871552539937422833558979280262923200,3
qjackctl,2008,12,17968,1392,114,1.,29742,16576,2.259000455793830551808840856215326103016017865596160132095575518944712257843921240183787028480000,5
ctags,2006,12,4401,1901,47,0.5,27448,2500,1.10020843354100268821892605374237523609797614951504052800510490912403159040000000,5
cheetah,2001,12,19307,14587,450,2.5,9987,4720,1.8961458137115793569232239779826515221391620733663083763081520580,0
mapnik,2005,12,33713,107086,108,1.,99462,-85003,0.1234002619528539191813391936416934247898961464858108008510667719820845033297797903338812125881195533992362803200000,0
proftpd,2001,12,47531,19680,324,3.,67432,27851,1.7036456886368414111492827586714007148388702369459386270655527702777156925946580605793326307009497342959861443228918742332841426760000000,3
linuxmint,2013,12,7767,7535,105,2,440937,-214,0.9995142005535812983514249328234348645180,4
hackndev,2006,12,92709,44195,252,3,81808,48514,2.457139426511014909799377697222081364102224675520665651036302194751741713328167976496102400,0
findutils,1997,12,60,20,15,0.,18462,40,1.00217131690359070832368687376516993875881692630882000000000,1
hydrogen,2012,12,25996,20105,202,2.,108812,5331,1.051516703555610799895242389983759453767911808846032007509184484829773590508892016410728677629487931513228198355749312709552720000,5
wicd,2009,12,70231,43515,1431,4.,26234,6974,1.362097611634941791482264764191635262248200918813417159105712261690461862753372924579947775488176205790663862469374131142025754181070052112640,2
pylons,2012,12,257749,135590,2538,16.,208641,81033,1.6350150461309989207890176215603736978531277590538521212984140187134859076365408220130423568018150659380000467977419605453694718480384,6
helenos,2012,12,833227,397026,2013,7.5,482208,39273,1.088708238367730224879278705736587902216971025053385964390266539588166763483845220032088529807864298935203813327332012954996955284554504762393972800,7
ncdu,2008,12,78,382,16,0.,1712,-304,0.822429906513942163982615512583820000000000,1
cdt,2011,12,186610,92812,1839,16.,1219495,91744,1.0813512912036637974475959899448591783144506912988705439967649659998500106001425735530887793245226701812539504883968238567211934702471596160000,9
netbsd,2009,12,2761843,3931569,9623,61.5,16546053,-1169726,0.928873033247859197884039712714935893191882809381784320960715887037840550111751286590109622649662989189812818560351847310161838241514814080000,23
enigmail,2013,12,276,253,17,1,30259,23,1.000760682629948424682715400,12
celery,2011,12,112492,87845,1808,6.5,99595,16478,1.19825065866590277367896801785758314189834751440040155466072783703405057253857137531863073986387795808824240350531397163091014499230347417600,2
prosody,2012,12,16120,10760,820,5.,26667,3252,1.1396307427992342501734732341242714524939714077285122902118996979305576345882205018210744750244785309693018450768874482564973246807250421248000,4
poppler,2011,12,20119,11340,576,6.,145835,1598,1.0110789880528291812207275095173737050199147226998631090863196913983710768285072525094808849712525784982707794642880891888822416955329330212611072000,6
CaliburnMicro,2010,12,4575,1743,155,3.,8432,2535,1.42987959982031647621624282807422485167845908248524136445192371200,0
phpmd,2011,12,12541,10542,161,1.,9984,1580,1.188005711627254928859702878708868246414326874386809144073405823714432000000,2
sugar,2010,12,14724,10537,756,7.5,74738,3436,1.04818939159932938780612206273294911716199459786553697654009799508848155226568285412819429829209857166715678168824241319621233099928475241692160000,4
anki,2008,12,5947,17989,495,1,12345,-12060,0.50583896743810052810343284117500,0
linux-ntfs,2009,12,61261163,30247020,59624,697.,8267925,1622325,1.24412016974686285722806563410925876862790726136665354289886733291763827653518808696843414567700401102791335206211395743313108434788763200000,7
u-boot,2007,12,1592753,1535133,2634,28.5,768309,29763,1.041033792949235753207106146361052202920573058661822015197791079937487206793890473029341116206072985665217141551039206464106953001581402726400,7
nltk,2008,12,45809,22931,831,5.,68532,22878,1.50111709813692584234961064796083164970034675554491148245573339754222577582769514788097682314676790737517563088208834471511550944400000,7
ekiga,2001,12,18897,32620,252,5.5,17160,-13723,0.5556455007402633748809140464609883115115008,0
chamilo,2011,12,600225,515097,6832,6.5,629256,44044,1.07526161459092790901375904113156309060995282325145672695080849824327237701118067407915241437922180654399689435760903960941768220864670720000,2
sinatra,2011,12,61462,36053,987,6.,48094,14699,1.526430771432689388804300441665504598717466843164111091411151454606590850968785394028357331419296020959232392320756779204165664340000000,4
pyyaml,2011,12,85,45,5,0.,12505,40,1.00320898515800000000000,5
warmux,2012,12,0,0,0,0.,422475,0,1.000000000000,7
umit,2008,12,137305,79563,832,4.,58732,44249,4.0552371746454986060811510613045060309228233310352821519548048548607651642138519844791218725992136427728235342857638127200000,1
chemistry,2012,12,63321,36622,444,3.5,172303,26699,1.183367215183146885579013426715238904331909358157553005865423011712093659186854242913445068814699240164768265330532735410256785620271104000,2
wikka,2007,12,17483,11332,282,1.5,31116,6151,1.2463849388767210995435890862571190520708908324293519150474537151209071936274124659200000,2
SqueezeCenter,2004,12,142417,27977,1214,5.5,187507,114440,2.566233730544339470162927419851353171093863535014166934355731591655754968003073155523442613276366467216142528532081405905809620992,1
scorched3d,2008,12,227930,24609,51,0.,488724,203321,1.712399659402681178553185098079922265979648719200000000,5
debhelper,2002,12,574,243,70,1.,2455,331,1.1558380414285901310478128497032628241689785881828831126854802357336197230926603207926548950874866838969438743785507254732016391301533904404480,3
rdesktop,2012,12,1327,371,29,1,43568,956,1.02243499483980396010263292446992863021958582475621317823948691876452533376000000000,12
geotools,2010,12,207691,266185,1233,12.,1620191,-58494,0.963122722512283750721667220267498645874164603506495178229079285302494056458261132063103028020656609984837244507878338244438178477219852472320,8
GDCM,2007,12,339883,289681,593,1.,195014,50202,1.428110929355327263135556873111744326747587203121845479864368062530344781418441803470032122213834481875006502889237881100857395200000,2
open-xchange,2008,12,354845,229340,6199,13.,438765,125505,1.4006416395256552057823216372433963100223162419549341812676318849185077491600543741908203045231240686958182361553912252384628719616000,1
OpenOLAT,2011,12,1205196,1564491,715,3.,710934,-187991,0.734888259963439236218070552759401962936965923065174490487513866185719652998308736000,0
akregator,2010,12,892,186,53,2.,29681,706,1.0243658326155071821985983291200073405601709745678227731943502710467145713281309693578632493264091545600000,5
conkeror,2005,12,2145,799,84,1.,9326,1346,1.168671679195542605081389700685801575384254753564680142111839497995251816674954563200000,1
bpython,2013,12,69,6,7,1,5807,63,1.0109679665737074081251330,4
jboss,2011,12,1061883,674577,7056,39.5,1126612,387306,1.523877798896835548654650089493561978598810070224232160255117962891062449200236717577770113728345443319974879322569375590015862400000,5
thin,2008,12,17560,6929,346,3.5,12444,9533,4.27481964969767288991585828466019999236135154990986477213901126940589602239903887182783938238133270365007005745142029332814233600,1
otserv,2004,12,21109,7628,275,0.,17315,13481,4.51617110057275566000000000000,2
xinetd,2012,12,21,2,4,0.,31555,19,1.000602486047700000000000,9
otrs,2002,12,50026,31697,853,1.,25747,18329,3.47088163868549047948507421377514833790523282302696401762568413185110092026928353025338334847366130031759600650000,0
MicroB,2008,12,18491,37465,548,4.5,65145,-18974,0.69314120295962800955993722303129374974869928780275527741546284648408471103675255778520212589609617568597262663750799397286388562382028800,1
tortoisecvs,2006,12,39233,25829,421,1.,214918,13404,1.0665296762918078462836162438635827851409890110584061589255842033597269855484295099371117747679554358798137700117985084471723624090967906631200000,5
ccl,2008,12,206593,174968,1616,4.,282406,31625,1.1261060447214638306057743514495308326289504777809184407747333626336989407026120647033289000539020062613292899428342471968911004603657350000,5
oauth,2011,12,733,2050,29,0.5,131788,-1317,0.990006601565128455893596849042404591555921089142374847785331964420000000,4
coq,2013,12,11591,6983,211,7,348932,4608,1.013382744158741594252345474909124960,14
flamerobin,2008,12,9141,3983,210,2.,63067,5158,1.08907078347972881146123417416823589377999954305829455569151072729991020594784382582226444167218586773795300693719558315477487383492732963840000,4
elml,2011,12,40063,22458,49,1.,145727,17605,1.13740809541021891187510368203485816034984149258489636497428539217508121933342756232968960658086797033437796085760000000,5
eog,2004,12,11106,10742,166,4.,31788,364,1.013968838790565974724386797456009582623364625631151014249994124680112643487780706279759849129291557192492931259631175206490312122968872960,5
freepbx,2010,12,72212,36898,2220,3.5,158251,35314,1.28725282053775346485450378369709126683782497262071091041303766473896487531855438806067414234290114249303244714375151110722088237300769792,6
fusion,2013,12,797,319,41,2,168498,478,1.00284489941662719874758638221697014400,7
openredalert,2009,12,2293,1992,71,1.,35420,301,1.0085708590783736356305660898101908773024532364253219415816714803189202905951907953257483840000000,1
putty,1999,12,3329,748,82,1,9187,2581,1.39070541929824758452357561107774598181813434220493222251816345262848217660526299034688000000,0
wine-doors,2006,12,41980,30154,420,2,12425,11826,20.742904843639102356398768465547886514936218648518130841862994226677302680242264008916976271360,0
squid,1998,12,279773,211851,7800,4.,268204,67922,1.339131824134472053778877416780365026182600201259459238264958739822764082824483254059878550979412807389562802631698047896112866577280000000,2
audacity,2004,12,17487,5826,244,2.,65444,11661,1.2168157224399423622248613875526416310022781920160749811824260783164228111685619103305802168071135971031208482210563430865713809860239904000,3
gegl,2008,12,68349,51576,1210,6.5,76182,16773,1.282330959955244483273348523229753130943702672890806148710478410514162223330105969048803037123248366902490284707213731518717143856896000,8
eaccelerator,2005,12,6879,6127,81,1.,15836,752,1.05013667577771814034524220313149823422988588508842508776662873958385119480510844638716982349824000000,0
pyglet,2012,12,36635,178617,122,2.,518255,-142200,0.725586457632871215973107415557686816415473516012803531872573452944713326108245012496308488658815739228528078660790659340112527186152800000,6
tcpdump,2002,12,15643,10240,307,3.,52216,5403,1.115416657771580263777182856104655650407176059872628619466528822836383308525013920989577189553677859644009000103376199185674436338438152640000,3
eclipse-scala-plugin,2011,12,51403,23174,1105,7.,27214,10990,1.677391518750094837109367079655549621133752253199596110986343777814619905412646624991626496000000,3
krusader,2008,12,13654,9513,346,3.,54161,4141,1.082786885249111652579404199759463551056659054993221496231061524910444355949315675013063746366913613742675812084273710376128778827487410324604000,6
libpng,1996,12,19712,11137,91,0.,72527,8575,1.13408493869687144848580000000000,1
jabref,2012,12,39860,36411,732,4.5,151414,-204,0.9986175958422389471050685569561625255026464322290365287431207121873256171804843812870941433328338371731559499094557682880349663804317559675699200,9
hildon-app-mgr,2010,12,1991,1061,176,1.,49033,906,1.0188255828433747404955124965260898491578743520407067435524019988189884316886377487860120000000,3
opensolaris,2006,12,1254968,409692,2978,111.,6862576,845276,1.140474299110334202187595143347807262864876380533983961354939205012265287483772311423223672056147173548155753011673973267003887760250880000,1
gitlab,2012,12,627709,73913,3604,20.,196821,185778,17.8231458838090096293381774486102801893925300586187748623920942417326268862548549165934872756239236606629761830465664000,1
opensuse-linux,2003,12,262021,203207,4799,16.5,114729,58814,2.05184655278462720268931542640222317755996104973136212915699549751881375924462140832252490967944384344918988834579975719044170240000,3
GCstar,2005,12,5498,3821,8,1,25153,1677,1.07143465667,0
nautilus,2008,12,50935,15118,607,7.,141668,35817,1.3383718623025299987676432490155515730337454983850969825326924433695377228881212518420159179687731623287896821243989957630805607820840648168000,11
u-boot,2012,12,502828,258766,4178,60.,1160749,102665,1.0970291583660886504922562639650028683650147782242695031547151572492166039675465137443116268261485683115136305244035272166055257310637312000,12
kadu,2004,12,46594,33268,1108,5.,64620,13326,1.259796467426881447180436374158711161065172300738264930879610461079663506149493432163814210312370325324382889548489972916284600671338496,2
gzip,1996,12,0,0,0,0.,5981,0,1.000000000000,3
calligra,2012,12,1619046,1872379,4193,25.,1400331,-22621,0.98371130976787713556432060319642057493217218693506167881722059712795232797148961808725700858810868488982080000,14
geotools,2003,12,209530,121681,2094,9.,203464,87849,1.7598408510811147069641395531195071452652681852050842221692308206782440535755445403234100791544798436969980953802222891551933562880,1
expat,1997,12,2743,416,14,1,5418,2327,1.7528307991,0
camino,2013,12,8,4,4,1,203768,4,1.0000196305529927071088229663680,11
jfreechart,2012,12,356775,227116,174,0.5,329183,139331,1.783136796453301399728663196989305279341118696959920712800000000000,8
zotero,2013,12,56842,27416,839,9,323309,14371,1.0465174242113014450138892362333014,7
lm-sensors,2008,12,6362,71616,227,1.,76668,-65254,0.148031125998915518929780376288892883889289063549562129536496751931493427390074412151771046220755211700921539945500226025816958226174712628604636774400,10
wxglade,2009,12,475,183,18,1.,28771,285,1.01000491469404100672792755602049592571206261277033457786771346686373968761600000000,7
axis2,2013,12,284,87,13,1,448031,197,1.00043989612198932121416261243042929348232,9
python,1997,12,127820,84809,1974,4.,318849,43011,1.159295870107060118449915784893823798880493427834454201856809415863894477725392942405944046893630505364461714582548676704000469171200000,7
punbb,2010,12,202,157,36,0.,30120,45,1.0014962593519001834813186183907513139364434182212681000000000,2
eog,2002,12,8572,13714,226,4.,16619,-5142,0.76370571206895799534816339068406393805448117404755524069509818442678614674449108034478930400620200627733519128858354827452422371740360704,3
drush,2006,12,0,0,0,0,1816,0,1.0,0
bash,2001,12,36854,21547,11,0.,111449,15307,1.1592124149688480202580000000000,5
tmux,2011,12,11476,9635,407,2.,29751,1161,1.0406086044047055987518869855829213434798646340310743810723335741382321559654222681580270933120382960799871870610888146493667877442401284915200,4
crux,2010,12,8616,2057,275,4.,70672,6439,1.100244422647741305929800613656839777090229286222014611154812070392646318934294852923529024104582729505447759363800616785019187096671656407379375656960,5
boinc,2008,12,180310,117292,2452,6.,288914,60568,1.2652465994112949920408833184014541188724023344422016581318780491393008411967574128588946022111996662108264547254891946362081418281369600,3
gstreamer,2010,12,408526,235755,8307,41.,1256121,152655,1.1383413716467632855448373790147267019108295852422353592407590922463325464399830491424751488590732848745290130651528531345223355284848640000,10
kettle,2013,12,778478,679939,144,8,929387,98539,1.1186005141390900674707458041000424,8
msmtp,2008,12,11616,3367,78,1.,38936,8249,1.26881089710601401756255303010638884682437281209914194515105461020741331715256261699409777014771404959539200000,2
spock,2012,12,25702,27974,488,1.,55672,649,1.01193497375579638642674119320199872982289813683646941144213515770811512283975106928641297967689226313236684000000000,3
phptal,2006,12,655,292,49,0.,10483,363,1.035869565215816138714126459974779231573334695175905362700000000000,2
wym-editor,2012,12,7987,2232,126,1.5,29796,2564,1.0941539365395379258157586787800152605140066755673311149098314495579447911369187520000000,6
org-mode,2012,12,158853,134524,3059,19.,136497,28796,1.2673698479958434766798956800403195293867050327017707682365784557695341370757852153718113538867790370490659555778824250422058118499457400,4
facelets,2009,12,100,31,6,0.5,119700,69,1.00057681697355248780954643328036192530822499136058133088109945688949164241566848000000000,4
gobolinux,2009,12,2617,1796,321,3.,55258,821,1.0150816540226598753701257584635444214369739195520406628776206296022110357610246992250355380406895145986600862626008161373486655782237706551061853798400,4
kmeleon,2007,12,22419,5707,175,1.,65253,16712,1.34428627348705089298321981786110125169021687798463435407266339963743438652452892690492906467991949004927683800027580602816392195774729420800,6
dokuwiki,2011,12,62394,35188,1746,17.,78923,6486,1.0895398760179638173509698749936220273613705341368662980592537536416221087140363350243012099339479574646121422847738016440158554624419450219680000,6
clutter,2009,12,146082,104163,1788,12.5,99637,20310,1.25602884265075177612729045907392474321074449778722863934553456886184157974092102872366824663212895558457301522599140931801772969839383040,4
sane,2003,12,100996,41832,537,8.5,308572,59164,1.238053852213162903599330398735688015800664078307768555486937429451088152813200420246544034191880565865477664612800830636351586868861009920,9
openapc,2012,12,37130,15261,274,1.,48060,13794,1.402556469913904037746108714970745227508561728373372715974528529435342637890660392110613400316617226020812162926558807495210000,2
jython,2012,12,1102857,297961,718,4.,1074798,414844,1.6285953263718432869615287572482207916322494366555925410921592884471228632047737936191286303735364174086655421742799184616241241243126466214874880000,14
pango,1998,12,0,0,0,0.,86,0,1.000000000000,1
pokenetonline,2011,12,0,0,0,0,99072,0,1.000,2
habari,2011,12,41377,39096,1780,6.,47153,-991,0.977297198226732185148548268895637032864844642723406470754345511876712509107418172431515422432495072675530402564430064032376118056857665536000,5
arquillian,2002,12,0,0,0,0.,2,0,1.000000000000,1
scintilla,2000,12,48790,17721,1155,1,82378,31069,1.6055272954249040186714995597767620825799207362095739804752737028725810241052767102327954985519167632,0
openarena,2008,12,556,10,16,0.,181582,546,1.003015974723472337684699597935422347520000000000,2
gzip,2012,12,484,488,38,1.,8463,-4,0.9995262347516963770539638142592371117371212560686413028732839881254370422203672010748058742323200000000,19
libtheora,2009,12,113080,101603,313,3.5,78168,11477,1.28421782517338798650215589530446152564270303256595140590774442883255337139728571413950252660334625645962113853427067456000,7
blackbox,2003,12,19851,32639,298,1.,36267,-12788,0.63791834193154032955983913173341414827155465478709146836153674132084195490955379784046785152250072768641461784921874432000,2
nifty-gui,2009,12,74253,22585,542,1.,140781,47063,1.50217674298762993919969206532390820425484504714040447448171910147261730603606545484094078589979818585631527510720000,1
phusion-passenger,2010,12,134832,54720,1029,2.,169826,72614,1.7469653952449230328321519037224956972427377569066227986962236726989884820368969070948991994796859499388023566707093273222861555015680000,2
simple-invoices,2006,12,80732,58562,944,4,142598,22170,1.184093400201542452726978290657136,0
netcat,2006,12,100,90,3,0.,14433,10,1.000693337031100000000000,4
brlcad,1997,12,70197,32989,1576,5.,429785,37208,1.094778858664524204207247824294081211307823877076968454644298738288709731082991373627746888399701303591417336453041968621994420567630737035264,13
FreeIPA,2008,12,44291,21036,1192,4.,31196,8945,1.402004404280930843079169109185340168523525799982614447509386035459619988525155003599100847158128343837670324765533395151302020366960000,1
aquamacs,1995,12,500516,156452,13880,11.,739858,172032,1.30296604951094057692075569886186394331015496157636630062419339131511319581980613998926030951118825495619801801673259399983033752359602200,10
ubuntu,1997,12,0,0,0,0.,6032,0,1.000000000000,1
keepass,2011,12,0,0,0,0.,2284,0,1.000000000000,5
free-download-manager,2012,12,37270,11189,16,0.,660786,26081,1.041091530709472628881084028578113382641925352276000000000000,5
shorewall,2002,12,183630,92014,514,1.,97612,91616,16.279519677252531012920749178126641961697895541537445585863209230257914900084469725440,0
cyrus-imap,2008,12,18095,7252,575,2.,858695,10773,1.012705178070877176322470156345347848991803316373995816413969723890632126119857904679714507673006991408072213967516896753030917120000,15
hibernate-tools,2004,12,11502,7261,46,1.,9726,4241,1.7731996355365831714876485705012925576442930657591754701716803360000000,1
sudo,1997,12,29,21,11,1.,7943,8,1.001008318628742561534877548075192071106000000000,4
dtango,2008,12,88313,39601,1019,8.,282244,48712,1.208588116401324009968103734829250393081923959173340432245241431732479387055014084591539605862804832103161674383515935035180708955864868864000,2
lvm,2013,12,3678,1923,97,3,116319,1755,1.015318948360305899072041018373444025,12
gd-star-rating,2008,12,51586,42561,477,1,14005,9025,2.812248996159703181471733340770,0
Rhythmbox,2006,12,67607,34058,1262,5.,103942,33549,1.47659568426750998755297159348003021352142324713756403172692573738985550337305170402957318876073731723776279184057651811636971920000000,4
php-js,2011,12,23784,18573,144,3.,355012,4801,1.01370887836258461354583970151688606890655698770867064972083198729818999960619895984109282401571427278072390866666490946497775972449323540480000,3
mailscanner,2013,12,270,180,12,1,43508,45,1.0010353634126023707062289080,1
openmrs,2007,12,186855,221624,16,0.,258837,-34769,0.815689870952474605880000000000,1
ispconfig,2013,12,15695,9216,40,2,319323,6479,1.020710002431170300902310,8
ubiquity,2012,12,19,25,3,0,35134,-6,0.99982925441090000,4
eventlist,2011,12,0,0,0,0.,29191,0,1.000000000000,4
subversive,2008,12,52343,32828,732,2.,96265,19515,1.25426710096945557292248678375264611486677114648401474530845201745430311487512151449252040228559901959177902871354970406817172774116428750,1
squirrel-sql,2013,12,4254,1274,40,2,1391077,1807,1.001300683092891882930017855619987251328,12
e17,2008,12,42380,21493,544,12.5,208233,20887,1.111488902881878025890195854824901731415439360,0
rdflib,2010,12,17567,38947,129,1.,38307,-21380,0.441877463618386174500017790945750476221055871064776722545506481171997487830867227080000000,6
jgit,2013,12,29849,28065,153,10,133262,572,1.004310799607699308430341925032485884,4
jruby,2011,12,261313,200410,2779,14.,694540,54109,1.08448841483207134135242759937967533374844733431552569329440789435341190054505591192986959894902269619704042898320432166455755019346424496128000,10
otrs,2011,12,279231,178807,3022,12.5,419393,100424,1.31483937316658946509134215941331693678076699572023670207445854522834562264505689106547865088816903751385253169900589953126002340480000,9
hyperic,2008,12,1507590,1097506,8268,9.,1439396,410084,1.3984059254995584965267759868023767265261454279118551826334623964644667044916943082178182716258867168212268730820180836135495718125671936,2
factory-girl,2008,12,1181,341,34,1,1190,828,3.2872928176140430752245839852408485239645510013551285518143384000,0
pekwm,2013,12,136,49,9,1.,31242,87,1.0027924891670,7
gcc,2012,12,756243,341761,7537,70.,6344629,414482,1.06989405153619387287386773151897942114342266816439436737122110618478999208879414933425126579317352305127305603310560258314902657465434175488000,24
cogito,2010,12,0,0,0,0.,6648,0,1.000000000000,5
fontmatrix,2013,12,0,0,0,0,125496,0,1.000,6
gd-star-rating,2010,12,698,635,12,0.,30158,63,1.00209337099200000000000,2
stgit,2011,12,201,147,14,0.,18599,54,1.0029176572291446199984489185334388832000000000,6
jekyll,2011,12,4345,1672,130,5.,3675,431,1.1328606658478393546967144450853814131765003827893454868809701586078396897106282488101712263246592320000,3
novacc,2013,12,96483,34743,1926,78,174788,36599,1.2648474190818951306369905218575,3
ajdt,2007,12,3768,3295,54,0.5,296921,473,1.001596285009901780526572076609012433257760741993672278002673840000000,3
vagalume,2013,12,36,16,2,0,14624,20,1.00136948781200,6
josm,2008,12,126837,73015,1755,9.,254796,53822,1.267805785837583179001616889582677182016494180316040875056607721000623985191335701808825810321369112891032843854558315160749220815822848000,3
shogun,2006,12,34642,23104,500,3.,63728,11538,1.22107683470759776874621020934040391768286517590679480728248258202112,0
fractal,2003,12,54931,28345,218,1.5,69696,26586,1.61670146139252182749293437102377155121431977274767583082827722981948087354715257895763473063231855296695576500000,1
openoffice,2005,12,545241,241367,37716,8.,5792017,303874,1.05536918407876376065041099294106731152362616529822026680269479578184942015254132730458495845517292783020361448124365470043928566133946207135520,5
cakephp-media,2013,12,0,0,0,0,7248,0,1.000,5
miranda,2002,12,27,12,7,0.,34000,15,1.0004413711931729947949298390000000000,1
rakudo,2007,12,1296,549,78,0.5,1249,747,2.488047808799475360535117560758524336627520000000000,1
xampp,2012,12,0,0,0,0.,136743,0,1.000000000000,4
stardict,2007,12,183456,76002,348,1.,214636,107454,3.033842484681979353551459542114883579849877983605322126231794581484110734835086321218037855234365658720280089299230760423089368313600,1
valgrind,2010,12,68537,11203,591,4.,430334,57334,1.1537104557692181740595184623278012781591310576933314685954403420199699358324137928402403379316529350678383486580084223168171028638937615949200,8
opensuse-linux,2012,12,40633,20197,1182,11.5,953624,20342,1.021796198791162954098544676165169027633890318382024744399849958580113240096882455597652721124142416093451156918015709230735100900623309570054898400000,12
tapestry,2011,12,210900,171410,2384,8.,820386,39490,1.052164792656778540726942835977669669626593560286316209830846184725534869879126661742579402321495256451828726854125819198764350637471538616000,5
apache-ode,2011,12,2928,711,57,1.,143587,2217,1.0156822522428943226411626622204690105012375573808000000000,4
inspector,2006,12,2029,3956,122,3.5,12439,-1927,0.844333144868263799505472929874741098649363261068212145926609508252180450439521555415139025022208276059315831565798391036320494080000,5
sub-exporter,2007,12,360,160,27,0.,2122,200,1.10405827263815849231866486088683857868012965986768969327750000000,1
sass,2013,12,233,92,23,3,22125,142,1.0064595369148926860718283342891544022,7
DownThemAll,2011,12,6995,5155,305,1.,23222,1840,1.086853906058803843632685011065844535337750307095184009239571487119045190142058423462281713736269390094102470131929443034230856218711392000000,5
jax-ws,2011,12,30920,12720,432,7.,245681,18200,1.080006681874956675084168955183487118087141946395917042486170476492840804286297074522813443913668688366527716008283046019968125159898562798168000,6
iproute2,2007,12,4011,1569,135,4.5,37889,1967,1.05475753019720334755983941172603151811639378802439602734061534743106305530280105568477896635110369121230605834483210189078931859736000,3
udig,2013,12,51175,38810,211,5,482026,6413,1.0134836516244110902379168220235233891,3
magpierss,2002,12,1243,99,13,0,1440,1144,4.86486486500,0
glib,2012,12,54444,27664,1421,23.5,388885,24569,1.06743870705396627893650798757483792339799038257578838491483488076136866697226757440316756359385454053087854177827254727655817425532858870240000,14
rakudo,2006,12,944,510,48,1,733,434,7.38235294115647762735383061438480555515020424870051840000,0
squid,1996,12,175160,129932,5047,2.,132466,45228,1.5184437973749781885966337768312555241046467791507442027403859559058061783059808813868669425392435200,0
bluecloth,2007,12,0,0,0,0.,3451,0,1.000000000000,3
h2database,2009,12,48260,31314,1247,1.5,135714,16946,1.1426815303863252856242822724627959867431651745288733875083047029203390484337770426021755446233187135479260800192219681916286181700398145280,2
ibus,2012,12,33058,25180,257,3.,65617,7169,1.1226560361376136459479869741334015219605460818963440734426795332456932254043444535286782566200266288525023956143168589290885009643205377514700000,4
smuxi,2013,12,963,368,79,2,60720,381,1.00631547540096365591301580560544164396,8
xfs,2009,12,32,32,20,0.,77172,0,1.000000000000,16
git,2008,12,213781,107032,4469,54.,232721,60843,1.35398945764634461696431974495528528929546328433459348759170724594412485705280786557484807331674245374132205363148363432478500444240200000,3
coldbox,2006,12,114913,62856,320,1.,111277,52057,1.87904424180598741482113607355626398434442160,0
ntpd,2003,12,738,58,14,1.,1346,680,2.0210210215213702473673651262293902774204188779096003512000000000,8
adonthell,2004,12,30499,8487,171,1.,90089,22012,1.3233397476617912077580943340876207503232860516518953290478376323202993190550517546176785781433073301657427590159478567126250000,4
krumo,2007,12,3687,3697,30,0.,4366,-10,0.997700620832167505120422354293994968000000,0
phpunit,2012,12,4867,3641,608,4.,21301,147,1.00704562883869648382418592537874415671711731926138668150520022305628854780571425538466867205214327331738800993211024199110126044382773140000000,6
hal,2009,12,7564,1990,404,6.5,82898,3573,1.0450425464878745597880753543885390985487942653346441115882538107340397749650707844104777960549933107300074065918699586432000,6
FlexSDK,2012,12,0,0,0,0.,2038073,0,1.000000000000,4
nasm,2011,12,2967,1223,110,1.,57348,1690,1.030364008766302709291723781516327893628811420841580901116942227134367264829295154465620480536037602434074998874015722957598158708070809600000,9
kaltura-ce,2012,12,2654014,1918942,134,0.,2653995,735072,1.383064875500000000000,2
ode,2006,12,29542,15513,326,4,99582,14029,1.1639840562967092316484295905482805612327540448076909148965538649509299240639881836802976514750977920000,0
db4o,2009,12,615778,485847,1720,6.,905397,129931,1.171913701130771151392212338224721085232571211388916151537207365501857525343596863596903670862439793079655596559704184044334877027860480,4
mapserver,2010,12,185723,128608,836,8.,219845,31759,1.169946916685045330068018334576211626761434739599911348474149682158236480189311252735875559313466177005980848984261915534934231372888676038400,10
xinc-continuous-integration-for-php,2013,12,22606,22853,17,1,23140,-247,0.989438576986124846636520,6
rabbitmq,2008,12,84855,27674,1388,6.,49981,48645,37.410928146029398938722065864604746933152049661346466008391036152000,0
jcal,2012,12,0,0,0,0.,5343,0,1.000000000000,5
nitrogen,2012,12,60,6,7,0.,4297,54,1.0127268442142920118602840000000000,6
warzone2100,2010,12,1366271,1614786,5320,7.5,893616,226089,1.341644415604937867462164257206014136294230927712976360026322477409759587240380925201359175933144483918271875309595734193311560009006740930560000,5
storm,2013,12,139,41,12,1,24043,49,1.00204217721127386668750520,7
milkthecow,2013,12,43,22,3,0,5039,21,1.00418493423700,5
nixos,2009,12,51089,42149,1879,7.,18093,6580,1.5715278381245647147568826073462209714288982472967498824040212895754577425342495795787789583671036370442805760000,5
smplayer,2010,12,80702,78144,100,2.,339827,2558,1.0077762577898227717023314257994965810497296993618619955565164141393460025051829821131273270895537890593873653555081658935134688420607033934917632000,3
konsole,1998,12,7694,2427,74,5.5,13182,5267,1.66544535695481918916,0
xournal,2006,12,16675,964,49,1.,15863,15711,104.361842110641482848492213497882709269980208419127024974359980846485946432000000,0
log4perl,2007,12,791,236,57,1.,10881,555,1.05374782103438713540514178604269854024249934357152041338858311824278086800435615928225105410684805157556567324249626624000,5
mandriva-linux,1999,12,23637,10541,695,4,17899,13096,3.72662918990081037603684015208614734459378130327240,0
apache,2012,12,1181299,1071862,3447,15.5,1645663,109437,1.07123756529796788168927926707731827850019914148303830872574594179679248298512405771517473677223080225554382539642566291782829030778942259200000,16
tango,2010,12,2,2,1,0.,3447,0,1.000000000000,5
tsung,2008,12,15180,6303,233,1.,29840,8877,1.4234603825637802551190576821322351707462296384959049350053403859005672820274349813924850228518220566144967249652320561480373933755596800,7
wsf_php,2010,12,5593,7572,194,1.,60391,-1979,0.9672166451330598514433748807102341930582459635917919234182832911224987552563735054806325007294664000000,3
claroline,2004,12,245814,193559,2431,5.,176789,52255,1.4196042847473636034416549930204297718162613861457584166744775096320,0
abiword,2012,12,236234,357787,1303,6.,949069,-121553,0.871235273953354222661155726936984543833572230770674669981520904141104630468169486321141452082816240365666357072117943311395411735313734045541072000,14
aptosid,2010,12,740154,578833,2422,15.5,57457885,161321,1.00281983424697983424746490753091652051090614539509957288760265825161833193470380686039640404916394497221402876766924637077757758633248675799319980367052800,5
remind,2002,12,0,0,0,0.,21540,0,1.000000000000,6
resourcespace,2009,12,62237,12365,2418,4.,77113,49872,2.83076979558704862629296088140651460964342439467359627723935143604623864719720039378277192552391039046357364616413980143274654928000,1
ccl,2003,12,6871,6111,80,1.,155212,760,1.004920622588537047069281,0
mplayer,2002,12,245120,119828,4609,22.5,273506,125292,1.84534524403881014349096498590585096277465748961191742708638868864090267715471036420960174732393972080588918825514838036930419600000,1
unrealircd,2000,12,95754,58157,621,3.,37438,0,1.0000000000,0
poe,2000,12,13349,5119,175,1.,14730,8230,2.2661538461524563193349343513797922034199709319162204800243123851063166842183423478445615875750628796484496623531471619634943098880,2
lambdabot,2008,12,608,461,9,0.,21167,147,1.00699333967600000000000,4
grass_gis,2003,12,247732,87418,2996,6.,728286,160314,1.2822568718194969804170414606649412780046607487925815053354700382687885280787588588086232170854407707186867895366318686387428187200706560,3
gobject-introspection,2009,12,16088,8606,549,6.5,31157,6776,1.2779213321768945733624686975114361909096849792092579498975155061360552409466775587937896632219275248066798017476635098154700853556040171520,4
apache-axiom,2008,12,15857,7726,249,4.,55023,8131,1.1733984474988617551299644843510801162090237679088576891461160085496980759098288522109808489624447104513106428394247811117225301234606848000,2
xcb,2013,12,27,5,4,1,63923,22,1.000344282562100,12
sapphire,2010,12,11352,5505,50,2,69724,5847,1.09153529439,0
qsynth,2004,12,2477,1248,83,1.,3841,1229,1.47088122599558566435365728202822879576600258765910941259018698858570713970972575527642713536000000,1
rsnapshot,2009,12,144,60,24,0.5,15124,84,1.0055851063828969977281596745847065736672098156836725261625786160000000,6
ratpoison,2013,12,369,240,21,1,14951,129,1.0087032789090191428429940,13
modsecurity,2010,12,65056,23834,82,1.,85129,41222,1.93884801963725332443595006627890284015806034785647830632116961615989516130399900609178716875000000,3
ffdshow,2002,12,79096,44252,725,1,80568,34844,1.7702884933731233203366246693034254637473013456034247820115723071113039565424,0
freeswitch,2012,12,4091487,958018,3806,20.,2627281,352472,1.15494575589330907800152943084610702067534511720110792149051454894688383450559666872184530376009860299370504533655634040522138536323030696215904256,7
uClibc,2012,12,5100,2526,265,4.5,342026,2574,1.007582809940880469542156909084361645600667772895469641099505354550755126988219217022976412254489535390410848446077418638054184022631940337172480,12
gnome-commander,2003,12,40972,10173,206,2.,78312,30799,1.648222591712215827055174055244012111136956912737253880288705402514857225403626154573411090450900055773675520000,2
camping,2009,12,1846,2536,52,1.,3850,-694,0.8238578680229742580285606197749347304628042078059631669989347245436137016857251323119819468800000,3
argouml,1999,12,43758,18220,84,0.,74313,25538,1.5235879035407704744229746113818781765803283619153256400000000,1
biojava,2013,12,2378,673,72,3,290590,1705,1.005902002526570327769124939317008800,13
deluge,2009,12,94392,130186,1539,3.,120221,-35794,0.6997978746777583184635147495448233904451084136826361367355311320779620662050974756625541402193314458541145717080206376052871708125440,3
Gentoo-Sunrise,2008,12,37468,32122,2197,26.5,24132,5346,1.28457361865885529753494540352240944643950946113067314098559958842475419632954004046181946541674764856355346898413159901828735963712000,2
jekyll,2013,12,8976,5869,259,14,5748,-8,0.9985719385115598775879398897948,5
virtuawin,2007,12,1211,470,40,1.,1732,741,1.747729566005566860812237134922629662103442439300924446728585494128950544044357331812945920000,7
embox,2011,12,101864,83452,2185,7.5,66118,18412,1.41339051170046622455142219641111409672672491214664458323719118200463336151246757924278094545689542468452834063833839760788242800000000,1
gnumeric,2008,12,25984,17318,622,4.,426302,8666,1.02077470022133868442192967537727399988907050389896765837752052754203248718675917498901051639857457195934154893695534123128396128109533343068800000,10
saxon,2009,12,145755,414,126,1.,754987,145341,1.23840228592758084671776301762922910657222148163764095176188917620703391612882206226573887485080478235668321349778601064124975382055255207844692611204356240452500,6
etherboot,2012,12,0,0,0,0.,368183,0,1.000000000000,14
stgit,2013,12,0,0,0,0,18871,0,1.000,8
magnolia,2005,12,1246154,1007993,4274,5.5,304128,238161,4.610305152343066898004633960426999323280679539800623107506042996061707107449560263886724313223339740151021242546806306874368000,1
system-config-printer,2007,12,25016,18208,1324,2,109773,5652,1.0542829976578797032895359632966590647369983300327737675744,0
cogito,2005,12,111482,88209,2221,12.,29122,-1236,0.799805636223378323458845105251752096439915354873831427636078664427826778310546400,0
pidgin,2011,12,179173,350005,1397,11.,352653,-7184,0.97938730011850684564606043802998508863269794879728457872912525969405150022145290685906003671080465997492133180823198046002016254580613268400,11
gendarme,2006,12,15,7,5,0.,2948,8,1.00272108843500000000000,3
gettext,2009,12,7590,149547,210,1.,503987,-141957,0.716967363621379217211822308233666948826422657863337624660406325416375169699973061712100364482511553914722427411037024598491675929154750673799355223968000,9
distcc,2008,12,35026,26582,296,1,35587,8444,1.311093099540529867827949310843521119860964697195168666497225838321733998513080882572630915062500,0
velocity,2013,12,0,0,0,0,42200,0,1.000,13
krita,2000,12,201091,144007,2495,15.,272702,57084,1.264745986008164179684263164440343888148023974327538130109909021153992991868010897313872920287107856539898519492619082649375039087641600,2
go,1979,12,0,0,0,0.,3,0,1.000000000000,7
tint2,2013,12,0,0,0,0,12293,0,1.000,5
librsvg,2009,12,228,95,40,0.,42049,133,1.003173012691869904551823047536292202033209583662096000000000,8
mahara,2009,12,601361,324613,3509,6.5,334374,146061,1.77562887310404672139082489687927287076602318630119858380097223367295878576027822308413676046475596139830774280000,3
mono,2013,12,142092,121165,1107,27,5922176,16019,1.00271299573893021423628546162112221050,12
php-gtk,2010,12,2234,135,62,1.5,404867,2099,1.0052114368568385892016042696781553104579332215642810806322504548941559700537119961811902531584000000,9
MINA,2007,12,81606,63148,854,3.5,42635,18458,1.763452868520155599170359281472383143889819111488804783507154323225112910188221825841314401952660391304804885906950880669958768768000,1
gobject-introspection,2006,12,48,33,2,0.,10262,15,1.00146384307600000000000,1
epydoc,2013,12,0,0,0,0,19417,0,1.000,11
gtg,2013,12,2662,5361,61,3,66858,-3002,0.95702834239901079173780871427113071,5
calligra,2009,12,635647,1059110,7191,29.5,1367435,-101333,0.92569352727234903161473316549049250547531167809116344528971069775161065537561388286266875151280608249217511700337128226227657036686458880,11
rvm,2010,12,49172,38167,1593,8.5,17668,-3097,0.81319741840213248581594533076573011321126421339535334002196399889208091282265199059476619987552718224793673422383929491456000000,1
mailscanner,2012,12,69,80,16,0.5,43472,-6,0.9998619705997051210475077749071740301865196875951794688000000,0
tvbrowser,2003,12,53872,31586,272,2.,37215,22286,4.357336548066945522863146469972116126263884927921341687887495116151420480,0
qsynth,2010,12,13184,11818,63,1.,17311,1366,1.085669488868732583195241022978701343968735899615445304200922877344160635024697194304000000,7
gutenprint,2008,12,176375,119750,442,3.,183193,56625,1.489594231245931800039589985802527718631930041542964670973484010760675332169143719471280692610319967379701420562403700090037117595819942688000,9
midori,2009,12,36833,14361,1291,5.,44665,22472,2.0125715314254232291407708523201733699992717819479646452230059853904724010239271368754133736813325929989054463437249888694611855360,1
openfrag,2012,12,0,0,0,0.,952262,0,1.000000000000,5
mutt,2013,12,253,198,25,2,93179,55,1.0005906103689433754389052966670444278106,15
obs,2010,12,112611,73215,4008,15.5,126185,19964,1.1879477692874690449675611079854342086537595485838624099712957430135804909388781278999376121900441049907547945933693147517445064899584000,4
freeciv,2013,12,6333,2824,201,2,363122,3509,1.0097577117622730614204301442362050020,15
openrc,2013,12,196,68,23,2,14799,128,1.0087246949763095125596087533786577040,6
freepbx,2013,12,9996,4779,475,4,175723,5217,1.0305971637332379080759205984849888,9
perian,2010,12,2229,1264,133,1.,31815,965,1.031441417961277266111970411245787599060139951324785555937747552920818328247766853368227722141221731405894725562110181960800000,4
annas-graph,2010,12,103542,104853,97,1.,55743,-1311,0.9764306131986092765160194613242252417846452515074865906972476534292865624545298858303220610728399639388536721890950174368000000,2
viewvc,2004,12,5430,4488,183,1.5,13131,942,1.07964826244120841875437673787714451166340613723474480150447267351625541110361713805019577164293847014110137482761258974988181433188704256000,4
liftweb,2010,12,728437,450313,4049,8.,262112,109995,1.7230947232717904812060965334316271568072569283380134829380041514526408187883225276397587819022164034245558170905631023699729760665600,3
bbdb,2007,12,18744,17997,170,2.,80008,498,1.0062633630983290991289131317757523163129191428204166300677612471203030810986751906639704000000,10
perl-ldap,2002,12,1696,1434,60,2.,8340,262,1.0324337707304614277274677617342249443288190073225935214503394056233719347453816843804866116346653235381546616466156036403645800448000,2
mylyn,2013,12,4869,855,62,3,383953,4014,1.01056485383179646570523624565705198500,8
gwt-maven,2009,12,3886,1820,63,1.,17196,2066,1.13916206386484429384905845148990130559504988183786389019383173138879270233188816000000,3
edje,2004,12,12541,4409,327,4.,16939,8132,1.9233564209448533764042707573860820227203045976706069026612764869062008196979999379915145545842457071612510774313213442449724774809600,1
knowledgetree,2007,12,1149500,225010,7870,3.5,1483374,924490,2.6541715276001787739502996953282193959757254754655215598855406489250590689278284176857648740131357136993717534508970454383208891754741760,4
emacs,2001,12,184595,163566,4022,15.,884877,21029,1.02434340300527954626831607625303960874007706841161839965051847218820553376564377658883211103422681963081381072528150029497311921120170188800,16
claroline,2009,12,107979,34169,1340,4.,393310,73810,1.23101721438917534731952153904036093429706022951354269593942878107261240761130049658487521332968038720499556642577787177651257244704641664000,5
wammu,2005,12,789,399,58,1.,4847,390,1.08750280457087713958651429676701896738580043945146619395992594338351591155542104800154467181432085346620522942231200000,1
jaws-arts,2008,12,25135,13555,209,1.,23308,11580,1.98738062747525614161458498401857747301631916025639844996858164919699328367482153516025185358278025141808754931200000,1
dovecot,2004,12,53635,38828,1205,1.,64071,14807,1.30056430659963915465233221642750570627875907156909376075556272504747696825507365835326124537614187760130813440000000,2
libgd,2007,12,17814,14382,236,2.,55329,3432,1.066747053560184526885085238165665371541585057918799654523371916545425751100319026337905505680553341444474002656274714104255938560,1
postfixadmin,2012,12,106021,1293,204,1.,1211797,104728,1.09459942840320095669199458106832116527756168308270020898273584736098310167511147636852040298230985855895457178717448761338400000,5
ArcEmu,2009,12,250678,424066,1315,7.,515960,-173034,0.65524482769844847326250092311301758837389496808798731998291955002407174047025926823445612343547695940532041790469024391074062136725830553600,1
pitivi,2011,12,7698,22089,540,4.,33452,-2817,0.9154130258139825003659521574095832395313808665370602221020729584151208742545539238454850977561688812851200000,7
mojo,2013,12,11930,5908,264,10,594486,5853,1.009943377282069601857619875128183672,9
clang,2012,12,326982,194771,9866,54.5,662881,132211,1.24967754240513714611917336301119393264215202058292038572244412053210782429879571593976712761309268882544420169156973738573268285440000,5
pld-linux,2012,12,41754,5812,567,6.5,2858412,35830,1.0126940510504834159277073894016514318924875817738579195002649760502387545697392304007746614264024602243886074823085741483182081663698707753684966675498534400000,13
aptosid,2005,12,170,47,21,1.,890,123,1.1603650586913563663157234863086500,0
openarena,2006,12,62456,221,22,1,81345,62235,4.2566718994251976592402266847280880910430361800,0
aolserver,2003,12,54547,28655,497,6.,171372,25892,1.1779763541520197060354453016813701691133819441888637875091830660580303972660176610710717457397515780937518526955520413283028360314498240000,3
sesame,2008,12,492619,437363,1487,4,341150,53666,1.18667473667073907890912166906623962333677549777907955283780939264400055799061857368349847602824668617307955241339272371896320,0
make,1994,12,1404,829,159,1.,12166,575,1.04960745406136812958850985902915003595574175928630752936179600901197195314413180924015530125972220455420664487203906987113424829109248000,5
pytables,2008,12,19844,11779,387,2.,145098,8065,1.0588544365296311877754433392705401770208007561423300464441701665092193604518873320098358811291721696439280217663035584000000,6
zsh,2000,12,32326,14207,485,5.,76102,18119,1.312488143030850769314105260607178892797419897830285968799217576682654999883779677411815238469222716286931893585920000,1
evas,2010,12,36945,27354,890,9.,135040,9591,1.082982202653990111996938289675188957496477161000928927017263620664719768803032841620143433615413885888655554157884578095423124522348604726528,8
xvid,2005,12,7529,1149,90,2.5,61389,6380,1.115981021284694227444957463195813492975612117064102108564535763418302856642377306284090115162133273676023816599899998069481132048702283338885939200,3
frascati,2012,12,229553,104588,837,5.5,255330,124965,1.958577839151147106123992936438416255393099978264079385645489771613119060181820985383775650005930281656876019447427663468566811212800,5
jsmpp,2011,12,31,1,2,0.,14539,30,1.00206768212800000000000,4
gnome,1997,12,116184,15524,180,1,102764,100660,48.8422053243294991952419572933134136143486937237610860544000000,0
git,2013,12,18454,9708,705,20,396818,5977,1.0152926637641163317560510990471868352,8
pentaho-reporting,2009,12,463611,330658,3251,7.,1803250,132953,1.0795984187245832534792990728922998972872470405277692428372753964325849729706321144765597395298979457314961994385216226409769890219751882096640,7
dokeos,2005,12,532771,260772,15753,7.5,588519,271999,1.859342221698566848360210346239021588436492170992421828720741026068340624211957302091805597130182850149760187845167705253217817760000,1
tuxracer,2005,12,0,0,0,0.,27025,0,1.000000000000,5
spock,2009,12,83714,58590,990,1.5,31066,13716,1.7905475504535196159312440321791309203406499200640086238106663438154168462291044407853678516584173035800000000,0
openmpi,2012,12,394222,277645,1765,12.5,772931,116577,1.17905310449367114352427233531385327928584782171669034459476844794408617200619600100231520554169457296506830271269459643822621412621407656000,9
gerrit,2009,12,179612,138338,1737,3.,54232,38749,3.502680359379443197835228962799415608316325838203407772029810887634587977060629417732475994660276685232648713334101523448709120000,1
gtksourceview,2002,12,7559,15044,33,0.5,21639,-7485,0.6086888330955439083378768271148705680413922705012058900783662207922800000000,0
ibus,2009,12,38312,20576,623,2.,50617,17604,1.59769802739105004241894972210132150892201776090169956543254235776195085900950594219585211188329045440026244221546923462825600000,1
rdiff-backup,2013,12,0,0,0,0,15929,0,1.000,11
ies4linux,2010,12,0,0,0,0.,2536,0,1.000000000000,3
joomfish,2004,12,3373,246,36,0.,5735,3127,2.19900306786527906337978850244709000000000,1
j-wings,2008,12,218914,156664,363,4.,686452,62250,1.0997302077597135091730197847762095077607150660702091393911327319402493860490240722049057413515898947250086428235180682084389571606954001273611520000,8
ejabberd,2002,12,2567,549,14,1,3048,2018,2.959223301,0
psi-plus,2011,12,69571,19772,286,3.,82894,47663,2.352871051136525450413441195319371753624246676623068129024232577592014143704000000000000,3
KumbiaPHP_framework,2008,12,220142,126981,1030,2.5,186576,93161,2.1284309213926743261359589511003171718430272472728158170929174858688879562733272361164303149409848920018128722998444113827769956275690496000,6
bbdb,2010,12,1282,5452,36,1.,73346,-4170,0.94314618384398103273196816330713147861586904700183733823008772147138624826569684109002702306733886464000000,13
miranda,2010,12,127387,116000,1574,7.5,774027,11387,1.015078604186921860699412605016035514084410709991377539920172117190795032927812469634075097947484580922888265030684505285114748445151184937382406400000000,9
amsn,2009,12,58264,34163,967,5.,296563,24101,1.0884563719040807073895711030263498843800806876714240990163072617176863519224362983584482120606105219098972947479229034535379910785296400861593600,7
opproject,2011,12,507,327,15,0.,129989,180,1.00138665269700000000000,4
parrot,2009,12,254526,352572,5461,19.,340422,-98501,0.722352510069399598530188122318419033069516899586586724107248718573597561349060156609222203219624913303759077906488606092111065170005606400,8
bioperl,2010,12,128977,40912,802,8.,420605,40991,1.10798073833207245834339484557810274126467062296815743101248459568044779146678296342791155346822333623889777315041650698603670732800000000,11
dosbox,2012,12,389,293,27,1.,119252,96,1.00080567328270137489293095776107989177463032968818896000000000,10
openmrs,2006,12,118780,55794,8,0,188644,62986,1.5012494230000000,0
maven1,2012,12,0,0,0,0.,31552,0,1.000000000000,10
kdesvn,2010,12,5577,1765,100,1.,45118,3812,1.092286834841611310117831420583489494831026663835471559490800000000,5
thegrinder,2005,12,65907,23692,515,1.,63080,2120,1.03573957318543775867577667289251439995640667194913867574750912368950582098004979636407858783078309105172770654976000,4
bison,2001,12,49441,48465,452,1.5,39160,976,1.0797125120935955408435367142899564099719640363608151103898288108404003728027577549567557079680000,10
manialive,2013,12,180,92,59,2,18468,88,1.00478781283997653270244869744577214135,2
sqlyog,2010,12,86891,14064,103,1.,205449,72827,1.54913211985469297312171189661630035895526347527478905089073886549081283370630487982075394702097673096684856215240717899031818240,4
kmeleon,2001,12,22581,10865,500,2.,13934,11716,6.282236248370156638069072572063898405281112844104480421783998514321927378773804888714799349211458830494080000,0
ampache,2013,12,5980,20651,314,1,77082,-14671,0.83974702070884237220160,8
commons-jexl,2003,12,1278,1170,30,1.,9603,108,1.01189689359178095310233673247556538601914634901691522663977151203098165195311994880000000,1
geany-plugins,2011,12,34820,11054,475,5.5,80736,23025,1.4008949402842046066318959415316380560246017422330257152010791608349043383113016639208392915350556653914696976169644814504635155260943680,4
xapian,2003,12,25977,32506,616,2.,96156,-6529,0.9316356554270895986731529835228533132912408910775949418383991303343329636515260664746121003975776549087554625253528888109231810042034111564800,4
moinmoin,2007,12,46261,26496,1243,4.,86853,9534,1.12330733712926633710052727669391088271402171384448282182786771949247195365340808034025249423789541130530715516805194133388312773982720000,2
cygwin,2005,12,32668,19188,969,4.5,1460021,13480,1.009318781838303831509163320086270315480115702025161620551277637170340162302445832627904143506038054710871571842555006462742763296638484362207035727872000000,5
flowplayer,2012,12,6029,1552,271,0.,97494,2190,1.022979098460528184861837223399147650223867890848000000000,6
sdl_image,2012,12,0,0,0,0.,23418,0,1.000000000000,12
mediashare,2008,12,43448,980,82,1.,58953,42468,3.606998158271838951340880439702821705343106182622318881916397615299877451988882723274228855337868800000,2
sdcc,2002,12,57809,11210,398,3.5,871734,46599,1.0564743950973848326362044540713614400870595876524271428580503231392474707455139378706299869825529541091573416727279021622372933880000000,2
python-ldap,2000,12,7293,4796,101,0.,6231,2497,1.668719871410786345104229536118453922429248960000000,0
Vienna,2005,12,13613,7410,252,1,19616,6203,1.46246179085811763196819541707680791431795611356423600,0
e107,2008,12,137419,74152,3786,3.5,594782,63267,1.119031447844805624791038793317948000633728293632638376412886721161433712247240565987198284907587167462258324763114859047961341298773550694400,4
wine-doors,2008,12,193046,177612,653,1.5,302436,15434,1.053776628727651871078145505413727014078526610089890654925864311770278532478799082869512917942316185432425967449798634611930841093599954213504880071680,2
qjackctl,2009,12,16920,11637,119,1.,35025,5283,1.1776275973394043884928568969362427960104174327351981340903353138074451946195532452311362592000000,6
vnc-tight,2009,12,778,291,43,0.5,78440,487,1.00624735417517051668528505105342706645474649595180117540342164800000000,5
freetype,2008,12,3975,2316,241,2.,263968,1659,1.00632460190057881011219393753194461142269305000807451495545567968752093414396527955443239658399668537306150072687248801528730496008372658204819636441384960000,11
openocd,2007,12,25028,3948,136,2.,44573,21080,1.897288553980093608904795967073863111314115772871258250149373575974247851129101553780158615445532077153610683253417605210905067078205440,1
commons-cli,2008,12,2882,2988,79,1.,5264,-106,0.97974780282592466073674513069726211809279401283910595602437698097889937648096632000000,6
x,2009,12,377628,437656,7644,61.5,2006193,-89816,0.953377141331429509931653746921152952986241035507455118020256724480627452912719217453299736598894211122998340648901256624166914034523449581371392,10
cobertura,2006,12,29002,14355,80,0.5,22467,14647,2.873017903157846541167046588758641584795137252984508123240000000,3
eclipse-cs,2007,12,5020,2560,108,1.,31511,2460,1.084678668545010440436573666992330885475761034299731959130606982286327608695901221279852837462244314632054700028469192000,4
grisbi,2009,12,41043,20907,861,3.,246644,20136,1.0888975223900135231952322704277909200263475122700439948731808436877156372606984438163454945361224604940383129323565822518583206088652800000000,7
performous,2013,12,8192,8883,84,2,33902,-644,0.9811860940693705272434390,7
librsvg,2010,12,2883,2826,153,1.5,42106,57,1.00135556137189927606761733181823304967589266247453162514269904259040670407672018945567730525977504900000,9
defender,2009,12,91,23,9,0.,7846,68,1.0087459807076931731378974342218545246079887769097600000000,5
netsnmp,2013,12,5023,1933,158,3,381264,1624,1.0042777368034642237884719628121109424,19
xfce,2008,12,109691,64702,1569,5.,309520,44989,1.170070804549410877426501860586187763752502042028757301758705351496330650785706750565035210090269819568297452750462915254443407489546054041600,6
apache-axiom,2006,12,85446,70974,364,5.5,41331,14472,1.5388138054171033046081029286017067769917547917212191356837623135487786032389783926041113605685418297738659532800,0
specs,2011,12,539,492,19,0.,23008,47,1.00205392649461666036744244065581489826097583308000000000,4
alternc,2009,12,9377,1382,194,2.,34560,7995,1.300959909655236859411713124238641552645147228032964549424659842396877921105879762070788810118311491780023709301383789317696587776000,6
web2py,2011,12,141114,42265,1670,2.,171720,98791,2.35461887540536944030711022080290548053926852004742803301674985245438828449948307072079252407558949264314624385880505776075573214412800,1
ree,2005,12,70284,34882,1222,14.5,361767,35402,1.10847364148063635148912260877163884689529923796287293506009983444255801320349834648821203983417996909323285694673224252859741715012405652495104,7
openttd,2005,12,74855,63605,1890,8.,104047,11250,1.121232367434672760328398240186422408108011463499281271596978348406068830322185777609904687842423118306063567818963769252482938187908723507200,1
wordpress,2003,12,38752,32469,1559,4.,16322,6283,1.625859149366281305022092759234534641663076192788250986663658644064869615941977435367200,0
jabref,2006,12,32299,14503,372,4.,69658,17796,1.343141413762592904277945891593455020449672986747824124941915696523466838684511098827239822701956019934777059346867097402408960,3
rdesktop,2008,12,1320,332,47,1.,42091,988,1.0240371749024056739837186714953835809353946209930179404719271782610614231478555439646287083140864000000,8
telepathy-kde,2009,12,24006,11771,476,2,11104,10853,44.239043825851441794545302081375316707142118537368502035537721441724334989127601060000,0
fretsonfire,2009,12,168,17,10,0.,18978,151,1.008020396239704917213385294550178606213000000000,2
stonesoup,2008,12,235389,117733,4808,6.,342120,117656,1.52416423121298256296786499809345356452457173456061891942847644953304654407719313166228430179824571959006703100196656273425958076416000,3
gparted,2007,12,18890,14276,596,4.,260870,4790,1.0187050921587028164750889696129398121035035546461172475912002936435783736974270115195296006676178879937585718835547445476668184475107496000,6
gate,2010,12,38391,22681,659,8.,614281,15710,1.02624584218150949814645111114942128015024555127298007813278992057434376638835932019500435263072382509315710417804756591001287702559848114265344000,11
mapbender,2010,12,512715,128415,3004,7.,943759,384300,1.80615725413480640898885110076685886988472682746790185791081913592594035665564643735325145986096066389449675381106224028018964237660160,5
webadmin,2010,12,11790,4352,509,1.,378923,7438,1.0200223427594775048022130204513683604564783988607272023286804398070809421716891185824843918090993674144885244376982746001453886467667425927634816000,3
Openfire,2007,12,30184,23582,608,5.,131726,6602,1.052763658446289395398358301556282901802303932651567572671208725710084026954398292771006688,0
quassel,2012,12,16375,10668,113,3.,70969,5699,1.08731423318087810569579128076639152219481649183762814681214575845883448570864449154825980732069483213483140355368304168326261506646853481328640000000,6
icinga,2006,12,37672,18964,217,1.,122674,18708,1.17994344302952594179912429537302597084292628181534393572334726661241447380125878931112158758622918765627459425617913641840030037259577864624786304,6
OsiriX,2009,12,227621,157251,1707,2.,1092961,70370,1.0694258089965454480355740461344731870534307195801884202200904708254132633205247677286416292858631423264184888874240768680552017920000,3
tiopf,2010,12,344840,331392,220,1.5,750279,13448,1.03042203570356651192813257879150762502682650465389233529115153360197343454398011446329215758841472668490681777100456336607847468058000000,4
coherence,2010,12,11382,5004,238,0.,78014,6378,1.0890334468725677015642613380646986000000000000,4
reportlab,2002,12,97290,9478,700,3.5,200882,87812,1.776616255446224636584930214842358630264120492015845064345244512045398094170832802217834345779015975682259813150764427865345323646241680000,2
PyPi,2012,12,2194,598,152,1.,13711,1599,1.132017833561894813438866195706819767891133334987027843239321409829388280744013919035341460890954911310336006533813739837255177202724738063795496960,10
yui-compressor,2011,12,2960,642,56,0.5,10754,1161,1.12102574794114856993956529994786832000000000,4
kcachegrind,2006,12,1062,41513,109,2.,114147,-40451,0.6451417643076640225206673216356471053474166564873480633105906752323487531551894250507537730564066429756212294405463662590999388896203346129920000,4
screen,2007,12,1311,255,2,0.,48862,1056,1.0220892775000000000000,1
reportlab,2000,12,47320,19146,1112,3,33582,28174,6.20968934941412641280265591149071458391580936350175081155628844502235826486249082189724505067473154633419552012000000,0
pida,2010,12,14872,29602,808,2.,130226,-14542,0.888599488268339394183518143578900951666428489046533703471313259202865483292824834891917461436371494680891448286831616000,3
gendarme,2010,12,32796,21160,495,2.,74533,7458,1.11118896757482504925551460245756752689932417656228856018008879548130400279105015791422928979718440331854341800039225313021952000,7
fontforge,2001,12,224908,87077,321,1.,345359,137831,1.674369449886938921006243069380401304890132880231815899742247726120171932341547672000000,0
gconf,2012,12,144,107,28,0.5,44924,37,1.000825192916795954664605166796612118524408024013047293892391530400000000,13
konsole,2002,12,4423,2435,308,7.,21273,1988,1.104935339140041110569848174490582929622319979496997147279643682671439565968482027668342510430269557374182201939049537342485439471857427456000,4
openrasta,2011,12,131703,83546,70,1.,301460,46845,1.1839836616193192921831172341095275037698414985310156011919739685884135605545610837760000000,2
gtkmm,2008,12,19853,29332,110,2.,159237,-9479,0.940265681913119562590355953725999758555286703976018414248314027973765031761117578388785949689063683849593491414399240299324470922576000000,5
geoserver,2006,12,0,0,0,0.,114668,0,1.000000000000,4
fluidsynth,2010,12,36478,31192,149,1.5,71618,5286,1.08017351210600202766935996740756484170419510182488145948732936301214590085691139201856926510630894151898230690238573964800000,7
gajim,2011,12,33885,31927,905,3.,96601,1444,1.015573770487067074430263499274200700901900991986975822479861947538776796521603508482415204475530891098600226163583885786727921222521966592000,8
jruby,2004,12,32147,32987,384,1.5,44395,-840,0.981028096472497912739145091537556841452986008559772106402719170044814119940512420704255166698638704027829843576509564700652868395704121548800000,3
jcal,2008,12,0,0,0,0.,1604,0,1.000000000000,1
octave,1997,12,93874,113913,701,1.,229348,-20039,0.9044870450439357613737339141847204409126863124296670521655304740832209141285655650734370984460029217182798289791249459468975092855774791206400,4
audacity,2006,12,53557,25659,687,5.,99654,27898,1.38878978761323316527455978829254517722781206112239126634059525360882736638744893236710718752196963654181647104316227719079426600618652000,5
exist,2008,12,58922,32905,896,6.,397206,26017,1.07009097791551095733621455614524279823539192620730562929997165414078288960295024922252692177875092311689136073125703111789433362091755440000000,5
cvs2svn,2011,12,266,81,31,1,26952,185,1.0069114954979282552062664558901967008634782929600,10
winmerge,2010,12,94254,88736,323,3.,419885,5510,1.014328324032662755228666790148666507425176329719009927757939956439317466693460528277720816642111465609702353233563382827039574623826084470400000000,10
jdownloader,2007,12,49067,26136,452,4.,33100,22931,3.25499065755614340787167706571699607845904,0
prosody,2010,12,19550,12544,1552,4.,21893,5736,1.3550164015383490451375607752211147017059499228756527203936661863483467618256341712457575012909887368587832992370236389702091470918400000,2
mahout,2013,12,2398,2032,58,3,123354,366,1.00297590008802625073216006065898070384,5
FirePHP,2012,12,0,0,0,0.,20481,0,1.000000000000,5
puremvc,2013,12,0,0,0,0,11907,0,1.000,6
PrestaShop,2011,12,348513,244745,8334,16.5,537099,103768,1.23946590480498566191030316379943630652702813306774356647718648681279758148985429190347239477131545972409599334126653849816608348800000,2
iproute2,2005,12,7467,2032,190,1.,33491,5435,1.1937197034595192980845953744159572819259931149611888842756453911084941577327532361119278959955175091120016868568000000000,1
libvirt,2013,12,29171,15558,835,26,429635,13613,1.0327218272069123388491484448339692,8
appfuse,2009,12,12368,15211,193,1.,51453,-2843,0.944325859192126386746089537788732523914909772910297126714861976076543924165954884360253379422080000000,5
argouml,1998,12,56505,18381,151,1,48775,38124,4.57938221760213638498351015039598676290403286886147468210919355866360082192143027736225548259878844672035111342080000,0
EveHQ,2010,12,394078,290335,1734,2.,197754,309,1.00157005812711114897061055269511013316951574239873633715997736736869386603466332511138316044662611080268826948225600000,2
eclipse-gef,2003,12,79142,52988,2002,3.,80169,26154,1.484198833615648480901971442946374684510605025251557957622447615566330320366605659414253357545457118562747222806772679453824000000000,1
mason,2008,12,547,17,19,0.5,35979,530,1.0149510564490965069785157188472394032496085365524900000000,9
spring_net,2007,12,105696,52931,986,3.,279718,52765,1.2324930712367657875706264718342932809064005888492143528421414229775287060688458571561249150636911560998907268882071605347532558255470400,3
flot,2008,12,5272,3318,162,0.5,6360,1954,1.443486155212663821851443285806150193422543965565069636347106831600000000,0
diaspora,2011,12,150071,106192,5924,20.5,44938,18533,1.701874645056770927497874471965314993400146416803937590671506342019351563118313123549905070151059891902119469064960396113307238400,1
cabal,2013,12,3160,2488,106,8,35671,444,1.012603968546703207929387712729946290,9
gajim,2009,12,163558,137792,1593,4.5,80349,2012,1.0256839041525815629792729799813763368576615102168730217705388008221537509113748320380526056113378802278282774582557642578621622436565020160000,6
maven3,2004,12,71858,28901,1252,8,45877,42957,15.71130136985678586466692687526038632088491074960611506520703219362862326003429326271735751298804672028829221433958400,1
python,2008,12,486670,413622,5187,28.,762036,-43501,0.93841150646061884862465408637739385201068140051670265757223341728103256110148231474675108235860278551377032543898263398630535823577972412416,18
websvn,2010,12,9981,2353,315,2.,56340,7628,1.1565938577789575936839980129844268907901962229249561920231597486028073165581438744881759346176793990383121514702721141231487144416000000,6
apr,2009,12,47296,17264,430,7.5,268238,30032,1.1261038072646904204037495474159060384704710822585108815701753878548657616952235385460300093047816182458247135706727307765877580923233393026352496640000,10
CuteFlow,2006,12,121054,27362,67,1,116632,93692,5.2190300350816237991152466335309596414039600825974092416,0
NHibernateContrib,2012,12,0,0,0,0.,1244737,0,1.000000000000,4
open-power-template,2009,12,20996,14285,319,1,27292,3786,1.161065259938700003390859075843016721933661875035219028619087703105038288146324946404068666323428812745877918202880,0
actiongame,2009,12,108912,243647,625,3.,480730,-134735,0.78108422082470653705653999456994272644300986172437757905521704182863559064462687173623548750194761881262339262346512594841099712000,4
qbittorrent,2010,12,412753,423378,1356,1.,275790,-10625,0.951560327371378050694591153581072343364495595643775988731909033516010251343832986113753870848333556890096117443164422233744207674352000,4
actiongame,2010,12,333443,435917,993,4.5,516575,-102474,0.786836685956703029413440031955415048941065044873634354655387610097673107748279014877717562509741311417623292118810496000,5
coderepos,2012,12,29815,695144,142,2.,11739540,-665329,0.9459073010417516603093928868189149273467375834575069503967032531727627064236956023461039125066210767362181673832460024071680000,5
MooTools,2011,12,48909,28772,502,7.,28515,9065,1.4660668379848197022942605991522856972750327956643850706281241078376566932298547245398962158983552970759579583739879328560064168936856377650000,3
plexus,2003,12,67420,66963,1039,3.,66004,457,1.00702547310117301240533846813991643342179765302,0
hibernate-tools,2010,12,0,0,0,0.,24209,0,1.000000000000,7
network-manager,2012,12,142487,93422,2696,12.,341708,49065,1.16766162183935082768771049164224931336096746049904039804552387029930559602595034956091138305961597604894980140800,8
cakephp-media,2011,12,423,252,42,1.,7508,0,1.000000000000,3
checkstyle,2003,12,141714,53184,2397,3.,142595,88530,2.63747341158106352353321207680745231866813729148521583402138150958355138208324720090898209405888099815107265076308477860341344000000,2
torcs,2007,12,2627,388,38,0.5,328724,2239,1.006860206817293394614270323882873298958763708648804759801518637302560596500000000,6
jackrabbit,2004,12,21929,216917,152,4,39615,-194988,0.1688597332024890830887202334546,0
amsn,2004,12,125427,23560,1493,8.,120103,101867,6.58603860562259385490201847890107434443319750326725068188050306594125764472718456776584526580007528366365755561233298871974625738240,2
tao,2010,12,48774,158558,888,7.,1115005,-109784,0.901242208642850959804669435100348632876104624875810527009058574790115894350737762436923222813194322161564188058663523225938640439408500741242880,13
xfree86,2007,12,153372,133048,138,2.,2484107,20324,1.00825132352503928705351545586978650334743145453137686356052026051862580728985747590206234535522368465337288855758772424096885288700070720000,13
wicd,2008,12,51695,37311,480,2.,19260,12392,2.8043098427878886444938567231427647969687993748174497527880763975245691412621356011037537204358246598869687544520635592747328922800,1
sshfs,2012,12,62,23,7,0.,4345,39,1.00905712958700000000000,8
openam,2013,12,156632,122550,314,14,1918381,34082,1.018087362992729368123195719007837984,3
jfire,2005,12,702647,575335,2578,5.,188462,127312,3.0819623878821408289988032241971144847008325435106600528725174068472399149715388676851676033204672446429677356878489403662981120,1
xlib,2013,12,70,754,23,2,227010,-684,0.996986930148434863029369985533176215038684,10
snort,2003,12,44106,28953,214,3.,76650,15153,1.246402263456388977593389858880508610870996031270534442148103144594642596929061293342641706815664158965456378600610990838628281282093000000,3
nlog,2009,12,42570,71747,167,0.5,78355,-11477,0.8339506351174086691086872338860000000000,5
zc-buildout,2011,12,11,2,4,0.,3862,9,1.00233584220100000000000,5
pytables,2009,12,14129,3832,204,2.,155395,10297,1.070965829992070661557911523372424919734136488923754255100313547183275098547354260958318037806676314649999969771168798972701740133257191657495956221440000,7
taskwarrior,2012,12,30247,12001,617,4.,56985,18003,1.46182853619248366939589312781495181803429117611664444029022224645465371945559252409355335329176842395455749518519807410518116282224777472000,4
freshmeat_aspectj,2003,12,121553,176604,1121,4.,445168,-55051,0.8591844355638915594084627314162183199294945367624945352214256290220716947570893737221866528847991310410720867423711378104326992523200000,0
freshmeat_apachejakartaregexp,2005,12,403,279,20,0.,4160,124,1.030723488603101527133245567755592256000000000,5
nokogiri,2009,12,67060,58116,2460,5.5,54573,5232,1.15338610394592998504163948196108898032670031674471024637021986316752313895818792687228959065432805462704090482612938610960000000,1
spring_net,2005,12,269855,139960,1394,5.,202353,129895,2.79269369824509480855075697692427698027292258056625483308106560393683340114483901590385390604779210794538509955828148448000000,1
libev,2011,12,752,304,95,2.,6272,448,1.076923076924944725047278461007809003460184320756180367638681345441899717278181425504906302986240000,4
eclipsetrader,2005,12,22227,7835,268,0.5,35241,14392,1.6902968966064746156524534017310292680210281030609446399635671912000000,1
librefm,2013,12,2794,1809,228,2,49185,709,1.014625794205046278247517507746195894,4
zope-cmf,2012,12,10095,9108,162,2.,59198,987,1.0169555582270558577900210876275888349773237392503107570883634507554388758676579926099756787719283294616544908455977797236800000,11
gtksharp,2009,12,117046,64767,267,3.5,486326,34219,1.0756878349584589523082626093286728630709043423965277428983953455815274905417721156187613137090908959187400072089600000,8
sphinxsearch,2003,12,0,0,0,0,1975,0,1.0,0
postgres,2012,12,60485,36382,1638,9.,660662,24103,1.037864518449912899472354531597260550347785676018045863654905695849845615303977835990732751969172716660224002450427254747971078203227690804980736000,16
coderepos,2013,12,90,43,22,2,11634512,47,1.000004039721984413505464585138320,6
dia,1998,12,36452,12643,61,0.,30418,23809,121.247474727616752462500292219515350661639414443872000000000,1
rhino,2009,12,13950,1521,132,2.,83845,12429,1.174036630462503178561742541731865148024833486375917979782088150898700213293438185582331607287920911324731314708401379056580545535865724243343360,10
sourcemage,2011,12,8339,5950,296,7.,86216,1495,1.0176461562056573380813685968216067965781299761620664054303116549898334101962485888580526420390971984831180746946940689882398970889949356810443540784000,9
displaytag,2007,12,5436,4754,47,0.,33716,682,1.020645395645339067728970817650262698014480118000000000,4
libxml2,2000,12,120433,58530,381,1.,156212,61903,1.65638486256767080984447884846055968156559293201509316718351218358736530083916404833170423126050231693198402114065172962958752980224000,2
sshfs,2011,12,537,168,18,1.,4306,369,1.093726187459725212218361263705740787580008511049684633599957603264605699192759992320000000,7
poe,2008,12,881,5042,113,2.,26267,-4161,0.8405074935621142945670418021243445418519982771953148246253263547146554679219058884622325937068017196867616768000,10
jaws-arts,2009,12,4051,640,44,0.,26719,3411,1.1463446027125783013631819174091465059000000000,2
smultron,2013,12,0,0,0,0,124715,0,1.000,4
bash,2004,12,29955,7634,7,0.,143051,22321,1.184883624632830455454000000000000,8
cabal,2005,12,48546,30468,342,2.,23645,18078,4.247350457398301605861032544605208097096492003453527471468477943033940290295416818114487595987650883352128893738486842108585563414075648000,1
poi,2002,12,209439,162589,929,4,137160,46850,1.5187686856509398883519339344708770362827097077472708969738598788242577273485123466251065967909158533053725293336000000000,0
bluebox,2013,12,0,0,0,0,460328,0,1.000,3
openwebmail,2009,12,78928,87556,145,1.,152673,-8628,0.939216321676209211945618915144614037254958615370010042990809076654472809052811610493303652198167180417736460000000,8
pkg-config,2006,12,20,10,5,0.,4549,10,1.00220312844200000000000,1
bioperl,2001,12,91546,23554,1353,9.,124406,67992,2.205232743619741141066702494534530805197930888116894047720470809925415674816844049127391459223356796881881655530962201709530733455344,2
typo3,2011,12,515707,234481,2896,27.,719326,281226,1.64192193566363451770314521945963220024764056216958262995785255269225830442141543941672322792024427744284405017616837254836273708675235840,8
tesseract-ocr,2010,12,120129,72785,266,1.,181789,47344,1.355219423589245053388638760184402039353380847227944867125165526080513066892999279712075776000000,3
commons-collections,2008,12,3154,1332,136,1.,167011,1822,1.011029790118957804245521200469158875174326394242702999376069413393769095443200000000,7
spirit,2002,12,214656,215095,1116,4.,100561,-439,0.993170610239966039561183340150298713087628565142135992796660050864629217463083066627357102716480862058542613669159766003200000,1
openwebmail,2012,12,11664,4332,51,1.,193217,7332,1.039443742100123639959364453556961012189353206162570921537798178093618416002725516287473033469440861595207657132881206638400000,11
wings3d,2003,12,40417,26253,1321,3.,49862,14164,1.39677292844556686064327775356154208624002244357076393478319542805911104109345745214160418509131023096686710088240473010661127629568000,2
weechat,2007,12,126645,196683,480,1.5,165386,-70038,0.535640170557850624820166797604906732217366039137125851336504283108599842400948380538502277272004237729089103968181071292786543664460160,4
phpmailer,2013,12,1213,1290,15,1,31373,-77,0.99754487772208716448077330,2
jsmpp,2007,12,2213,1523,24,1.,5680,690,1.1382765531016080912669493299194127690632582516000,0
noosfero,2008,12,1080951,890906,4560,4.,511354,188316,1.5829530891021113310144513200183169268217306983615699714607886246643692850965136934124594332452485487257723055446217075977093120000000,1
geos,2011,12,17755,8958,393,2.,137251,8797,1.068483659508097398804488242880511828587248561089130729163598967835590481698663700570418774466544324065174367798745141285854964350658509194936320,9
fontconfig,2006,12,15995,14325,295,1.,23579,2627,1.12538182512684812987812898884960311820068800112289382525844600000000,4
com,2010,12,11425,490,14,0.,32201,10935,1.51420107210410060993297370719388768000000000,6
bison,2013,12,2654,2350,124,2,33764,304,1.009110798094683234238824650097594744,22
performous,2006,12,297,165,26,1.5,1654,132,1.08672798949003240293288,0
Texinfo,2008,12,12424,5040,283,2.,72314,7384,1.11372247033882815386477823327000085311067872384649319671424019649773022999331016963624939247756286803886645146143163205106983411855130624000,6
bottle,2013,12,265,65,27,3,5193,196,1.039223534119142952305880,4
macfuse,2010,12,0,0,0,0.,87745,0,1.000000000000,3
mdadm,2004,12,1376,382,9,0.,5194,994,1.2366666666691162475318876960379702014980046400000000,3
aptana,2010,12,7905712,2826595,11146,9.,1495965,1006836,3.0584263048777157973301251949814192420606187665709554038886927633930611146813387780083999706516134627796650750914031341856163780000,7
memcached,2006,12,14788,5338,398,2.5,16320,9450,2.375545851621570756181446408709234431680408518293352145171762175305157346904067926265600000000,3
textpattern,2012,12,58064,40010,2786,2.5,77188,18054,1.305306591777093321508973024685833525860199262511558197382824456877290219146632555073548925164097443349994918393826765909553918198400000,8
freebsd-ports,2005,12,533185,390842,26905,101.,1052145,142343,1.156454920964189092754130693519870062591925118673368692849350761599776775450655711977340624655916655836836709050058149704522038126507291480000,11
hbase,2012,12,1566356,1256571,1638,10.5,546885,309785,2.3065584142005853165229681167178764300176800888149957593677029805601935646674722487428567324688239645376921328807432298080123202560,5
opscode-chef,2012,12,245061,238418,1781,19.,99202,-3820,0.95659436182224131866611789239512700244802781691724459607649284665484837493904537133763582193066700860099112345565935482836545989997053440,4
mule,2013,12,9249,2526,120,7,1361702,6723,1.00496170051396089314356408394714555277,8
xalan-j,2007,12,152,296,24,0.5,205404,-144,0.9992988230940354448576397085140758900588847693341229678579158001014320000000,7
netsnmp,2004,12,156957,60805,2713,5.,263820,68295,1.34929037207149368611489640230610257330809041782803884122333150898254881700331486356542123386333266308621288574523638221527227911916160000,10
texy,2007,12,24802,20235,285,1.,8068,4567,2.304484433002959214927840296514890239871698771055113993743000323614032001586427460665753662313316166125981750917471488835584000,1
swingx,2007,12,48176,24937,825,5.,112052,23239,1.261662144040173967239631087989889949337065589983972879982860791895999996793270480073842710232229367951152670042611041254691412992000000,2
connectbot,2012,12,176,60,18,0.,82261,116,1.00141213707434579109028510000000000,11
phppgadmin,2009,12,7138,22199,120,1.5,315876,-15203,0.951870201813225045553364613451295459857039176630895995070447472998289724446248281364409501540304000000000000,8
gedit,2002,12,70949,31368,497,6.5,67966,39581,2.39443367994407715221298817832672861679188495735161738522210390659119088018067330696578860958707697454944328479177831725796705177600,4
nagios,2007,12,68084,30831,548,1.,159874,37253,1.3038060364836274630814671416013084673197246178748130571721494732969480096214665665360797209409501527780155967988123406649481787234640535748608,6
launchpad,2004,12,272017,119210,1521,2.,75675,75589,879.94186057133406130284045411151733257100022492291365536152,0
syslog-ng,2007,12,1874,519,64,1.,14521,1355,1.102916603374563534716420917484086445206990675355216319907755383511399166611562500000,0
snort,2007,12,48178,16927,318,1.,159131,31251,1.24437754149097157669278764443508759263461700749762079068995125075847750771572932893146350768394547508726639009401154432540583692108800,7
sympy,2007,12,51055,27342,575,3,87576,23210,1.3710809470934315317557345262610890074753691404104977440,0
openmetaverse,2006,12,324137,220005,788,7,122105,104132,7.527833500325157622432205044794279998614821726217967824725866515483002880,0
eog,2010,12,7019,6245,280,3.5,37870,774,1.0213417156090349815895150989893895099436155679088925540590712920475741213928923884771880967384050542900667189093585650520389940014520738334688000,11
nltk,2005,12,34875,4434,241,2.,49519,30441,2.59560750609820752705345539245912564510108551083906155000187777136423281915892068046234885670108840981168755648000,4
syslinux,2004,12,16756,6057,304,1.,21030,10699,2.0356209466730284693966239900692711805297798371993188104835924325923933821502382158162704489321945600000,6
PPI-perl,2011,12,461,334,10,0.,17926,127,1.007135232316941111249037700590462706343622620917536000000000,5
marble,2007,12,87003,71203,1220,7.,28909,15800,2.2052788162358303337773860575750434773678080718144545485035145777068290967107011838193728666707103857728745722515222720000,1
mplayer,2007,12,112579,90567,3083,21.,543462,22012,1.04221305973952246203158711608260812100699302636470540895253409378354734323896071136024125940488325895674920575354525535287671904461075251200000,6
jetspeed2,2008,12,334261,102614,235,1.5,256226,231647,10.4245900969694225770152904022645026914562315567261491371190157890800000000,0
fdo,2010,12,540747,468220,689,6.,1558456,72527,1.04880919613931567787446720888904067537406485615255477383170653481818340059295289617484663809536630685920918703446432022281355514891319729356800,4
appfuse,2010,12,2569,2828,129,1.,48343,-259,0.9946290075067258972799829625148772730791141986773481593823044853552587439447328827078640000000,6
php_beautifier,2010,12,3616,3303,82,0.,6341,294,1.048619149997053070057977860174999884123156030832508396200000000,5
flamerobin,2009,12,4849,2155,44,1.5,65761,2694,1.0427164761311817344470922661098529672057280532608344881081139566026861683174955149778715641079978939102625792000,5
SPIP,2005,12,109687,85351,3287,3.,113258,24336,1.2736780549272690607258607481119951752215375802694085657992805523311910683521060484036303478027507746328772742325529714463469324601088000,3
adempiere,2011,12,7142489,6319963,547,5.,6902652,246589,1.03704727554178695671050291770737109938802213762201349621332732675726589225223821838302005219138286790899612731520281365219692170961949578607023571146866902846668800,5
pulseaudio,2011,12,32960,22472,865,10.,256144,8860,1.03582924896947038995721121046180047053627668353229618725594873320811775544848011581005097747924499522651624153677174710770695212848448664123392000,7
argouml,2013,12,310,332,10,2,924677,-22,0.99997620847432732880091899620,15
rdesktop,2009,12,1015,1192,19,0.,42206,-177,0.9957948254976698274402584333323648945498609980912000000000,9
commons-configuration,2011,12,46760,46764,164,1.,200348,-4,0.99997991675482647038887717298721941842002972422201845325167877880127278285950207573086595646289920000000,7
gegl,2005,12,29554,24275,318,1.,34965,5279,1.177827932486862114693638424613134313413188770556598922079437190789494696522528050000000,5
rapidsvn,2003,12,17380,11244,329,1.,14632,6136,1.7222222222321616433815006720382153411085805794919945444565037726061897947842976995755890147241136630598155216555155287817363456000,1
mod_python,2009,12,0,0,0,0.,26027,0,1.000000000000,9
ehcache,2009,12,52532,41631,572,1.5,101467,10901,1.13744105701787021675202358591134308600552966572847922531958301406901441451737826021987613842056808284167266194018148568656417439744000,3
do4,2005,12,0,0,0,0.,3,0,1.000000000000,1
vaadin,2009,12,4049297,4252665,7322,19.5,2963006,-214107,0.9247431032836409118256444099124249840137156324969598570733301280473779512103090242534153845305891487949084443335198161875866245953382400,3
firestats,2007,12,54373,34943,1389,1.,33970,19430,2.3363136175643652217726231782727222843152097595067186117411669552441815230373728313459329804597243506717721191394059458699143495680,1
anope,2009,12,132296,54205,860,4.,166481,78091,2.052637964334729061636166992471037919064181705173517361914712264671746773142985811817090109326579560084951562899924048576150486468614733619200,5
seam,2007,12,294064,199605,4263,8.,308780,94459,1.440736092114882869122902047640630639499651297133951663853925343768403476220496261887431435752449834846470337757230850704531133412352000,2
django,2012,12,45997,40698,1600,21.5,149928,4439,1.031144320502519253447103768701096905149168360897635844146380769386914031766038118618439212153854208561060956443443003728334431267375253356544,7
glibc,2011,12,90076,77389,1225,12.5,1167251,18843,1.01648360299766703834312968337874542761050165003115911603056045429609653971004309947515058542296894499620747809285152886539949761702749652941760000,22
ApacheFelix,2008,12,257796,159218,1251,7.5,227779,98578,1.76298171071894951990831282726571950272513703116719003096703240972540981883465762550486178750726227876063725286821126707950826800000,3
jython,2007,12,179944,95038,1065,6.5,327782,50636,1.18270514458610317363870611928023649588906572965293192804422537543816533730026580162780591086320343938825450089533442693827136456318565542220800,9
musescore,2013,12,102303,65889,576,11,4868417,31941,1.006604188670423732618898554379989280,7
easytag,2012,12,5269,9994,157,1.,48274,-4703,0.9023625643586753403750645438145786971271838846351307837889505802850346332935116409600000000,2
metro,2007,12,188005,60110,1299,18.,228715,127895,2.268547907119924960257655137908753355123170418808965846658585610414186557639746599544851404838486705575921966700407667966294400000,1
libvorbis,2006,12,7946,7278,90,1.,145106,668,1.00466259038739640286247782280909602775651020058118449117651002137048831387424575822080000000,7
drupal,2008,12,90635,48563,6855,3.,438087,42072,1.106238400056515477053401655421074985056395452179611878800404739584906913026455353709150786964613087456273146256409820007064504170009296721920,8
cdexos,2010,12,0,0,0,0.,307583,0,1.000000000000,10
movabletype,2008,12,305454,285227,1661,7.,230604,20227,1.09614644186389403719156881552959030315606336184057244917825850413113257394419132133674972371033455700909524745158626530719609677440,0
egroupware,2003,12,202966,138317,3125,6.,305767,64649,1.268121832492580452348918885541990439209919847298065991383393315708000432395890653698375336438763845167736129870648693373262280000000000,3
joomla,2005,12,1100234,883846,6845,19,452340,216388,1.9170848307592214285153792249430,0
closure-library,2010,12,164535,1350302,653,3.5,1417106,-1185767,0.16324749171773511393809564996536581378035055698770912803108394493350159435352432768544090182316869254144649315972673408000000,1
kajona,2012,12,102945,78983,1849,2.5,87103,23962,1.37949984958970844294698955768045415131326077280807162524333289973470303509738606967294585790106037856739949396826575659427020800000,5
cfeclipse,2012,12,0,0,0,0.,388341,0,1.000000000000,6
seam,2011,12,177545,146887,2125,24,562692,21231,1.0392105802708339850896001673967800,6
htDig,2005,12,376,112,7,0.,254563,264,1.0010381480068670400721198385576037893398000000000,8
kdepim,1999,12,257270,144590,1605,12.5,166317,112680,3.36752531816118865180227772671853293215523731308605278389880230763692736538594663924972635091889431651904211537152877890806280688640,2
aolserver,2001,12,449875,166469,803,3.,482157,281854,2.4927047312188299625348173308403481118527104189540534767776233831028567037480554704628989714459216085782307040382968907848936275968000,1
css,2013,12,0,0,0,0,13,0,1.000,4
libjpeg,2013,12,0,0,0,0,58006,0,1.000,7
simplesamlphp,2008,12,51235,17959,1871,4.,46181,33276,3.57853545135745430310789150256996442217907420753137753846649371096027209248483826659860990360784457392744626596598509184000000,1
davmail,2011,12,8546,2308,271,1.,33413,6238,1.22954921802040794323352693500372209481347534372473603760130261806961763151024254619339330272351858883451070302534101073878143791757066240000,4
sqlite-ruby,2010,12,0,0,0,0.,6473,0,1.000000000000,6
rmagick,2004,12,22310,21594,478,1.,32276,716,1.0226869455142369776296760538349496644406600925963282032220307404801609467347565509779049042973280977724750176000000,1
dunit,2012,12,25,23,3,0.,74527,2,1.00002683663199913913486144000000000000,12
speex,2013,12,0,0,0,0,83969,0,1.000,11
remind,2004,12,187,49,9,0.,21678,138,1.006406685236336394745548610000000000,8
kompozer,2008,12,3993816,2819616,337,0.,3979965,1174200,1.418495490500000000000,1
abiword,1999,12,118662,53043,1587,7.,104513,65619,2.687123977856584852718557193627362063916087461222197499517654131340463144135557039079206441644662303567687948430781619823289106432,1
clansphere,2013,12,781,3189,114,1,91526,-2410,0.9736511233774278923292680,4
biojava,2012,12,28907,15333,416,3.,288885,13574,1.0493042413812021416674763662666613428489036941249052786216247566603375315591274631280210230234945309688200336615386967004245544521440571431311296000,12
aspell,2010,12,0,0,0,0.,28030,0,1.000000000000,9
mldonkey,2007,12,10611,24335,206,1.,234471,-13724,0.9413306201659392120839930492698585894813514735254959653483174669427730468784357028762814891551022517192230656418061297435522124710259764735965718742958080,5
gtk-doc,2006,12,171,93,19,1.,3478,78,1.0229411764699830401265512844650176605858967422868445993439600000000,8
fvwm,1998,12,19125,16683,231,5.,88425,2442,1.0284009629795365714604,0
testng,2008,12,10322,4214,326,1.,175516,6108,1.0360549678930681408920721149057208488169112927929862407476378175310272641967527056099988920669277553257337379751061716649278750759258685440,2
automapperhome,2010,12,131929,68862,102,1.,135351,63067,1.872489070871510595158573578946056403557274880826433321765336388890166921392639181582765993278357348399287593944777004400896583680000000,1
doxygen,2009,12,16751,35601,85,1.,214280,-18850,0.9095775809817848776046854971185679335173661276854457494077811477057892773771852327904901385872596355265200000,9
phpDocumentor,2008,12,627,603,30,0.,70903,24,1.0003387151405843402421028624013986778808000000000,3
midgard,2007,12,379268,199383,5915,8.,456614,179885,1.65542620841313763424797992296395934969826712837981610616563707681350826969811838133428367058427243733697978272332112412387654256000,1
psi,2007,12,154322,91134,371,4.5,300163,63188,1.266644160774586614866724696821848331337512090639504945788518125090681107554004803490326960180000,0
exist,2012,12,615497,523004,2392,10.,1071766,92290,1.10185499927042562879476342153245992009751033550452860093037477269103629050254557361404245872787623162750771864256610379836282422969263680,9
openbabel,2002,12,63457,47096,168,2.,50479,16361,1.4795415909445690977675621238533393046267325709816762262556662696296075772213370689164376542411449515822509704188022726123299160218368000,1
WebKit,2007,12,635227,473292,9525,32.,1158918,161935,1.1624250363310717926854086343392204216118396982105912871133449831218139618277799952432781891470820693225407178102731313367164186617389144000,6
bzr-gtk,2006,12,47133,24699,399,3.,10243,9422,12.476248477449320781878633032964537820928456023693354864190113733081536662158204834520888333981339520000,1
gwenview,2011,12,23855,16690,519,3.5,35790,5526,1.18259318001230744828201620646720706911283998961320818819755669730006019950008194310984761389807795817273971383803640890875677062666059929600000,4
sass,2006,12,8859,3542,303,2.,2320,2173,15.78231292243526448590667819145292010198990350473109979568044,0
openldap,1999,12,154642,104199,2046,6.5,127749,50443,1.652510801240307481556494486311921433470169060202677272530358130685219617195232674663804277022906174495375263081549270001282777169920,1
django-cms,2012,12,324004,208924,2104,8.5,109511,19104,1.2113110710255864083701547059987488317359615921616244729282471169783987464785137279680194844429691399523878693609267200000,3
openssh,2012,12,1405,573,89,3.,55130,832,1.01532284798744986777619835467218421424602770009414002885162584718723962684152331610002286790439464994400350340904962358879408540321776054842928805281792,13
jmeter,2011,12,16755,7782,1004,2.,162459,8973,1.058461358032816149586315301492098847027997738584409910849672094526331681204806486497997878516364772357122028240859269061991950248327746119796940800,13
qcad,2009,12,0,0,0,0,131333,0,1.0,9
firebug,2013,12,31044,173366,362,4,477222,-69065,0.85455652006764100034030934809868792,6
gnome-commander,2002,12,49067,19637,347,1.,47513,29430,2.627495437483229122719930964715508963837074240491383661858066413356790197193839140437213419026424044466383718547133440000,1
fractal,2009,12,1446242,2178154,1950,7.,3361377,-731912,0.7764754925670731524188607463034219086057052082869151167199357982415920296350936914097916918847298455090829317077436178542618528036029060869120,7
xmpp4r,2007,12,5493,4524,216,2.,39723,969,1.025533596835951561970041648409449863951489244771569943796462898948952852938932092230204274244383383589440000000,1
greasemonkey,2009,12,4191,4925,76,0.5,3856,-495,0.871395167550418857881265820483674654297556248000000000,5
eclemma,2009,12,3729,2040,71,1.,11304,1689,1.17566302652329706881071227763272415077917724169388794915595982534736139938028862400000,3
syslog-ng,2011,12,17429,7049,633,3.,47920,7012,1.171409015354555201950363201079673224169381472632149850334791239873823731373268936996197304943325336985153604627214701072640000,4
freenet,2013,12,13892,9205,507,4,435907,3250,1.007511724067686871106212695590971058042,13
grep,2009,12,3948,19619,130,0.,23802,-15671,0.3322680983663095828742938070460952180528649800000000,11
commons-email,2009,12,2476,2936,136,0.,12550,-460,0.9622269666538420100897041016555376000000000,5
telepathy-gabble,2006,12,53656,24125,1819,5.,31006,29531,21.021016949560649793760266178514091031313245331755949139493104715687844150844811560099851146449631132576782939533552775048192000,0
ccache,2008,12,0,0,0,0.,15695,0,1.000000000000,6
freeradius,2002,12,86992,35140,1046,6.,121312,51852,1.74650158359267822529013160887129122673235972161084578104671899641317983530804513558070126259145986213884863672813064232514381201915648000,3
brlcad,2002,12,65921,45083,435,3.,1035809,20838,1.0205306358536985274842035109297313282772631030302511038492370917826456950610765041776028755173368527262816591070411842184239259652648081663920450000000,18
urlrewrite,2012,12,17697,17831,135,0.,26744,-134,0.994989530362435852203050000000000,5
qemu,2008,12,172721,106027,2317,8.,380682,66694,1.21240939143526566913882565456697259076662729812469631257095721669472258391077366906801947099454507631813177837525532352302643451027975600,5
filehelpers,2011,12,35376,25739,128,0.,109300,9637,1.0966958650598120690849746907453240533668317641832055472572000000000,5
fop,2006,12,82852,50297,626,4.,217294,32555,1.1762215882922330789275068636144314925049725811687414616004480771286536802191299480650364120602784629322226569442320923417233980555204505600,7
jabref,2005,12,28312,10765,473,4.,51862,17499,1.509239589106526191043863249367807046271642730495035913543255436921286244606982842300734914717519829781376678886354658123670086725140480,2
struts1,2013,12,0,0,0,0,172008,0,1.000,13
maven-scm,2012,12,7321,1809,138,2,70185,5512,1.08522876625328780510156350422104363698651024934019007287061798778733281361859877820603686032396800000,8
geotools,2012,12,277592,153218,1140,11.5,3213163,79191,1.02534434785505940792858106251128440783497174372452157915325477708608841460856414167013920843480537011164068439639398376648226784423871009536700000000,10
L2Universe,2010,12,3661449,2814854,1963,5,1803601,846595,1.8846287274618306108504745116753073995344502491966224423285182494910207098112,0
sane,2000,12,77780,25948,216,0.5,130811,51832,1.65627571883948997240229440332212684628411021696593587902475100032000000,6
sylpheed,2011,12,2435,840,136,1.,138050,1595,1.0116888351469248776014523985770475090032203616205210830410520772971435311946091977421700533460503684419881841515996737619869387647984906545920000,6
freeelks,2010,12,654,403,14,1.,46462,251,1.0054321949530953041076654021225713078120509060564094178169433368188510187664423679710141664000000,6
Centreon,2012,12,146936,46760,2597,6.,490056,100176,1.2569405971744911972943025600451692593257167568977971134813024310244011809815448790354665697958769292467184618116863871178661252755968000000,5
ghc,2000,12,113597,53185,1312,7.,190555,60412,1.4915541090347045125971984338207193043862027316859270287852525493390702245873006992834635746786927164901804117497483513476931420232000000,4
cinepaint,2012,12,0,0,0,0.,893430,0,1.000000000000,8
cvsnt,2006,12,122875,74852,117,1.,552174,48023,1.09549594336063783002622104400510290969174051761558490567868141535499319598885295026334585381384035544465530147176620748800,6
vidalia,2008,12,341694,380998,570,2.5,77269,-39304,0.42894503610471535291983895351296263961041886806740065282039576057028972397069631843943955810340054027753166156052141647961949373324800000,2
php-doc-translations,2000,12,425264,122721,1013,10.,394312,302543,4.2967886758258087614260374700806543100976562342301814750167825657906892854917213875130229181752746408938993288558628510832463360000,0
fife,2007,12,350279,253431,993,4.,145983,96848,3.7459030341578075776530669320332456101335919184651329098517692898328634255905471838021604458806852236789807018231947925791233736172000,3
vim-ruby,2005,12,658,385,98,0.5,1284,273,1.27029702964916895740500598382973944780744120440143566601026311071040000000,2
freenet,2008,12,426500,145042,6642,8.,568955,257097,1.824404055602173369250985599570637298087577379191136842147798525182327969202132655486100862050927194850179278276542932067398178762260480,8
lemonldap-ng,2008,12,21521,13050,329,2.,29155,8471,1.409543608591145491720647360653169519252168976323313255659092545931044499370423460817799354873477789049767679964536731905189041666176000,1
jna,2007,12,71157,9324,332,1,73651,61833,6.23210357154001963899150616747051193142859954139049144419836914671104509600,0
sudo,2003,12,24451,3953,171,1.,32430,2683,1.090193969136192218892013947481064774355186523608236590678455110521074028395153054720000000,10
django-mptt,2011,12,707,472,71,1.5,1901,183,1.106519208374639459914241853027150861368954361337215761485172739110993798813406347621451000000000,3
mpd,2010,12,15914,11811,586,5.5,51356,3719,1.078069567780717089742240098627994319963853944821819352354298444991218798963826033325428754829376042270294150545970273886684255879938080000000,6
openerp,2008,12,1285498,887754,9111,27.,210973,14648,1.1002909861813490976812256892609619902745813360126827935394220584948507019629607866583193373947123269037775747662875728570599610348300800,1
flightgear,2013,12,16468,5788,268,6,425066,10678,1.02576812069948680777108153338368568,16
vserver,2009,12,157,60,39,1.,39252,97,1.002477333673476957462419692277653498425125128213847844521557430392543533888000000000,6
cppcheck,2009,12,94512,60510,2226,5.,41024,31763,4.42975920519924961803325812674259664591325458424648582218076034078319821381822774899923259526180785357115614925839354959200000,2
ncdu,2009,12,1977,1597,108,0.5,1788,380,1.2698863636048298418102766340372482585748680493273719895760000000,2
hedgewars,2010,12,174501,123842,2518,7.,64026,34608,2.17642259834179846248948315966308500651358557134750003429984147686379950446020680294727512232089359139157785766507934022543569428480,5
cpio,2001,12,0,0,0,0.,6616,0,1.000000000000,7
zabbix,2007,12,114726,60860,1653,3.,145150,53866,1.59009245866895197102920680405445879258822513744123781997294823250595853589387587930099823103146156752360955851862166042121468582144000,6
git,2012,12,124957,55931,3867,34.,390841,27181,1.07474289171181789643197425894952225656128513957691711615782089039194338911274580398872224501196893472702621171974241977705431712405171259200000,7
backuppc,2013,12,0,0,0,0,36964,0,1.000,11
l2j,2010,12,56426,41904,703,4.5,206513,14522,1.0756389622470240594540573504688344762263449935806244221744979109979529204523645597491214611064204413274982032747167360000,2
luxrender,2012,12,327471,404753,2204,9.,436091,-45189,0.88406774965983762563452702178493368980307268401685180027873681212518937282039858505181604780176968467746219084614389434824756197793422592,5
icedtea,2009,12,490796,407789,1791,8.,917649,37232,1.047529868930838049467054004899386961900921523663827775059015814495420965763345039097780171137318102454667765227982325550597904510412800000,2
freeradius,2003,12,39755,22427,948,5.,138431,17119,1.141115470847321658388058103710768719972732015447245567351396124198412202827556506006609644159080282570712324994964535456559672887768492156800,4
krdc,2008,12,3360,1372,133,2.,5445,1988,1.584190420229160110611907639456908195181707008963792211241379466280838557627343212645309145781241967470190228147548797006509007876915200,3
tao,2012,12,12918,4925,223,3.,929479,7993,1.0086743530861734031760902751589956386849121126738843948892206807937520141980048940250998519541545531161434780172288118940445972262774647102053808988961930782344000,15
lutece,2012,12,631623,399074,6701,15.,1905945,232549,1.1389683015958607937344747402314544832985726898506144777630243565143235241120859120330171766727150061124325863848323679082015849280867840,6
upx,2010,12,56649,47291,223,2.,128966,9135,1.076232360577224563752264171431545523343834931356174616534129099859643551854485919910612897070080000000,10
tuscany,2010,12,433800,340667,4305,9.,692817,93133,1.15530345982101424897080851512241947370109849329043160988680120232832482711242089650045944714237184158347928356520219787790438486619296000,4
openerp,2013,12,95223,71028,2006,39,683448,3698,1.0054402353807907188966284523061318720,6
eraser,2013,12,588,67,15,0,173278,521,1.00301579675500,6
zenoss,2011,12,1092831,4948796,485,2.,5992473,-3855965,0.36020682631764662994827551507018488129841652140795790509916689795284910816392797225642691212068843665728588094085095330534804889267081500000,7
gqview,2011,12,0,0,0,0.,67757,0,1.000000000000,11
ajdt,2011,12,7252,5004,89,1,337570,2248,1.0067040039129540700677207822155343625881768237701425330558583374287239183114289725955120715540294160511774939127480320000,7
icu4c,2008,12,87002,39968,797,8.,495780,47034,1.10481207630962941779621961714307511335564162650464418913532539720136541468917802008695301161488460066914460253310877772735971533527718031523840,9
libvirt,2012,12,163092,93025,3529,29.5,416022,70067,1.20253212123949845917821490357898566353273565556040389239536521045302136532763705860801331411553938186435819398994066950877969031168000,7
libogg,2005,12,6627,6284,59,1.,36631,343,1.00954448061864190173844244936058193587393277426541565144033633976769537848149938387643344409745863338159114864640000,5
noc,2011,12,118956,33993,1858,4.,142846,82632,2.37230544376404434077195929851863718437320454039305357126826304652320362870394215534598972777067788496139218505881818324120699187072,3
google-guice,2007,12,993366,923730,1100,1.,91576,69636,4.17392889700807252170547728017653774611719196453495394328779831465907383214652498005843844647249767903151394731251904346292681719781785600,1
sitemesh,2013,12,0,0,0,0,14178,0,1.000,10
sqlobject,2008,12,617,331,49,1.,15525,286,1.01876763566954371340052217542270874728000607594601024686363144092942637731140658711334029438287114272715908918454378694606848000000,3
kadu,2007,12,124333,71416,669,2.5,137059,52917,1.628901143244647969375318470712703429871863767342819475881058208380227055140565562463639724847781234327530447624168393513913049468317414400,5
eZPublish,2005,12,63398,57394,2468,15.,318599,6004,1.020151234958969628841823975343606209540712066158092784795463335296431803996625328673545110152707414013781167457861437994562413164062500000,3
dejavu,2010,12,2,2,3,0.,1937,0,1.000000000000,6
zimbra,2012,12,0,0,0,0.,1741452,0,1.000000000000,6
stepmania,2010,12,103803,66605,198,0.,333251,37198,1.1256464214451615039604894561839473085653564972000000000,9
hpricot,2007,12,6246,408,58,1.,13605,5838,1.751641560509433125707741852023342516283553207059640995695965705225768499147433033527450621876239861753957503488000000000,1
swi-prolog,2000,12,100927,24161,1313,1.,514039,76766,1.175556231457235260402892916282432524595746134242699338741056334794496624709326882758784931572636433054223038151431042024279272890409256960,8
groovy_eclipse,2005,12,265,121,11,0.,3466,144,1.043347381091606330528134227042148416000000000,1
elinks,2008,12,13162,10409,453,4.,117495,1465,1.012705874189778190915052217340090783082426052163588126200975609374313449890727786086904457468849811268736377892886748267753477365162935427814466831360,3
quilt,2013,12,0,0,0,0,7928,0,1.000,10
qcad,2000,12,0,0,0,0,58891,0,1.000000000,0
texniccenter,2005,12,23747,17984,198,1.,85370,5763,1.072393131257564495609810055058728831752402062298544610134462155450102522428244496000000000,3
anope,2008,12,80554,94759,974,3.,88961,-14205,0.83929359324346133414651081595833505094943420001802915726827145119966991042629952889726180900746764245438983090011803339040000,4
roxterm,2011,12,21186,12652,429,1.,26352,5992,1.294302554018058420704557895571825020076293353975896990529334184373771321202890355181158616819389481010322637399151136976620196869734606605312,1
cheetah,2006,12,5502,2982,244,0.5,12467,2520,1.25334271634586173563097752623092217861622824332966245008000000000,5
eclipse-jdt,2001,12,456245,269928,3056,15,270295,186317,3.218640596965672035273904622954098929071557483919376573780966692722769351250,0
Rhythmbox,2007,12,43376,26957,592,5.,120361,16419,1.1579630947982187390378321727886675485642926300057297207247650769698625745952990761554835416341772922988998220976056371264926655684808722400,5
propel,2009,12,306747,256936,1944,2.,309901,49811,1.1915144757485445231268245433131445108134800133934933171598397351473402765353510775052402884544000000,4
cake_ptbr,2009,12,6771,3566,220,1.,4206,3205,15.2444444487844875260626912330654924582555480307457147009127020787128472715442928149964800000,1
mysql-python,2006,12,9009,9081,60,0.,11945,-72,0.9932004910895528170280319966188423488833498746310515760000000,7
webob,2013,12,270,72,6,1,12729,198,1.0158008139776944728334210,6
metasploit,2011,12,156377,73718,3046,14.,764867,77936,1.1134917017443618196124977169041699828122099007270061492297714144616413018477513634359412477484692652594386403791804997134348365150531417600,5
automake,2010,12,25463,8056,754,2.5,61961,7419,1.136023614829595874808197419805165865927142207555767277289125200480774491970061884186147858390819530489641324938248674563499174370828261158400000,18
celestia,2004,12,28245,9111,401,3.,137529,19134,1.161611554540232104888790668964319521528045138859093618533342187761409087992734179250037695979303276631070710745976858897117054779745894400,3
wix,2005,12,306210,101752,188,1.,289581,204458,4.09742610905068107153890275372350108327011244185333939914783368451048121723035605416237600000000000,1
OrangeHRM,2006,12,172129,165228,1036,2,110926,6901,1.123589670070696545946674481010828935342016638746543611303803399635135168000,0
gimp,2001,12,443174,655801,1359,8.5,867164,-212627,0.76107258717274153676190535332655448115508363858150636810618489473992527562918353170606845108537349891639041983720601266860785806580121600,4
gmp,2004,12,22847,43373,581,1.5,246772,-20526,0.91519863825394193852948011325992044013930061444530960744310296236741427510057371187160836612970975580905166583530634985307296412954821189313177596899200,8
apache-ode,2010,12,115955,111056,220,2.,141370,4899,1.03589773651319736993701594028608417218858597308913984992816722886239119199856590516040840127166323728371394737152000000,3
pcb,2005,12,15117,5912,115,1.,85611,9205,1.12047483180264212074480730399756598323544380566867100706029114519107761267511273264823492507074751087869337010807776568000000,2
smolder,2008,12,6286,11427,118,1.,20439,-5141,0.725813333351844933662543853490224125619737655192832511187433018428374882860486615427484433058208000000,2
sox,2007,12,105177,119141,662,3.,86981,-13964,0.722865024503802336551912253699377053465590751544487078502480849763875021907173453431087594213993935017550013907417610195942330511360,8
ekg2,2007,12,74008,38302,2782,6.,161250,35706,1.2884773861705612243184297618793350648801361180937509721047970401418081985328015041196366548020205549582169669859971114023167224909120000,4
lilith,2008,12,12631,6964,128,1,38252,5667,1.173914377776425148574730551131487043363763527220022584960,0
quickcheck,2012,12,226,152,28,1.,2723,74,1.0280941533762005209597985647966943007806928794992779329529981217956414775047451147769979204000000000,6
keepass,2009,12,3297,2285,38,0.,3146,1012,1.79559748420336446000000000000,3
kdepim,2007,12,2230797,981642,23915,78.,2778421,951169,1.52054615349584569049176959003007651928751471596668281143572992367376227071430005175243789433340026700595843258307896523825822602389572075520,10
gegl,2011,12,36729,23769,914,6.5,97446,15029,1.1823531552977391669849910116386846806245147102004159386380636286338816372513771009302796355284577240757355943986627900131153385482283257036800,11
lams,2006,12,591733,410928,8649,8.,541729,180805,1.500950338569219163256924572166059728325624742132512476890364125255681299496805639172296471102896122224440100394181877647278080000,2
kicad,2011,12,438144,285732,1082,7.,596185,84112,1.1642578304337780248849565569049390199232291531811055621516002593395165312968413755286338720796338357951442251393983949300488689063946417985536,4
jmonkeyengine,2012,12,439607,294252,1371,10.,1245253,145355,1.1321531633020219868162722265788646104776286833532982288696175781262562050475015596838107664877010089770465728695943387382495393975396876288000,9
ispcp,2013,12,0,0,0,0,544511,0,1.000,7
closure-compiler,2009,12,21112,1909,43,1,208201,19203,1.1016042498,0
l2jfree,2006,12,313234,302451,150,4,657572,10783,1.01667158842,0
debhelper,1999,12,1171,616,52,1.,1958,555,1.3955808980394611308363355310210616606732080,0
stackless,2011,12,438149,330923,5822,23.,1744664,19591,1.01135662085288193853201443084101002672000000000,21
bzr-gtk,2013,12,50,34,2,0,9039,8,1.000885837670200,8
merb,2012,12,0,0,0,0.,41832,0,1.000000000000,4
ccl,2013,12,9465,4713,89,4,396186,4752,1.0121399776188773955114132801220888128,10
seamonkey,2001,12,0,0,0,0.,5422,0,1.000000000000,2
quattor,2011,12,223163,1580251,1249,8.,1592996,-1430249,0.0945699480972934460183117181931105850393120086806577221393790255086832781061058547108997619319068909551309096259670474048615614586465609318400,3
deki,2007,12,1675981,1505768,10255,8.,559617,170213,1.43711158593834107331078364733469381018374454503917736878756995171580347874248456671777546514825792343023467970665760809479642521600,1
cayenne,2007,12,195429,166542,824,3,203065,28887,1.1658475812094516684928755731448848786357142142486405303930117523003524376846552056750052649971348187154391769837297851000000,0
linux-ntfs,2008,12,45530569,31126041,55255,595.,6645600,865624,1.149762559577126180193280858555793848952739224035120418868411676198261836159947071939327604298870046948575683529007158770187775013054054400000,6
wireshark,2004,12,811266,626241,3304,9.,722695,185025,1.3441237190031906542508830813143635032022551990977226096095026564635776343727297716494908630107304465687092561217357960188389260000000,6
kdiff3,2009,12,4107,49399,30,0.,50666,-45292,0.52800183416720185558200000000000,7
aur,2008,12,5917,6390,381,3.5,12304,-280,0.9766491535334931396059144174672901655262544498208797854933093789208605794634648167598122289123797547583401136204065185591276800000000,4
gant,2011,12,760,436,98,1.,9373,303,1.03340683571699447647191574351312412991248012548359602738425223240092382464290782913280577693965971516628749378680658969223135641600000,4
gradle,2008,12,61807,34694,918,2,39004,27113,3.2801278279525904792989081610918444327022869842683782807937103962206864646494586274311617700864,0
openbios,2011,12,957,552,60,1.,204717,405,1.0019822624222048686886551624804940276491918230540739067588366739372457972838400000000,5
gate,2012,12,91364,91410,772,6.,631809,-46,0.999927198492616933079687166111848908457916539236840037906196896127794607118207401583072946194539033814124733999367353316911481848207384653408813452800,13
nginx,2002,12,7266,3801,36,1.,7245,3465,1.91666666660640022430456802970500,0
openldap,2013,12,1922,884,100,5,557862,953,1.0017112310989348585291878136907744727624,15
blueprintcss,2007,12,14718,14048,287,1.,4269,670,1.85133418041165976171173422683013854823442,0
virtuemart,2005,12,36184,24090,352,2,117251,12094,1.115008986563642137441383375527568,0
ccl,2007,12,182426,159789,1000,1.,264295,22637,1.099222420926642037676634050164505140334698978121194981364951423370095010297841513033545711015121483128047663802486926536470584968090481849794560,4
django,2006,12,22223,15325,942,4.,25441,6898,1.37200021570586757400968699492625552122217950033437924508338046006251264391129712356911273003632139436257893890905856102994078528296960000,1
openssl,2012,12,14910,3397,302,2.5,423088,11513,1.0279730304318949064396365209706903122978191553071092794118580692087606758394669218404834288768175360000,13
rmagick,2005,12,15948,4289,430,1.,43935,11659,1.3612281571360523919804026209749060562035455712196698288919220511053480127884975233875191458606071575814375796019098921021581155385810420000,2
mpdscribble,2007,12,0,0,0,0.,13544,0,1.000000000000,1
picocontainer,2010,12,1944737,43145,601,2.,3302164,1900950,2.356645023220980243856526861643846264059463970087864086432740223926240366979921684779415059064648394834751738279322754093632489726894250432217337845760,7
swi-prolog,2013,12,6143,1459,290,5,507194,4682,1.0093171904357474345955953631170905990,21
closure-compiler,2013,12,3970,2122,79,7,467571,1848,1.00396802391136214090045790,4
openjdk,2008,12,1340083,564354,2185,39.,3512003,132689,1.03926506977677600683182784953879447177344454861917310567153128658274995771428775687513326217583716595013252463739553792000,0
wireshark,2007,12,662092,434979,3837,17.,1543704,227113,1.1725007994132712910032849933890685514123560171681200873842774958117026463012879062148661303583512619145117317013088698706706966501760000,9
tcpdump,2001,12,11712,6402,315,3.,46813,5310,1.127942558364821003426967317059117350819995928481982469448544071087727088475380180744970342810610529307903650763191988400371452896742250905600,2
librefm,2011,12,62672,51115,915,2.5,44587,7333,1.19683792343106737637923813208981814507630793011219949461696372909098270737525642859063004915266631485538541288240562816473825280000,2
cyrus-imap,2005,12,10707,5710,543,1.5,787069,4997,1.00638943728953760420802990017748022648448322479463464546299278063047894313183255727412800979998459876712133267524000000,12
opengrok,2012,12,4484,2054,147,2.,46854,2430,1.05470016207468193550240686328562160394727197032531927665741580836388065485081876536746987286904401422091362093640211618566941002534400000,6
busybox,2006,12,105260,96410,1797,4.,153161,8850,1.061325886448241286366134053371716073266115021853664628749531942352515280385109016407781296180603412754275863675451132572719056431690915840,7
eggdrop,2000,12,114441,84544,1029,3.,203113,29897,1.1763148272706313434828407252317556486341520163659637498440942144390704957858819425900062690497705539536755459720444589898299924378317414400,1
PsychoPy,2010,12,51818,69637,560,2.,33539,3739,1.1944054489168224144774425289846825037208503228762813904253989539809116642079364932070634684559402892306258064862994040725442875901952000,2
bootstrap-from-twitter,2012,12,193049,129469,2952,11.5,45028,27585,4.128615174706911971662593006399357607587732553564655791194401291978722187578604024226432888286515971390988480000,1
hyperic,2007,12,791460,445058,10446,7.,1029312,346402,1.50724399998444735589266526767505059497985782028965813556990442238564747439370074005466345179371835774213034845617722514264961488015695360,1
pytables,2010,12,11566,12899,214,1.,157178,-1333,0.991421860416435749382480641972205522795506928640552845141305048385877724932787718378470717344446934758123661900425492441268529869728903168000,8
wxpython,2011,12,129498,63954,452,2.,2411521,65544,1.02793889283624106861315283827417333002113043218944885291407017672141864058579716583528193990116651733912262230110498191057177170390272000000,4
coverage,2012,12,8177,7305,258,1.,23138,743,1.033177048442699574049146105934108652254077234409703730309014296471464356597887341039609206124087603893774414631609990111868387812249600,3
psycopg,2008,12,9302,2762,206,1.5,26282,3614,1.1594317981401194056520342194472801481975517386943611112854689104203260575674714772427336371457452426405236845861384951044313318400000,4
utorrent-client,2008,12,43,88,3,0.,2549,-45,0.9823460180500000000000,1
hugs,2000,12,6331,498,72,1.5,45955,5833,1.145381586153800089592475116003786001289284541169612330274530180479097688000325152412436934769568259908981823124959252480000,1
iterm,2002,12,2407,1395,101,2,7058,1012,1.1673833940,0
bzr-svn,2009,12,15755,17362,1036,2.,23105,-2231,0.911943479692448228706394478833084435645102945958015783907925003453775748017425355497862254010364097709140103689027001499530978402954774400,4
psp-maps,2013,12,0,0,0,0,2484,0,1.000,5
glazedlists,2006,12,49571,23518,782,2.,54308,26053,1.922066890826688652084018599806105173461049642024231599520667903279627517515899140662790021016780102311415529038210549252440720000000,3
zathura-pdf-viewer,2013,12,858,204,8,1,8764,647,1.0797092521900,4
swiftmailer,2011,12,2895,1342,257,2.,159154,1002,1.006335677069715015621402458599947159161296984530155047517693140613666663156523792947112231390276322848000000,4
launchpad,2007,12,11044796,6517817,22114,29.,304199,82246,1.370555928508961462823823387462597035808226807273561307780808713955667884794667274141808717066517028130809798319914970055849478400000,3
rockbox,2012,12,134070,61077,1406,13.5,1047083,72993,1.0749345543010702886644570562665584417746490728488229884319562934769435525837729484071362294841012971853875938709245621883786682834943591740928000,10
otwarchive,2010,12,57338,38490,2020,6.5,57847,18848,1.48329444346197599907293658277983922713622022792556570222316348005747243082138103301305208096573778759884376123359153054898521216000,2
scummvm,2003,12,458324,181472,6805,14.,364992,276852,4.14104833150801229389686784018941621070984565886533780300807039940499830452682383619773582426542727232562022125062542318709607921632000,2
cfeclipse,2010,12,104004,41971,259,1.,388069,62033,1.19026426526510897917188328910622964310259453157058786320497587139191725584499794293963035528203240851293221508991135135089255127322000000,4
xoopscube,2006,12,2878,2583,15,0.,65454,295,1.0045273868538356969423298241237294080000000000,2
sitemesh,2005,12,3135,856,61,1.,12282,2279,1.2278316505108974920372476457475844390410442973368261169518284400677652982843375643820396767683353071206400000,2
gnucash,2004,12,22266,12108,481,3.,452489,10158,1.02296470290284185685511208070785006654193199203189296147230606215597934458460170670069165123794088078013602283399066478597002554140956904448000000,7
libdmtx,2006,12,2985,1715,174,0.,4142,1270,1.442200557155656630860000000000,1
py2exe,2012,12,0,0,0,0.,7267,0,1.000000000000,11
nagvis,2013,12,1745,345,60,2,59516,990,1.016915558897037211737120049131664696,8
communitymapbuilder,2010,12,11648,3055,16,0.,159925,8593,1.0567824386078326240834848753034099952000000000,9
autoconf,2013,12,448,136,23,1,38735,312,1.00812013637650776543202210,21
cpan-mini,2011,12,366,175,24,0.,877,191,1.27842565598463980130011804412377730439098084000000000,6
netcat,2012,12,0,0,0,0.,14433,0,1.000000000000,10
hsqldb,2012,12,25004,13198,221,1.,577046,11806,1.02088670299454244066744070836112058596375647347881171091546181617833591678535936126543956183166332075898376294184816675538526860180471436283163443200,10
Spark,2010,12,5018,2081,131,1.,92221,2937,1.032895031587980356200910130301505682431332339104755524602932969737908494207056482004147929568753945329390632550999441151200000,4
cpio,2013,12,0,0,0,0,6726,0,1.000,19
facelets,2008,12,181,106,11,0.,119622,75,1.0006273683154004859267896220000000000,3
wodim,2007,12,1136,1220,73,0.5,116884,-84,0.9992809819734762954640265006726733289741071988789429734076186850025572480640000000000,1
libpng,2006,12,206963,92261,1398,1.,461505,114702,1.332048008663357811562476295382272620370215019215308512674225864232037966041287748418851645800838153795536162941193039504000,11
cherrypy,2013,12,56,34,11,0,20481,22,1.00107532137400,9
warzone2100,2011,12,167341,239900,3210,6.5,854180,-45255,0.949028896580122943322625802899622105653866707078040998913185304659106910461673953338578853602810450666026108396426988528244822912522956603238400000,6
mono,2003,12,765280,296304,8141,33.5,1072411,468976,1.77717732652271690817854601357558972569477222887892145120545134411136946401004355447664961692854490195613982680860039745669120000000,2
paperclip,2012,12,5184,2415,292,9.5,9782,2570,1.35635052693452314996423576761834548222858101890772658775461598513303744148377057653861000795695775567179999643629608820308489368691000,5
komodoedit,2008,12,246770,147432,1941,5.5,1128454,99338,1.096527505162074899915794876012675647967882433492948012467682049229986415074187019358519824009503018342143438225915289926256154380999231196334380640,1
kerberos,1991,12,17085,3301,469,1.5,43249,13784,1.4678092651353637490773178384113654852515565032794788764402569363321153648716886245861004029175259329642076408736320000,4
mason,2003,12,10237,9061,627,3.,33720,1176,1.038768378714224092691159190880136354447567064899727496843535474202311853083204802989743861427164045627108330122736527531106669258419456000,4
chemistry,2011,12,131697,66553,561,5.,145604,65144,1.8096445438476971160863362021381986390819129106760738534342773237590255389626034030648587957169396043791246090381925373833287301984000,1
freebsd-ports,2006,12,455596,323520,28302,108.5,1184221,132076,1.12553022635558535125732632080135313461544666951948094118824143872746167610742014555228396420940848106015216490403234928265175586816000000,12
crux,2012,12,636,4949,107,3.5,72672,-4338,0.94119879633120712861387652544377499459905117776755705575047924883516582808302221624997045172674919843173643565352235786825815465623630744786430929920000,7
gnome-cheese,2008,12,10525,4399,352,4.,11166,6126,2.2162001190258932194763174410653052927376711356992509034119341010283008991070622091654184507109810316258073857944259156873322982400000,1
communitymapbuilder,2005,12,250391,22961,872,3.,282806,227430,5.10701386894710123642566003224907774480930173874421592655550103119299990045576776107319914643550490400755878564630445068358807060480,4
karaf,2011,12,116878,88496,1249,8.,95157,28382,1.443538052831490222178032190918578864620431231339405775477139875300833181053288688769789103578444832537087697302151041472674366574592,4
xiphos,2002,12,201562,103752,608,1.5,207976,97810,1.887841983988337811268741290468265647565712293781005834598349236412276681846341606478061470833026631391806910003818137682722632122760000,2
horde,2010,12,841827,469952,13489,8.,1006053,370435,1.5990158568948933540104598575316776004789875376601149046043192019286507477873466560002781359135233256071096411472726599254005669541261272000,12
pnotepad,2010,12,442107,459352,307,1.,688877,-760,0.99889797095952342211355349180238551482581981676570606916907597901852211322134192667644640243895613358155896304858500301239875112785132800000,8
sshfs,2013,12,0,0,1,0,4345,0,1.000,9
rapidsvn,2009,12,33949,16323,296,1.,71940,17626,1.32452038145032044626445743148672835672137053330801748265584516567649236620535767223254327255555111736096692451840000,7
iterm,2011,12,0,0,0,0.,38184,0,1.000000000000,9
ies4linux,2009,12,0,0,0,0.,2536,0,1.000000000000,2
Pcsx2,2007,12,19670,5611,35,1,263213,14059,1.05642694879,0
helenos,2006,12,110289,46092,1698,3.5,47957,24014,2.002965376103100542354873913344901112739931346242984572439029586733677659817741901979541073847860977826445643306375302673001200000,1
kismac,2010,12,9958,16605,28,0.,79072,-6647,0.91593099435659729954921760000000000,4
GCstar,2006,12,31302,14599,342,1.,41856,16703,1.66405597742522610909680314800574353412754781367102365909315253534854932506027618320417771103288541048031427584000,1
ogre,2004,12,87184,43468,1179,4.,199492,43716,1.28063373047073154232276832446698173618549336036450069697583595424440381510528193183802672309571662445709102870843284249223145152776000,2
sogo,2005,12,69658,64995,782,1.,48158,4663,1.109550099890036453573318210681689034338924658153607625057563846486000000000,1
muse,2005,12,29664,22716,690,1.,18176,6614,1.572046358782952371109982875106082996866943644766807264226743189126930688794687650752012530067657695498699993167767235919110404947968000,0
bluez,2012,12,110378,116050,3010,21.,164596,-5672,0.963484665105519440252662121231398269757542375807067960583454691522498899936121130808942807949895785628133453426844022268593338256179200000,11
expat,2009,12,1464,354,14,0.5,25432,1110,1.0456865327638040358096117076284664269825850333686907742441853282530536473600000000,12
ace,2013,12,1085,798,33,4,496082,287,1.000578868282211866089246256021883752575150,17
numpy,2012,12,76880,85446,916,13.,232239,-698,0.9969581285073607206182882852990542750063064813993929902242601093790300770197638377879676097791836144664811719566068965785371706398705476226658186240,10
quattor,2012,12,296914,59817,1881,9.,304726,154991,2.0375202495385407462168126077738493219417188773065451050356817130749519615458532226426543022167321009943535694879872461340129010378330680000,4
wordpress-plugins,2011,12,116207,69154,1915,8.,172571,47053,1.374870536497975820498667866962806867757393771379685796144956967900885556322413492534585704221843242852385450713179455190500566776456896000,6
auctex,2006,12,4694,2864,196,3.,30538,1830,1.06374529747936286432198213772000679559224663086742945819306033984158957982439359226627573284084535421205281541860360226169261608022107502877081600,15
shiro,2008,12,287033,271292,1163,2.,41205,15741,1.61816682371832048991372038315916425946570469745154789300783835329565944894273940243743790229118010849002868420024596992887135164676782080,3
akregator,2008,12,11120,8518,291,5.,28317,2602,1.1015375009773792763355717436453564864131332824562579890202180912983150134935283352372705654402660448946711024700898736038338856486400,3
mongrel,2011,12,0,0,0,0.,14799,0,1.000000000000,5
gsoap,2011,12,63622,61260,53,0.5,508900,2362,1.004663026263076345724340667218145691991800613351198072712574923416296520000000,1
setuptools,2008,12,226,85,29,0.5,10468,141,1.01365352958252490526933309063213894977581109556008479363744000000000,4
php-fpm,2011,12,0,0,0,0.,94080,0,1.000000000000,2
poppler,2006,12,19475,2357,242,2.5,95915,17118,1.2172417731106303673238975449924818421678060949457573628523878353807185505750061196292092529561670996736064001385444700782440629215046156231680000,1
centerim,2013,12,0,0,0,0,178935,0,1.000,12
dune-project,2012,12,86390,56150,2293,13.,353000,13433,1.039559203337628905450192706936660338594859978679114256886691228693001262630215344217766248286950922334656516668563691834561262440468277392179200,9
mcrypt,2006,12,0,0,0,0.,148544,0,1.000000000000,6
puredata,2003,12,266773,66391,770,6.5,366218,200382,2.208314238190934651651165788274735619312892538865577374083926114604038753685814767268609643852902416965042267784621441404180321152000,2
mksh,2013,12,5930,3456,129,4,197070,2474,1.0127135192916665397741218433230672523,10
sirios,2007,12,16211,13123,117,1.,44146,3088,1.075210677590419854044891526947672859417809199074053267265562619889771234218379745142937606456680327004160000000,3
zim,2013,12,508,189,15,1,38807,261,1.0067711305972583539114800,5
apache_zeta_components,2012,12,731,656,5,0.,1118852,75,1.0000670374882600000000000,7
rproject,1998,12,111667,89350,1405,7.,109118,22317,1.257105332873703207906207260152356587277922983426757953006927120024655743390011796562391994619951723124871668398278068830444647630643200,1
mondrian,2005,12,166248,751344,972,5.,960240,-585096,0.389956897378525614236468815662336546993727408534863583977890325157738482462600641078107722086802771509555589292728060238241633199840000,3
wget,2011,12,2302,483,112,2.,35830,1819,1.05348269677731111633077894216761627034302286400621997908639805466862778807495452205541236020383439218318914390664661614832000000,11
Python-Ogre,2007,12,573850,313385,628,2.,295931,260465,8.34407601628927399926876476422181900467954199981682812210842648118442169825481315239111663484876369466905259805628773009790238720,1
gajim,2007,12,62223,41985,1374,5.,74678,7992,1.11984524487638421018609144537970913163574729439538981471010979780435693123468522752972753875514666745498131505430186784545100800,4
ree,2001,12,27515,13375,610,7.,104090,14140,1.1571984435783949010069208007616784878082545447308772586337342911996323665435846129315855045336090650696692635124035439658402070531621555200,3
freetype,1998,12,55010,29545,468,3.5,69289,25465,1.581074297170272428824447691791029489331802047863707264285510159320620106325950942597478629243181284922405820788190587236856086659072000,1
xml-copy-editor,2009,12,98798,71667,58,1.,237852,27131,1.128753185491550006057197819694385935486270996641264877036001366034236522996242841600000,2
rspec,2010,12,564,605,67,1.,111,-41,0.54444444438810863658224262291309055136376137087889220150957080000000,1
WordPressMU,2009,12,63194,35860,488,1.,135749,27334,1.2521237836330965840111111517047854572022182326502422879199708830513225075515609688676494819416218286456476224000000,4
xen,2009,12,198279,86128,1986,1.,556423,94000,1.2032770861241666160781083167078583932686803901094547152567174986392510884959005925946253914450497527396716610134927959902938197361279019000,7
pekwm,2012,12,2539,3008,142,1.,31627,-469,0.9851694915224806463279315424528990079126682025256325819597964635361533273967616938522055078276923396871660483047330793665773399810587614000,6
jabref,2010,12,103517,2456,193,2.,227062,101061,1.8020650629608617588465273185359760869416890210103914107411556714786345188574027972005590564807937795535517953846323452714148812050000,7
GnomeVFS,2002,12,16803,9154,286,8.,53549,7649,1.166644880163091186640416803705738960620972034983072801623974304558294621685163689419630816496694020700684969197629602624866216331534905856000,3
gentoo,2008,12,1696793,1379016,63009,228.5,6064624,315063,1.054797748904863753191063239236750016527997672668361385115682202110547537075379813201063161927542703356981602396503180272632063606001897950003200,8
MozillaCalendar,2003,12,17807,9309,412,3.,38797,8498,1.280471302687623314630110100947038728052125075805276084287764894166482201827926671375396413487408617478304670342413033608151527353630720,5
devkitpro,2007,12,27288,4859,388,2.5,140272,22429,1.1903295062128652752356975973422718510512891791010847657502878367995280836502516018061999251124447530539047926125907485488052172459730901844810496,3
transmission,2012,12,156345,120040,627,2.,458760,36305,1.08942801050267072855463834041186488875104899556818785794609876579749541477861663473002290425023483185932822633627204570322974174051378516448880,6
kdenlive,2010,12,62952,34335,1218,5.,78731,28617,1.5710380333344162800826424609906885361268454494225658620759561838662313921269694245120341946925731686822625731934211620297127231488000,2
springmodules,2007,12,476273,31672,404,2.5,2089511,444601,1.270288951973881813162395702746215702610910891057988545776098758847482690313594425723897096772153149632221189255280822651374949500722321572054427879014400,2
tramp,2006,12,3913,2950,77,1.,11458,963,1.0917579799878307850788676409058920385158083697123721727129852493546561068052469088471990347812031729031053947078596896045436953537424554047360000,8
glade,2003,12,14038,10378,202,1.,16900,3660,1.30454318518740545047423460293521936144489312775852206630006838591064568635985334313799303315308851200000,2
gzip,2013,12,28,13,7,1,8454,15,1.00177746178500,20
subversion,2002,12,151461,104711,3025,14.,154498,46750,1.433882763479748421536052572205749510188970086497290033310366780193433887228719412916315681963873125780351975443757706814841303040000,2
kget,2007,12,10061,6135,370,8,12630,3926,1.45105698528725314387365274156238150041666983649135175698668262872989705023322730775014408501875198400,0
lastfm-sharp,2013,12,0,0,0,0,4482,0,1.000,5
mkgmap,2009,12,22266,8198,456,2.,30883,14068,1.847469879572832806807663222288330072272437573554979584616081708893782594745531987995857346110401825277807777663810882635516018688000,3
revelation,2007,12,81,53,21,0.,14175,28,1.001979218208803415505491338325002505870000000000,3
acegisecurity,2009,12,270970,258860,1403,2.,155588,12110,1.084403183780651082640065179785881016339917480291025673881473975758441918292791873416491082401191094010508464507233476645985600000,5
perlbal,2007,12,1491,250,74,2.,9489,1241,1.1504607177365130397465219754459638688843885903054776748734780366135778229198355193075398562285093890364017060639372223314810612055249340096000,3
asterisk,2010,12,747502,656923,2654,20.,766668,90579,1.140337694211389393097206565447640088211311359524197883117047842851582399173793930118294797196197943124707930093149984932908159388221440,11
embox,2013,12,39960,34796,743,11,126814,5164,1.042449650633270234781334386658158,3
pciutils,2010,12,383,52,28,0.,10086,331,1.033931317273429249795466545589283768000000000,12
cglib,2007,12,14,16,2,0.,13891,-2,0.999856021884700000000000,5
vegastrike,2013,12,87513,90702,59,1,1000858,-3189,0.99681268608887950265652801777959634420,12
pkg-config,2011,12,245,269,21,0.,137822,-24,0.999825790295138006478537160923084405223073737544415360000000000,6
eyeos,2012,12,367005,426953,107,0.5,1484830,-59948,0.954049208537591619467358907463850017385081262459396929000000000000,5
cobertura,2011,12,239,12,7,0.,94307,227,1.00241284013600000000000,8
rst2pdf,2009,12,24267,10583,775,2.,16722,13684,5.504279131707306527562831705646784591400681794399279148427033306836233953336177911213531195951720800632627200,1
gwt-ext,2007,12,1699047,903846,868,1,1203135,795201,2.9493373929647648252220634414777674573714802662617061269760,0
hyperic,2012,12,989032,323272,1474,8.,2126565,438282,1.259602211243564135013761312339648192559778625975507733348387411567105980837843339683708534186619068290941332943318703305905677544378483880624947200,6
cabal,2012,12,12452,8511,405,5.,35227,1927,1.05786786786326960689919323391975933884948544281468261255083232283170745446386529338556245289887383694815958936050786863434423891981636270270720,8
telepathy,2010,12,790062,364766,11014,21.,698878,244574,1.538348770862895811905000508828847346900525103843740663250552750525643915881707229322928262581057230230916686204832818119131100000000,5
aspell,2007,12,400,167,26,0.,28030,233,1.00838219951834715818851470000000000,6
phpldapadmin,2004,12,17851,6390,1288,3.,25166,11461,1.8362641371482888771931961900431912833799132772854949278800504652206435414796501200148662831867708365432019124964536528000,1
ror,2009,12,1763061,971568,1044,1.,1275030,791493,24.6825050170705208850780958794693526299930182117989907296842167489334970235053374764883394984963774487378701186474548480000,1
bbdb,1998,12,3944,1844,179,2.,26661,2100,1.0855014046727500972821307237461151903663038325452128450817646668873600000000,1
viewvc,2003,12,5012,3885,183,2.,11827,1127,1.1053271028079945736637526058872793813174294824805108805938538493471620724736711805429991995763643044665513071884331288417143971538854935280000,3
smarty,2010,12,335,254,26,2,93,81,7.75,0
lvm,2010,12,26230,13002,1181,8.5,101953,13228,1.149089884479815924336463084846263030059648131734445590635168761282467048656085863102848542126889020060080906048975827622768069856464896000000,9
firefox,2009,12,5630869,3889821,24181,162.5,4734918,487869,1.1148724679150832690992187338934349932287349148134394414789515164864694694365528661621515460712852399350912054026117315945930406612749619200,7
kadu,2013,12,0,0,1,0,192173,0,1.000,11
opscode-ohai,2008,12,2045,507,28,3,1605,1538,23.95522388,0
opendj,2012,12,135496,117370,758,5.,1034890,18126,1.01782714573074067273298586122440910873205605036534355418844981968962864422996005331062098354550501147735972115579622838661213093243426482621854720,6
plan9port,2004,12,365642,54336,1208,1.,551650,311306,2.295251805764989035609185039889437785284242283425328686548709476037846693192470735596964000819540723082999416246581622462587114528344875008000000,1
hpricot,2010,12,2018,1991,21,1.,27152,11,1.000407135983011906451725434644304739278299576833770317285265600000000,4
jvcl,2006,12,116498,36627,885,6.,2520878,79871,1.03272051247654700258913057476685887258692022871349896748010915800369680238774467888280410724675242670755403585400026732230185110774881938075716782981120,4
go,2009,12,518794,340720,4063,11.,288031,178074,2.619487617879058739465336215823045265661463285211063534102454799172623923237487517147255337959415055252260361253086161514142105600,37
jnode,2013,12,2202,1618,42,1,2315858,584,1.0002522379640209724296287560,10
kate,2006,12,25321,19562,786,14.5,715,7,1.009999999997437233990424009047930733298284264328470566924645446324784873669958041600000,1
tkabber,2002,12,30635,13356,315,1,25045,17279,3.224954931559235548787150812734651640616611056836030,0
qtractor,2005,12,16438,2135,156,1,14337,14303,421.67647070487875654463807273834191835414071533440000,0
dpkg,1996,12,6622,2839,108,1.,24318,3783,1.184222059907432744903464871636250058530724795643969894670000,0
infrarecorder,2008,12,34106,36468,165,2.,162133,-2362,0.9837389418621696002813553294519868734144195927536874876809731050304474699200079222756896000000000,2
gnuplot,2000,12,40610,30670,258,2.5,78968,9940,1.143999536424651525486600901527933107762674263164045153531396628600586320256396080327151312471897423249945300997346289103133926570443774011055315200,2
netbeans,2010,12,34867319,22384976,43248,56.5,9544041,245981,1.027839034054616548657829013007301439693924661687578260567151737230550905384113788759867435958456706205249705477530388091932562799004693568000000,11
xine,2013,12,0,0,0,0,1570142,0,1.000,12
dtango,2012,12,368,179,16,0.,208371,189,1.00090785946915296947477743263895243606516000000000,6
wsdl4j,2003,12,1126,393,31,1.,10019,733,1.0789360327374944470137874343540143465276731554083306919461122430110466008335851560000000,2
aws,2000,12,9949,3043,326,1.,7500,6906,12.62626262451230927227822906833188585661231391407050499697634089496911277705879732735884244439035225418240000,1
automapperhome,2012,12,5352,7413,58,2.,31052,-2457,0.920754716978452262029402454670379565773607150388496363049324939625000000000,3
grml,2009,12,16352,8163,1040,5.,72624,7642,1.1176017974191312709367262358438967873403548253704394438702512948626178809170084091929528330438392673914674401637589595421527713595278028800000,4
busybox,2005,12,73951,35422,753,4.,144311,38529,1.36423020933440894229994745394972583192370736880276855236338025501389805723813067657397706871056126624966996986002880729928275470224782131200,6
reportlab,2011,12,2228,453,73,2.,171774,1775,1.0104412378888210457522741912320247466736682018120234577637056796001530844507929646284684158920903416920750809757966127349830858081248587520977158744159449600,11
konsole,2001,12,14108,11054,349,7.,18945,3054,1.1921842552365924373521425385346290203541095209140869468070178959967198104123335307872260000298517591718901351479541182158452236959744000000,3
theoutcast,2010,12,0,0,0,0.,86741,0,1.000000000000,3
cdexos,2001,12,152528,42311,235,1.,197754,110217,2.259090441787178443750193901466885656529203843718698368835232562562914800525915993041828291909427948800000,1
pkgsrc,2001,12,83953,45986,7810,42.,99420,37967,1.6178217499487224274743565658747732702186190808101021143298375039134711290298804261462690783783505140098390496798469809443946344448000,4
djbdns,2012,12,0,0,0,0.,3502,0,1.000000000000,9
lesscss,2010,12,38922,45075,416,2.,4656,-6185,0.4294806753473537573045253481376257099243795379274834399052095750076288802967050426414046020696401920,0
aria2,2006,12,60680,23458,297,1.,54250,37222,3.1859290587252525661428038646215949663666176525204389062579557061367991058400118684684958158648147595400396800,0
gendarme,2011,12,10300,3821,177,0.,81016,6479,1.0869279379625252997552515989774219060573346661279352235099520000000,8
gcc,1993,12,61591,23374,3080,12.5,229893,38217,1.19938333438872185412672589461270979514458565408421225245471635929835304670696760647738621444640358426512963445603512921729563328086835200,5
nixos,2007,12,8363,4353,595,2.5,6138,4010,2.884398496157988925440576684501596136724728159724907661074154825090460364333755531162855044193461281173534612190751247293082214400,3
wine,2002,12,372459,248314,3514,40.,743162,124145,1.200551842681197438812410408566154906375957418205097197488544869746037084272802548595695848997406028110847853973591236425509587500000,9
expat,2013,12,0,0,0,0,22710,0,1.000,16
djbdns,2013,12,1,1,1,0,3502,0,1.000,10
digikam,2008,12,762604,548320,8271,22.,748374,147259,1.24497641891343721276842971392013266720434575957819319415414788571023781353517427307438021685008391815233868611870716155320710200000,4
mambo,2009,12,0,0,0,0.,130527,0,1.000000000000,3
feh,2011,12,3605,3185,210,1.5,11343,461,1.042975668878181593189691417215784501427892785788587504725442831536404387855563538251230242910146362591600594921028922314957701176095619399680000,1
jquery-ui,2008,12,84780,73297,1629,9,27163,11483,1.941615416200556546081006017741994193648891578464165550559867502323222570288,0
python,2013,12,66745,82548,1253,28,856744,-10166,0.98827329249367828246527484740799584,23
freetype,2011,12,7879,5663,220,3.,291514,2210,1.007639181743531332667521911817999169180210569607209002351853740861897183876262319068532408537878678281592120120445210827396597703995827741011888614809600,14
debian-installer,2001,12,7734,3054,300,2.,16540,4680,1.3947368421615596295879890476290073044800460357730556104091497115963449529373429539838315923562237782400000,1
tramp,2011,12,1158,1335,88,1.,14543,-177,0.98780739821287952329822579716702229060579165933089171834241557943946808145317688503311523118037976325215253851421630109390018428076769371750400000,13
gzip,2009,12,969,402,65,0.,8618,567,1.07107935314016256936805100091549700390368307914483326038400000000,16
dtach,2005,12,21,1,1,0.,5611,20,1.00357717760700000000000,4
mldonkey,2009,12,446,275,16,0.,220434,171,1.0007764398190149278281730538605823734100000000000,7
tcllib,2006,12,79586,31320,589,7.,336925,48266,1.16720767409140328713451533826019122470215600076494852668584727095204550183539425047199159127591422668340762733906314410477299353097543680,8
pencil-firefox,2012,12,26298,2812,168,1.,83530,23486,1.3911464925450950561299484153793499740480756719781620712077023180479699613210193251085583138012668908581851890856646299726802816000000,4
bzr-gtk,2007,12,28485,23880,671,4.,11667,1424,1.1390217709898393215880534069717548029902237124679877100034334293077014725979747007321696980048444346084115968292230148171533926400,2
openbravo,2011,12,2199755,2756033,7262,20.5,9011136,-345862,0.9628541899562086961526790658589765342195015074032521715888417731198917960180279003851815566005735138871702165674500141751279600453371344351184000,4
dwr,2006,12,52129,42906,655,3.,24350,9223,1.609704501906851840880744107891776701411105118601963682377313026833913482068488730199251378667634030313928728505149061380414720000,2
ntpd,1995,12,0,0,0,0.,90,0,1.00,0
bluecloth,2011,12,1014,544,27,0.5,8396,456,1.057802002789235893920267923447279664052232035457562804181200000000,7
jna,2011,12,680697,506602,513,3.,125361,-4512,0.96389042279578441158820156909706348664754521913572095426017740361704464943392668390144879326439721131109792283460740870561361807192076642999001600,4
courier,2001,12,33338,8640,371,1.,78363,24698,1.481818181758806706585411116330186482288381585773462882020729948892593089967217342597946347976827518639410985483026112582011525672316624000,3
eclipse-gef,2007,12,129608,55978,472,3.,221457,73630,1.53645066806718695176822789055580911625639364503867898120600514414727756626667031690159064312470817880762772118676880139794671673669551390720,5
zodb,2005,12,14374,27090,277,3.,52249,-12716,0.74636987398761456812545371881995953586551989328209897380152410918285262643257050848755067136895347956121870540477780115364283925135360000000,8
WiiXplorer,2013,12,4400,2811,37,1,51470,1589,1.03185581684056562816640,4
fractal,2007,12,2121069,1483795,5145,7.5,796231,637274,5.009096799810428962470648939028160066068398453579392411224099184041133819996009466699457150315868351351839742223836878216089600,5
emesene,2013,12,175,41,14,2,81911,127,1.001552870977703630390599840,5
canaima-gnu-linux,2011,12,18916851,6617378,1743,4.,12537210,12219823,39.501334333823460881730154513671122487502891527560024859272135983600333803897717893327085447210711780774904568801129572288252194606337228800,1
weechat,2013,12,4597,3952,143,1,143600,728,1.0050954700715754858822033975917889530,10
libssh2,2011,12,1433,425,118,2.,24951,1008,1.042099987468831764254255899648028933312946985547562611917550096410131702425010206169366290018598820105973448238445490224647936759209244414594449408000,6
xalan-j,2006,12,22917,11044,180,1.,205369,11873,1.06136044154923571335126259044910074724748314076578769895351922531595893002065470168455413596160000000,6
etckeeper,2009,12,534,178,46,1.,986,356,1.565079365079325607030937222843227424375830416514975016827785865692415185152768000000,2
squashfs,2006,12,9419,4989,49,1.,14649,4430,1.624383368534468069640860975743435024086792630077572432868117984637380641990656000000,1
wicd,2011,12,2360,4815,163,1.,26569,-2669,0.8989091735354699892194299825724950906268001847074968933849959332601554600000000,4
jarios,2011,12,339513,184555,311,2.,872132,291376,1.501718449744257297284994096106889281611520805282467728368783063117797924843514420317191023040055431999937434705209603462968024274440630870905600000,3
pdfcreator,2005,12,97905,76361,110,1.,51816,21544,1.71168076101229258086345182594370785421431185979830429674335407280749931439246797177280635008809897465120255840000,1
mysql-python,2011,12,0,0,0,0.,11006,0,1.000000000000,12
freecol,2012,12,40622,32378,896,3.,128225,8244,1.068710879222181968801820331166521781894883966814230913493934473843798863048217444478237129983849498452585958251262576288386893010694421083760000,8
defender,2006,12,906,376,20,0.,7126,530,1.0803517283173810107814446751572746864265880267800000000,2
awstats,2001,12,17291,14409,248,1.,5536,2882,2.08590806321826918876171228214054162666135528004751151568876431274374814006428928794751384495635230306947055470588187408808992000,1
vim,2004,12,749247,37041,990,1.,1032496,712206,3.22362858697576780254951101601369556959969059136786576277994516734315193847578703888425459642993236139174322554383030863287383205547296295575040,4
gtk,2007,12,80439,17643,1322,18.,544330,62796,1.13040823700151630882621370664110187091629423349801706720402568672609401431457327408123416392609390450511426664489993147719700413610237209600000,10
emacs,2010,12,609767,574207,4349,37.,1586494,24104,1.01553142820042988984449482581958525935433703638786407011018608428155721932540338413369438270439749190492979664657067228169853387686062913079482112,25
lucene,2013,12,52757,45525,301,12,421602,7232,1.017453000941372190034813564901161089,13
htop,2013,12,22,13,4,0,8285,9,1.00108748187500,7
kupu,2004,12,37500,25601,682,3.5,15114,11899,4.7010886468806695545699810883098174184134813918177555424053171595449324832400824092827333651917559936900614611127657303226220032000,1
monoxna,2009,12,92212,192905,130,2.,179637,-100693,0.424397633315178448578553150855932066082016311297303901810600509493546364642192917564519358819179520000,3
courier,2005,12,10739,5444,143,1.,185421,5295,1.029396089400312413679256846082171160787580469503860977716016245578202272413255896888128666054604377493828862494285192614800870364357500000000,7
aforge,2007,12,61140,8212,232,1.,76073,52928,3.2935390213577741576175565012128814441560755782212332824637467196945823881897750547238827780137938529755483343261609434984920694978560000,1
bash,2013,12,240,175,6,1,188654,65,1.000344664853169434169386410,17
zodb,2009,12,2539,2855,160,2.,39199,-316,0.99184158210960060074808759469098377596993590647363673204317402624192345327154405901260834908941418024883048891039290389039585397808844971566232000,12
gforge,2005,12,85308,41611,1722,6.,172564,43697,1.33908603448889893761624404450896906152984363453094211578341767426290339071341921035433034101942603532501939370559497868131980088934400,4
sqlalchemy-migrate,2012,12,9,1,1,0.,10512,8,1.000761614623000000000000,4
illumos,2007,12,1405279,541920,3262,129.,7725767,863359,1.1258099197874309395295967845499030596457494666133599999046107102359649249243992335289778446933755330797006139767639385504351294671217933696000,2
devkitpro,2008,12,144504,97716,1154,3.,187060,46788,1.3335519561810556335063655082107189106910430896347876755653648070768771281513109723788637831660548748969553614521735016624749345308504309760000,4
commons-digester,2012,12,49020,47538,188,1.,54876,1482,1.028253326728144292226436254000018144762291964255640130045512503895986894402952361005999763913066001142988800000,11
bitten,2009,12,19871,17635,227,1.,11421,2236,1.24344039193402675803115354236790617656087513151149001242822938858873938289936137841539987823051284225024000,4
darktable,2009,12,35567,13336,488,1.,44111,21440,1.9457015570138859121719308035307985945317113739886870250459382012230829280507730498272000,0
nginx,2008,12,14529,5454,570,1.,88097,9075,1.11484143656152900315906733829377842587400833145575043361343759328154168398279680746839073371883184190260747667917733377179269453197872520000,6
sane,2004,12,44695,34971,344,8.,317657,9724,1.0316026207717735923253177327390241479811231337461083581258457803910270459272784390132591486496263858665445128596080085001527063342321614267680000,10
nginx,2010,12,8927,3173,371,2.,105992,5754,1.057403379952605942481924963188975806748490556223207133086661622318865714111709057470780472129680332086004571997919422335811235452012744646704512,8
sonar,2013,12,110669,101710,772,7,317052,8128,1.026310678357982590952731785699031220,3
m4,2001,12,27136,42332,400,0.,121288,-15196,0.87227246747025610394649676262169148025485198151300000000,1
nemiver,2010,12,12977,8997,206,2.,59433,3980,1.071772492019775903088261500965769695689853129638726039946242498513628784893320230223429688938510850060444443941372422619362557722336000,4
tortoisegit,2009,12,315713,68121,1130,2.,414380,207031,1.998466353932806762737976623127053360101521537392619197120462636383378540227507537528505187094153482511049642559491171291758125842412288000,1
svk,2012,12,0,0,0,0.,38817,0,1.000000000000,9
gnome-commander,2004,12,2058,1221,83,1.,79149,837,1.0106880171616352345752090362028508964000000000,3
supertux,2010,12,5594,3614,255,1.5,129945,1980,1.01547298089332865112511631682417132095821279170127349026421175337328180362591389664256000000000,7
jpox,2011,12,0,0,0,0.,1108397,0,1.000000000000,8
ravendb,2012,12,7536232,4191498,8298,17.,1073445,695673,2.841515517316606558495213016053582121541818211453119242437952956687024187789633561976547930685828284182474455320600288992620601400000,3
ibus,2010,12,32890,29071,510,3.5,50935,3818,1.081135644014001394871611029961080157274828176044522758904673794680156173685196615999566403806018473575951483873347646417457505596417704960000000,2
tekir,2010,12,107227,55271,610,0.,176655,51956,1.4310556532379508357655917482734916577932965002668258000000000,1
kamailio,2011,12,0,0,0,0,285357,0,1.0000000,6
ramaze,2011,12,6755,14503,160,2.,22955,-6985,0.68808609451549812622429378531464834500900792026644112250690160875934367890571312876088079169402596895632000,5
pdfbox,2012,12,36349,32624,255,3.5,113114,3725,1.0376864085874344717531944251620833722914461423374578554370523413373866319355344156759049773934657460239811592251474574166206938215500800000,4
horde,2001,12,73432,39377,6162,5.5,53926,34055,2.71380403602398961865535327254371456534817066922837597962825180182408501069677146164044201672837668391634177026915230327517245440,3
kmeleon,2012,12,16,10,1,0.,71574,6,1.0000838363514400000000000,11
dbus,2013,12,2394,2116,39,1,100370,278,1.0027774725004521735231725573074800044220,11
nethack,1989,12,89349,52875,27,0.,66898,36474,2.1988561662224501656988251668850642533669853347952327800000000,4
windowmaker,2012,12,6089,5827,378,5.,95982,262,1.00274006986077548332612885653995136542504231282315193102389385122682477317047167401824580277549828504969698289883642249757757500539805612875746100800000,14
scilab,2013,12,221856,143197,737,14,2743430,51410,1.019097183527366601580806695358991356,12
identityserver,2009,12,4135,30317,128,2.,80144,-26182,0.67331303650123414054646950790397421030797944641761385763710494761736382799570670878516460925324992000000,2
jforum,2006,12,94398,90494,496,2.,54530,3904,1.079650712015206146727498762722676298878614127753956512184083936438471431333057097911072006879190765903810201380535997957129067815000000,3
gedit,2006,12,31293,17589,462,5.,71991,13704,1.237784564118484989554695731225806031023132685978744136891125850743123672358238036483433081979434678763677136488643056513066287177008152576,8
nautilus,2001,12,202227,333942,1984,13.5,306335,-131715,0.47004506320348857527563681509563589449213400462966401296232197306842392053059932132594980406755835529132912351989350200598235714273280,4
winmerge,2012,12,21,36,10,0.,391457,-15,0.99996168151721045079135656814798246163184433000000000,12
pango,2012,12,5314,26367,225,4.,62651,-16641,0.73277343308216792579948720564752001864187118622727424988719105924916225904285799786910338082326134769831337262100352710995148218236134230474620928000,15
forrest,2012,12,195,77,17,0.5,234283,118,1.0005039181773639485308560138716874536438325503323268668012417956540353622450918400000000,8
joda-time,2012,12,1008,155,44,1.,87857,853,1.00980414693627683441323095284174384316468180350213289279374556022328551192549214895042376352265305362911203882880000000,8
exherbo,2009,12,188237,153297,10388,28.5,77673,34305,1.791021029316642130583152049759988263127828403041400353246792796207163373451197161612615000093309533220124598153572153990890213376000,2
SPIP-Zone,2008,12,1208955,763682,14493,41.5,1812942,445273,1.32630079384748291911224394969608731160321177587589599550361022660392024770240611741725823472576212568249262421184514752198338816640000,3
wym-editor,2007,12,14212,10356,388,2.,7022,3856,2.2179406186474230555114425345250010242767737267740892945166622714977923969243889851995072000000,1
evolution,2009,12,649059,922955,3392,20.,1039422,-283227,0.72601638522109437717553851304457535954799964130349501493632809096588471047764533005464857205663077325020877828849213675577610532566044418278400,11
p4155,2007,12,302760,128195,143,0.,231844,174565,4.047626529795796214022337929273108203145422500606557696000000000,1
matplotlib,2005,12,233067,33841,1242,10.,435948,199226,1.841603230828010580841588647597273659731646107885422389214641614741204849134039668359944341806659638778907450962724780043859163777779621888000,2
oprofile,2002,12,38868,27204,1014,2.,23042,11664,2.02513622797193212386051094177708675703494064323826646497641478956148455206015354231991819552224364197583331831254352372490569852928,2
eclipse,2001,12,499829,217450,3434,35,565608,282379,1.9969988949477228712033626221153478346676180600894080998315822817740495895680,0
tapestry,2007,12,630361,215274,1516,5.,588973,415087,3.3871214478710076006357240584298842984759174734365793989488191568984440295684243572195013831236786526065565722924531068437706896121600000,1
horde,2002,12,179800,93435,13778,6.5,140291,86365,2.6015465639148658288555318718532628994458576795040963418841991031974440204456654302776690490059625468844290341954723686470451200,4
mw3d,2013,12,0,0,0,0,349022,0,1.000,6
zynaddsubfx,2003,12,642,210,26,1,22272,432,1.01978021978,0
identityserver,2008,12,79499,23706,778,1.,80144,55793,3.29119954027817718999042014129994547122188357739162917417593607704926039793401552109966229447411200000,1
dolphin,2012,12,23243,14195,594,6.,32962,7030,1.2728401769700729795394502919521234694608968833000268267215946296083550952162877695265892666361053110268841254312301564774784998707548160000,11
OpenDS,2011,12,931,962,19,0.5,826508,-31,0.99996249280104264709006196130000,5
tortoisecvs,2002,12,76883,41969,682,3.,132537,34914,1.40731710160705311549370726182349663570915543626748516847718007248475082970303039145661720860555248709241953635682436404535472888299520000,1
pear,2006,12,2936848,410640,25211,76.,10701714,2524860,1.3087813479131506224930378095789264438090228480300071178761422775612503507151953158983739488985217976802783278167797712403864035414000,7
GnomeVFS,2000,12,47751,23905,844,16.,48122,23846,1.9822870324469716061613595164337055932186507755518666012898564661663013474454541240092400996743377678675258905262672378153000856000,1
octave,2010,12,170675,130150,2947,21.,723965,40842,1.05978718327161680275332445175934497575209267139262273367932922352879977082014110701853460376298872117012056795795438548184376922083799746560000,17
SHR,2009,12,109954,61969,2524,8.,75688,45933,2.543706940028768849896862190556954566546107584037692427840515072593735002338919875452457377040667627916846682742288612868921139200,1
bugzilla,2013,12,571,359,42,7,69949,212,1.00303999311694070053890840,15
slime,2006,12,5348,2629,335,4.,28533,2719,1.10533044085652906604316353248630559963328148645950296706452007213472979342937141712142789808190121718675192330781007137451480172587052800000,3
illumos,2010,12,790535,993040,2614,126.,9933017,-277831,0.97170719666295167936113409799981555376377183126246847637070154412411321633635719088614355139679318943642042048993355801142497123921386484732928000,5
seamonkey,2010,12,196255,165944,2939,43.,827985,30230,1.040887487015022087854366350947020629124645025752058770948207025703857509511908387823284042856469678679014649538254184710954136198710328116183040,11
freshmeat_apachejakartaregexp,2010,12,1,1,1,0.,4193,0,1.000000000000,10
ci-cms,2010,12,4316,2253,120,1.,83782,2063,1.025267309274421193665560076891587856573757545126506885862252379520224672785395862402613051414280391513690064880000,2
make,2008,12,40,33,4,0.,30421,7,1.000230157164463916481639429090463103096860000000000,19
spree,2011,12,146634,138242,3898,13.,56638,6438,1.131013430984766840339408906093961697974792122952660841219199410432760157148022449955366787142497107485262861838540486922201806952202240,3
qgit,2005,12,7393,5472,221,1.,6090,1921,1.460781962126142969692129831376484224779064,0
googletest,2012,12,1132,1027,21,1.,40406,105,1.0026267073606749875509103464226165324157954942698042398844668262710152262969974747056293498570593788934428359950336000,4
re2c,2008,12,128685,44593,154,1.,248019,84092,1.51298443820275499554767636460150976827789241406014211803601225181189026163742901555069312000000000,4
freerapid,2013,12,9772,1049,194,4,189069,8723,1.0483681368059695974712397907627923,5
cake-syrup,2010,12,37117,36246,82,1.,46923,871,1.018913402240666557391888195089293829046154378021047630641009240240248217517804341065159939976031667077534115840000000,3
kpdf,2009,12,291,89,1,0.,80559,202,1.00251378224700000000000,4
stumpwm,2012,12,0,0,0,0.,13764,0,1.000000000000,9
wxpython,2008,12,681150,723191,176,1.5,1520877,-42041,0.97295609136447293626067475726645439015518115457304053207808425269555160552692919239719490390734839885971117990271358179040000,1
hbase,2007,12,50332,22863,302,2.,33336,27469,5.6819498881852991186972912034494014488245595454159983984810896866377209249293819200,0
commons-cli,2007,12,804,3037,54,0.,7477,-2233,0.70095085040038722246851540640345618749916299177813801926560000000,5
epsilon,2013,12,25580,253,44,2,2410782,25327,1.01061726169642976186880664605418840220,5
quickeasyphp,2013,12,0,0,0,0,17054,0,1.000,3
Centreon,2013,12,1972,792,63,1,491236,1180,1.00240788807848065022582180,6
phpmyadmin,2009,12,863770,741809,2643,3.,259968,65360,1.33585464111895067078147522282545747730831469243128173941491846210211522834060303474978139517432123900388509810565642949297722993662365147689000,8
adminer,2010,12,26275,22760,2302,1.,34065,1893,1.069570010960929815553397951048503973989876952957179313492640945708743546234337406040413337294008239193962558263556892133981121243648000,3
bpython,2012,12,1777,543,112,2.,5744,759,1.15225677030533007805346565874459917167327070937207238441181891916172942983998109425373914074015543023753544766286080000,3
jinput,2011,12,0,0,0,0,12877,0,1.000,8
looks,2004,12,12533,12333,116,1.,15539,200,1.01415227852312563468381625467869755794422313720449144481647071482358114882818960308058776798482236039877373307615756800000,1
poe,2011,12,2445,2195,137,1.,22941,185,1.00812972402897120580762922332446020357456913882344973617886762463046434449666310270780435906637220000000,13
springrts,2007,12,257402,202178,1843,8.,318318,55224,1.21699699792632670348246982967982560490534558184315800899557505266887033584180156040296251070522394876862226633597822377588226552000000,2
clang,2008,12,186729,115495,5714,15.,119719,71234,2.469196658771426172421201947103744041510401630412443916822437294821559862267642765129661052507090291035408592095452342873249546240,1
jasig_uportal,2010,12,170544,238369,1042,4.5,178087,-61669,0.6472912996357263501947704988370782833581817714042383701916354518267824515013722079308835141378467319580814259532617482045674322840492804000,10
debhelper,2001,12,896,951,87,1.,2151,-55,0.974759063790387005159933988520608117632240329741919552269615988322450464770610681879723718876553351973582439959184052187198617497600,2
cvsweb,2006,12,0,0,0,0.,3923,0,1.000000000000,6
jokosher,2006,12,38179,23421,649,1,20852,14758,3.4217262882643587037677511557320238657091664747261915620876822625162880000,0
kde-playground,2005,12,1429740,1047231,3810,38,566915,382509,3.074276325223877035651390483508625049068896984560352610028712154959022720,0
flightgear,2012,12,182845,71871,1370,9.,414388,107498,1.35028185995977371728425801808843335120340383276457660280736522982689467475235652865028849667520536917079668702218599700923670156892282880000,15
outlet,2012,12,0,0,0,0.,4545,0,1.000000000000,5
kismac,2007,12,13207,9415,23,0.5,83900,3792,1.04756349953276857228367545557668081945777774860346222222181810076217554944000000,1
bluecove,2009,12,9776,4310,252,1.,66991,5466,1.0888419341702604651808482923423136951852996378163693598446903304903218934937492677016153733248000000000,3
adium,2010,12,9519,4267,210,3.5,228385,5091,1.022799537826109710533714300843741630600245593009833596770142278407393429686121120171094535662569996193639040893915606346257337462402466545664000,2
evolution,1998,12,41374,13556,730,10,28887,27818,27.0224508889878221288371296021907264014115729237983891666976857305537805830778235319741999292357271736991045321228288000,0
indefero,2013,12,0,0,0,0,60003,0,1.000,5
VMPK,2009,12,25845,9260,213,1.,23473,16585,3.407810685076516323040760639454233042186213923127002406765052527232338777573812918384170871549538184736990850633011200,1
mason,2006,12,528,200,51,1.,35173,328,1.00941311522427452804837045338953131070742174289073822083892778030395702067200000000,7
xvidcap,2003,12,160465,17766,193,1.,160533,142699,9.001513962542674035089827305026840401881009564569760151813825459128848959227840,0
blueman,2009,12,11616,4011,441,1.,16225,7604,1.882032246834707947166315503727582242260762878851502824094720130782171353735079583959903965486986405920781160090154254623763311488064000,1
thousand-parsec,2009,12,42114,167875,685,3.,99608,-44129,0.546618310362442381273406364004745382063882626246451783999554535212681844134623807443154949565600000,6
strawberry-perl,2013,12,1722,127,22,1,28518,1595,1.05924302640771331643280,6
squirrel-sql,2007,12,422318,102920,2016,4.,943385,319398,1.5118664331245166593322857994888404468619477211685232227264523185578923538341419063715077455242741103473878145314730783830840543760000,6
lua,2010,12,220,15,6,0.,21015,205,1.00985103315737172838573200000000000,2
maven1,2006,12,8887,5405,213,2.,35020,3482,1.11040649374789765378443407572537467019485270120108480322771547061127182972903180306598132266069610309850907780632560827164185642543107660240000,4
perl,1996,12,438714,252332,5986,4.5,674502,44190,1.0704825157389401032763270535641250072376826400000000000,8
beagle,2011,12,2,1,1,0.,231097,1,1.00000432720601000000000000,7
collectd,2011,12,17742,11941,214,4.5,101619,4165,1.0440433136600173000976734867278034725395790584761528997233920089314763297608392642190246436502965990528945635342935805538380975891353600,5
wine,2009,12,403545,238999,11895,59.5,1913703,164546,1.09407160134623589010919883798746424144693605030682512581540107941189725429831348701480606162238406343404787047014888625622082245530025302016000,16
xetex,2008,12,1168198,508074,430,2.,1644591,660124,1.670539489831076772618744917403775739784251736753330368447756070036146281508327241643322069518679006470138468638421183068725565000000,3
netsnmp,2000,12,74962,36895,1034,5.,120308,38067,1.463305097087424260814715939613521187149430318675870330966721805668314459055416949400487525823244903167655406215397180269317457511040000,6
paste,2007,12,6056,1526,398,2.5,39186,4530,1.130713296401544693276651118249736685017690586712641124232866467805344358299692020034676411803801390866947195397856412318233654208000,2
tkabber,2009,12,4684,3509,154,1.,49291,1175,1.02452873515227364410072048475672229673694401360534891939552793022608800928098398064986164370743890435713079432091496863859689625937461770085990400,7
ardour,2007,12,88532,38214,990,5.5,366668,50318,1.15905800537030201923909125441663473503221844921457036777694233246473658696696628645786188339743816660300918346797048959406600614097808099257344,2
feedparser,2008,12,3460,688,36,0.,140376,2772,1.020144763233367732600994640000000000,4
groff,2007,12,10102,4917,52,1.,146749,5185,1.0366265434739472115080377502079761958600134166097158591279904571711537077799794935202013608681556864000000,7
monit,2007,12,1896,1839,199,2.,26085,57,1.00218994928352688343182971497782224932149003904960607344246740073313259407669638456175837067776904342356065350920330539794090516394803200,5
stellarium,2009,12,183833,105446,2009,4.5,859791,78387,1.1003155857755978911435614338918029351391598238570746580234706998602099929517191511483197062650064813618470785301912936606729750418735895838960,7
rosegarden,2012,12,81271,47373,237,3.,744534,33898,1.0477009326844176601245906784020767980328082250030813960913228754543576813431334827105800469962231648284770666593274147307771829104833239199070578076480000,11
octave,1998,12,33534,12525,210,1.,210774,21009,1.110710615759379237616755224862450066398814891006281544683892026468631415785168176396703853178010615235597485437519341920000,5
docblox,2010,12,10670,6659,120,1.,8832,4011,1.83198506535250404725684069338411382298324800,0
pyunit,2013,12,0,0,0,0,1589,0,1.000,13
znc,2007,12,6111,3821,138,1.,28991,2290,1.085764578107477969409542423247849694450811538320703201265452692242167359818792925243684208794713491796828663766359213650051072000,3
ilias,2003,12,457868,146173,4171,8.5,382702,311695,5.3896376415176616271922226969021316303565464551953772739921460012718170949197958122416507261316984574964855773863176591534080000,1
gaforflash,2010,12,6,0,1,0.,168107,6,1.0000356928275300000000000,2
xnoise-media-player,2012,12,97618,65524,1660,1.,80756,29520,1.576157389413339301244198583340143789274876771628656200068360031710698457559761497587544513084123044002447127586129042774908479016960000,3
libgd,2012,12,0,0,0,0.,144087,0,1.000000000000,6
kpdf,2008,12,136,72,19,0.5,80357,64,1.00079708069203871605119350992079996867713339606731772409433378180000000000,3
itk,2011,12,6026261,3773423,5213,24.5,2453075,796442,1.4807594681541400523334557645127849861782110001706761023835614382996495283581451531336382632215039198375575181771143350330197333452286066688,11
centerim,2004,12,89290,17208,508,1.,42664,6604,1.18313921242828667350170086379907447219389057468079225529972726460293699090251325960394227149514707993907184921416841070444212480000,3
oro,2007,12,0,0,0,0.,33756,0,1.000000000000,7
horde,1999,12,71604,50521,2301,4.,28800,21083,3.73202021464859668089983183645625919991308847414918585532090000141357775737318694312731579231984281970597954319139850240000000,1
python,1992,12,54961,17237,584,1.,78237,37724,1.931157899898283580117457595180760807914969194532412126154519953970989210894085493060314998469846004893501526510884977048382535680,2
secondlife-viewer,2011,12,5361766,3502389,9632,34.,1012647,97567,1.107410294189560669479207991296117313059864314349397221622141344913728558991996533549555139421899291189743311234713293891018518983857930240000,4
dbix-class,2012,12,34001,15632,285,4.5,50119,2981,1.063865798267414997765339829390467958524246650597473763020336038930814293261799228625582137267716833029520656183845717978678492000000,7
tinyxml,2002,12,5798,4487,42,0.5,2798,1311,1.881640887607699318727712573778735206743042405120577355447052160000000,1
ratpoison,2011,12,4,1,1,0.,14789,3,1.000202894630100000000000,11
ganttproject,2005,12,54807,34944,896,3.,47182,19863,1.7270763937349067400380233757727435501813644565870557194520813026935407191444827322706176913050784024284704451507526399323762593920000,2
rockbox,2008,12,360509,236471,3450,26.,638223,124038,1.241232241295500695241670516096741128092865158806514449696351612823200700084491665628972185584138537250991352580733636971086072395366400,6
pysqlite,2008,12,3553,7947,66,1.,7133,-23,0.99672457988354033748484710709639366041048594570038167937753156468407333564158122318505464086080000,4
prebuild,2008,12,3159,2218,45,1.,13141,941,1.0780006631312901661262319685630597821350165804662162217780735556614243400000000,2
kadu,2011,12,336936,286856,3759,6.5,174559,40670,1.311752621534651696508787729395118797677330022201680298687690491581668916185100273495512365461873935774615775203695614556205824767500000000,9
ode,2007,12,51622,42688,194,2.,108514,8934,1.0897168106051450073165342652119032403221732246480379178061504806216146364567959977448168739382347905462143260525215200348160000,1
sed,2004,12,1809,1403,47,1.,36943,406,1.011114761276221318703525,0
twisted,2009,12,20690,20518,284,4.,186252,172,1.0009243336205077236716746679064609229503512857894560675064072717207135278297734377899534668875961278487997066167085666221854575134676987801600,8
chicken,2007,12,52390,33557,303,1.5,148938,18833,1.1532608519171030272305179320588770981075880449129524774580200709108299174591958566661474701467483843337088058925663479602594058016406903656640,5
py-pandas,2011,12,78282,72448,1206,2.,45927,5315,1.1936318261674089525596036832077743302149974746327027950944676187040557274334937892928165327908037702037863807300766885838971840000,2
meld,2006,12,1406,528,114,1.,27282,878,1.033270178101835622473519810605171376292212386794677622723486799005068370000000,4
qemu,2003,12,72907,26399,489,1.,51165,46508,10.9866867098327131829089681735449979518544614351515985624792060930003152589127730234059869828517286903808000,0
classpath,2013,12,2279,409,13,2,787796,1720,1.00218808359507581065535260259478670965000,15
luxrender,2009,12,1731051,1702187,1868,7.,211745,19059,1.101120555189884403338801436761347766757059471035660815840546766383024615045381876473843290606228140879392089763987795159895444480,2
wammu,2010,12,650,173,67,1.,11216,477,1.04441754352665604408825787402287548899321287378180582205337567851851621030782641349260426901571234940449330282902372406848000000,6
cdt,2002,12,70897,22837,1199,6.,93782,48060,2.0511351209667337244156524307926848018943463749986151466229060096,0
sound-juicer,2006,12,5265,3290,193,3.,9711,1975,1.2552998965437535767365282562622921529595732214416047206060894006218919492083261971598207657951561607582665702979692438549690254987753280000,3
L2Emu,2009,12,141722,99107,1039,0.5,831555,42615,1.054015514481597495708442295214239878365888973598507471410920000000,1
mod_perl,2000,12,1341,582,44,0.5,3261,759,1.303357314101815577312223757041532970149272000000,0
dovecot,2012,12,92796,43309,1851,2.,267896,39502,1.1729555067118452778476248915171579266057953978185579079022725075094688813705304181829399175187451102898061927013610413520000000,10
markdownj,2005,12,128,40,8,0.,5320,88,1.01681957187000000000,0
jvcl,2003,12,1640941,798393,2443,6.5,1676401,842548,2.0104274974756919970407618746986600043001561830794021065032928595004592837419956682987571742774611142374705259112713656248092233203200,1
glade,2009,12,3941,1497,108,2.,61287,2442,1.04149885291963463582868467633235507175368612760189032053479667966593194492878228262819745581953053127382549859336444970073032795783347077120,8
dom4j,2002,12,96330,65464,175,2.,133144,30866,1.301785330227070198990705183228297301263821709030459245647833821065336042007944592182559044528490596162454811474121284172849257422120000,1
vtk,2009,12,376023,98239,2850,25.5,2307726,271822,1.133514153904564946716003243281900663555259290451938990885601673660150265499983232424891915535926214321651375648321243013762905894891975650918400,15
rdesktop,2004,12,15830,7773,234,3.5,25146,8057,1.4714728772924355483637066018982088388967123908203283853284474786003110635067159058627875786447210837889442276744701294399210875462422400,4
nel,2011,12,528753,142425,918,5.,1910709,85256,1.0467083734349452626080377042203777629746843077458934739526804665830983603036151712179025452539339039826865135580355187958143674751795200,1
scikit-learn,2011,12,2761497,2278758,4945,21.5,149533,71929,1.92687232626637017476537334976396311790620760672181130561931777526961131785749051484396954201844131155775795200,1
akka,2012,12,472270,335099,3678,13.5,80983,26958,1.498991207832943178446209006891865018990712182807595627314619949153572816500011482553005573332945849320352443514174864748932143513600,3
kmess,2013,12,0,0,0,0,147265,0,1.000,10
rproject,1999,12,159684,86314,1575,8.,183965,73370,1.6723913561512553329515416945990718971787475033239613503286873404997187534827629400425701063073950382606462339786548667889012772352000,2
mplayer,2001,12,190333,82988,3544,12.,148214,107345,3.62656292034979546650433711275718153746467466164273222322986330751019272469861687116491429955571079040000,0
x,2004,12,364484,137119,3024,20.,1844847,215239,1.132080230335324778174243327233733756755427420669561953812933610657970455751892914200110271834701485338360903600605669850590215406098448384000,5
knowledgetree,2009,12,4463843,4360367,9875,7.,1980765,-258684,0.877005032336624847923362502266019397443299844330328612165737898766453857602311156707699098589832670537684830712687179672922228028272640000,6
railo,2010,12,178883,106085,492,2.,471023,46982,1.11115527479936577106681413985757701247672187724794855448762985252671326152837352733954616548803302822370555494400000,1
ntpd,2007,12,3370,5607,133,4.5,19764,-2237,0.887830316425879046667822003011613557337850680615120609969550060492853440523077427877049359483403822116716578489846212449534690023424250000,12
cvs2svn,2005,12,3618,3259,295,2.,6219,359,1.0619927473702239147972687110073446621990505825986135797635573709575433483148028065816316032561702436864000,4
cdrdao,2010,12,2,0,1,0.,91723,2,1.0000218052572500000000000,10
cdrdao,2000,12,15159,36576,120,1.5,79110,-21417,0.7042055106204588027022678872350812677095819730102568756326384995624670316934829127139311970093670145328143280697600,0
xfs,2007,12,10430,21671,628,4.5,92416,-11241,0.876679867900893383058045602710967357001664716357381402939530156755168906157860212060874052510358888481275398876749665413197157957872441466880000,14
xerces-c,2006,12,186699,104032,358,3.,494858,82667,1.20055508248602232818845882273522469086277129761251890627205576747302103809300263237315683219541477275057292828523573736741047162310092382112640,7
marauroa,2011,12,4907,2812,278,1.,23034,1818,1.085690045247709219114689143312851792689374228797780977560270435820128525358962732173359335769084763242700800000,8
cyrus-imap,1998,12,26710,30755,1505,2.,257240,-4045,0.9841785148507454293271872793096941414559292771522031262132122497577906048782220043580544983716125258059270039354728434467339962880000,5
editra,2012,12,2819,1603,123,1.,91185,1216,1.0135157665422548009047259909204568455462289234460061981406714860948662916292687714050674561843664576412465627606546842289364517387322027801600,5
claws-mail,2011,12,0,1,1,0.,156120,-1,0.99999359467076600000000000,10
firefox,2011,12,15161942,11934626,40101,209.,6186643,731437,1.13408054617567378835200733553803683338141967565839156283649732635563300326943264787557716030881099057760688127777500277073833050272685056000,9
ccl,2010,12,68669,42651,596,4.,351445,26018,1.07995034216058901672791096661841218195413685240508705392915508112680476748913796015292239734027765412396188295887058899493363516887517533696,7
portupgrade,2009,12,35,24,10,0.,8690,11,1.00126742712300000000000,3
go,2011,12,401436,240219,4981,42.,534715,160405,1.42853517136784338655949082294516585818911415070025655462500407009641151671639948338615805028944320332432200586233450801906978304819200,39
calligra,2013,12,242617,185296,742,17,1408196,42062,1.03078907339499246431748157172745120,15
kalzium,2004,12,9230,9313,234,2.5,4757,-499,0.894747943478865042222988642905258178579339790550798223510253858542874296703111527169376535969278793670400000000,2
wine-doors,2007,12,368991,94414,765,2.,287002,274577,23.09875251571686167276654466782695853211044521559088433898855984213484810308089672032332585782705315898270000779080905256960000,1
Macfusion,2012,12,0,0,0,0.,8499,0,1.000000000000,5
webpy,2007,12,7456,5817,69,1.5,4695,1639,1.5363219895926604806003948729826265166911304329754579633792498161386222875887623485435180930520538891249973859200000,1
magpierss,2003,12,758,247,47,0.5,1959,511,1.35486111115458922163166449842850164571753587771262563747728537096000000000,1
vala,2009,12,67522,25298,952,10.5,183368,41229,1.290061137334450185469916737646894240211452037158082088798359781985671250855324524608811778308290408898800633438494636976804542430345047040,3
glob2,2009,12,7101,5904,180,2.,94958,948,1.01008424814843127315631870007323443607122814058568398401920122402075142991193212102582608329600000,8
amarok,2013,12,5834,10098,214,10,264659,-4264,0.983869198266665981294831632083154470,10
giggle,2008,12,6242,2671,111,0.,21022,3571,1.2046301071455705284936086180805988559997250688000000000,1
kvm,2010,12,47124028,23145608,60273,747.,9819355,1118513,1.1285522711430515739833467528773165430549677212217589552291630005746882439470835384223859451917136672189883338217815900422415211220462760000000,5
passwordsafe,2005,12,11874,2869,169,1.5,27205,9005,1.494780219773704962032440209880043517532386040530324854343262562431877490083307472260608515543681626802085297616589074909316342185984000,4
cpio,1995,12,2413,122,14,0.,6608,2291,1.530692610610200138366404540057280000000000,1
coldbox,2007,12,573512,342025,1177,1.,342764,231487,3.08027714632857148145614982706713682192746530536643023043828560406825610143536410781216542197676019881373420770852112621689775900,1
speex,2005,12,20294,7542,622,1.,49120,12752,1.350637923448502180880346067472824766169691644219075184136195348004737517726184840324421645300343763296696253961884082117471360000,3
phing,2011,12,16910,6853,610,1.5,58600,10057,1.20717714191822572138385549901339939758587665147132315909986609558146676960877208216787513480371871406113657276811433667289690073622986848000,5
bluefish,2011,12,48751,29032,702,3.,466332,19719,1.044490421213390861896609098283317511310886654306630391780937425659430901648274642587403086136280183070524103779150968881774804988229103508878400,9
xinetd,2005,12,2063,687,20,0.,31276,1376,1.046020066884960093926166145589357142081764934240000000000,2
feedparser,2009,12,105,16,18,0.,140465,89,1.000634011512022078950825893907667447784000000000,5
stumpwm,2009,12,1821,1002,100,4.,14345,819,1.0605500517522112862738346485791957773108490890875559351074380220313062582433528094225560416419684166663298968301051433773081988964352000,6
netbeans,2006,12,1546039,291039,7304,39.,2953917,1255000,1.73870589327686602310150804945202115254247222747339527081820145098328489449346068961230839981438062776754570995262821381724240230702080,7
ROSorg,2007,12,4787,2901,92,2,36741,1886,1.05410988380,0
s2putty,2012,12,0,0,0,0.,124343,0,1.000000000000,3
gitextensions,2010,12,268675,257217,1455,5.5,84415,-36321,0.69917009011907739351126558952054165347392799255851824671006039352393499732591832095881265756450465347347946571047541265304544040,2
john-the-ripper,2010,12,4294,3384,100,0.,22543,910,1.04206536309213804683997073105654903523865366348370610625960000000,8
bioperl,2008,12,73231,63028,772,8.,424768,10203,1.0247771922635988009290013980383180637769487837014704106242079957811193204329975926245122964439391367097969133303079988277130138588145289942796544,9
midgard,2011,12,6850,59828,402,2.,618549,-52978,0.91416299277211635401791233265500660464198607870079079569740094181665527652849557632434237898570808464562408647678160256618989830506041167635033022791680000,5
android-vnc-viewer,2011,12,10800,9358,4,0.,10800,1442,1.154092754900000000000,3
quilt,2010,12,1947,1364,12,0.,10351,583,1.0596846846875789101622598487658640000000000,7
sword,2013,12,2109,1997,45,4,621238,112,1.00018031768112690634453836343859282331672,14
ndoc,2011,12,0,0,0,0.,81137,0,1.000000000000,10
pulseaudio,2005,12,3132,670,74,0.,71758,1618,1.023068149415267485880850000000000,1
vdr,2011,12,10172,2481,22,0.5,55579,7691,1.160603909121933505533946276076798920797348708337886099017477614529746000000,11
cia,2012,12,193,100,6,0.,61567,93,1.00151283469400000000000,5
pygame,2012,12,9642,3835,120,1.5,469878,2570,1.005499596624783143092979098121575998614310073362452539091383524708613384169210628579510814387743153457251840000,12
upx,2007,12,145260,130457,424,2.,108481,14259,1.1513340833364764688920884480621317111941656434887249720107553810274474648881968350609676765183936329996331849638697221410186468315136000,7
moovida,2011,12,0,0,0,0.,116973,0,1.000000000000,5
plan9port,2009,12,12970,5199,222,2.5,806516,6806,1.0085110852957069414893274697110501563500690620511905799216733987692667447293087427919729765100573437919844651892250975384650369099724365420800000,6
levent,2011,12,16402,5488,1042,5.5,97192,6218,1.0683491986717379093667430437518540417624750807886328697637167403461126141122205613989568596404745138289685526605822433669625639657267469488000,9
zsh,2010,12,2234,674,125,2.,103389,1560,1.01531980084078185174199952871052711471978757849034471351793692350354512381097878361353021856737028434624286334184003076079649858615805145579465600000,11
ecore,2012,12,38807,16173,820,11,132739,22634,1.207573298108593690774777649909595560360258813891149458113505496397439957218198667545371485640380766110948988430149714050750000,9
aquamacs,2005,12,1684292,889722,23588,31.5,2299668,103830,1.04728490899255870278370426311632579939805300633887465776422076255864314918983322695125548574267111427695061432890648718806577736165266280000000,20
postfixadmin,2010,12,945017,808593,249,2.,1205890,136424,1.1701624490256045863968300009434140858056214916876350478743687909324375066101843489902041344273371000345487597375656777620371836145459200,3
freepascal,2009,12,19219,4656,479,4.,212091,14563,1.073726256530190259638625551526280643214840231537580531508734849218479705737686340044331133529143848381732744808626077613795596103675321228722176000,4
movabletype,2011,12,0,0,0,0.,339834,0,1.000000000000,3
thunar,2013,12,161,15,5,0,78862,146,1.00185476904300,8
gettext,2000,12,1672,731,48,1.,40486,941,1.023795675807337556091434781887342205118748200023309769642128174956009995600,0
smolt,2013,12,0,0,0,0,35799,0,1.000,6
itextsharp,2011,12,231540,48059,91,1.,460464,183481,1.66242693593853205705002618044838672102009413779458323921092821378150250006971330812654794891807321222560259051432336996157297387043844110666929499340800,3
cacti,2007,12,1175922,116082,930,3,1092397,1059840,33.6436073589673618789530311408820509606660344903694398544117985098408305115283248580805091483136,0
yamj,2013,12,16242,14224,164,2,58425,2018,1.03577570159278135032776944262486889,5
john-the-ripper,2004,12,44,25,10,0.,17621,19,1.001079422792887633905470400000000000,2
unrealircd,2002,12,55862,44595,716,4.,37438,0,1.000000000000,2
groff,2003,12,79446,66929,178,1.,113875,12517,1.12349296552986705955128105090181940019097673409500461436596318362004393884275791622758760336956808039366154605650775207576186332362954006735840000,3
liferay,2006,12,553291,437791,3957,6.,612375,115500,1.23245283014974877650596775456722040235633822430971613205631711202877401933948864931875000,0
activemq,2013,12,120391,138156,315,6,1197694,-17765,0.98515054248465916116669969969870945082,6
hedgewars,2007,12,12010,8420,441,2.,15004,3590,1.314526020701280807615097676878024492469747183642713492631464333332462357221868119454162997370715388873463412723596497920000000,2
falcon,2008,12,390592,204022,1738,1.,148316,23586,1.189096448326019101985914038713597178962460300888201773117581719613260813053455981192818312450217153489872637325147313872240558394532392960,6
xiphos,2005,12,42416,28437,229,1.,238971,13979,1.0621310979984084622819441320628467873320639662437336689696828045319153457611310517459395097484426284067756509260425070475664000,5
cgit,2007,12,9956,5142,730,2.,7496,3420,1.8390579000222180962097755849627810623862959139635349958957707261961074790095359653281642844645888000,0
autoconf,1996,12,2351,1232,129,3.,12743,1119,1.096266345487085737154423498116875454276192682000694526324559525485307523667428609090752848766834621009385809859207745009902120960000,4
wget,2002,12,2356,1011,93,1.,36747,1345,1.03799220383852472314316927571959933913543170233503985967499709177947100581542001582080000000,2
cmake,2004,12,98298,37166,2282,4.5,229640,61132,1.362783962808021436660662251565504755078545591364944026209316905882678122194449399537680158549682664836399652712177942116704966866531532800,4
osg,2011,12,27048,13586,724,1.,437584,13462,1.031740867013247055174781334118542552222988497448172358117993371131734564995671442673933493672328889423482882105830967784258934440117611999904768000,10
GDCM,2008,12,444232,323156,3137,1.,256279,88813,1.53033451566788582391095295052594056734642057771580120370090525517691278555520069659514668414939083514857493136574261866230974310400000,3
cvsweb,2005,12,122,53,20,1.,3923,69,1.01790347690720102266589068538597407681240227552600000000,5
jenkins,2013,12,53442,26280,1065,54,888836,13179,1.0150504135759724478286542336122739648,9
pyopengl,2000,12,16477,4272,55,1.,40057,12205,1.438209105256448697686962598369469478377918087234908772142758331031229711829585056854231590769280000,1
html-template,1999,12,670,411,29,1.,1157,259,1.28841870828174496806,0
solr,2006,12,21518,10926,422,4,27776,10592,1.6163873370514205537658338234291438293029293563729019973819998886363661126345466163873772843293061121244903147038355456000,0
tremulous,2009,12,109744,101940,999,3.,202575,7804,1.0400675665279134176585877189800163063529597515429741330508265454907892800047485741505882395026239120695572114055242007898047568307814400,9
growl,2005,12,664861,354869,8367,9.,373057,309992,5.9154364545850533559490513175502368060436333836190474750850188545320682950040088427049002659779152137565909682412640961307942080,1
jonas,2007,12,1433500,709494,1871,6.,1763733,724006,1.6963424053022153256505083169752918555878265629903557920069314738885353985219054093506472888617591060818543217007709723562607300935201536000,2
typo3,2010,12,370909,262111,4065,13.,438100,108798,1.33038973343437705263164726940505982394390056793276990506454568309057658685145011111020459416846774225336103371678950290190847634254041600,7
worldforge,2002,12,723437,358309,8277,31.5,1146128,365128,1.467513444288758883102175871812494720922244587256031435823780071915009930855952371938964089501951171649386404791543853714835502686208,4
eog,2001,12,17214,13830,273,4.,22201,3384,1.18414322246080708947341804395954821882806509251786382628617702625109203091764299478549590521645651777503217354783538803792000000,2
swfdec,2010,12,5,5,5,0.,131966,0,1.000000000000,8
musescore,2008,12,813882,435083,1269,2.,588667,378799,2.993836355297603667999785494250386764184392868548430586585859560009981627789015538893103166320028182295038865400382333160839168000000,2
fuse,2002,12,2133,930,67,1.,5764,1203,1.26375794778189000822061620958813129451735519709581735269221113056854923416740000000,1
noosfero,2009,12,124758,427534,2414,5.,526308,-308810,0.396093508645480775406406460023142993824339293835615434827988768376671481926173432171219305550089706090957386943718545570968104158576640000,2
kadu,2009,12,275662,259032,2571,6.,93688,16875,1.23542788584158292287340974569738085240019266697139377410538893021106891816759344967923485579871474805365314321784390305000938382080000,7
psi,2011,12,6930,2975,127,1.5,250126,3928,1.01595463813695474215982367047984214162148737135920759200522295871765675133509731470262063700586128014225449381975363385934508041399979484320102252799905280000,4
freeorion,2006,12,24912,27746,255,2.,46298,-2834,0.9409718606020644486494824054543822576481099171032330280025912910328640553924957540110355622398931482739782156206753912768000000,3
gembundler,2011,12,9049,3785,621,10.,15549,2735,1.213438426706224916455963202324825012745108479978124512873264335512324650065079909519791384477589985980047630553314161682811356209757440000,1
virtualbox,2012,12,1362275,935912,5076,2.,3368303,426363,1.14492579724684268850457873347366007175046708717677277466186337878398373570574946158249225405854282997241874207085782807752874358487456768000,10
php,2003,12,789191,629097,16687,82.,1165162,160094,1.1592867348327669955751192704461043184887304806351381487726674909892690964071704066727573222535869275773863815777912109915557622993387520,6
psycopg,2012,12,5713,3532,196,1.,44123,869,1.020090627454806862309815305615440962099066494286428164021386983339750148654000000,8
richfaces,2013,12,47329,16026,553,9,3090704,24288,1.00792064742652918077007942583060530312,6
aptana,2012,12,2037149,892377,3444,8.,2535920,323603,1.146273341475307448028719178545342606435602336960536093964790716338428399604513973102422768411127809631572485371210623210754081878415348154668042800,9
neo4j-graphdb,2008,12,89329,45499,538,3.,14161,10088,3.4767984287821980134039471563973358408225363491859701247197940746316943415573410709892589010421778565507392437485760000000,1
go,1999,12,0,0,0,0.,7,0,1.000000000000,27
digikam,2010,12,584634,475752,6350,26.5,981289,41766,1.04445447317265609257724972732668692843420599520825054290327404778980061004470697887171474522737054433034367436621020897371126091180135677513728,6
fuse,2003,12,1505,113,29,1.,7156,1392,1.2414989590591484576416743942643321215689078872495964548330261146976960000000,2
enigmail,2009,12,7369,4138,223,1.,42257,3231,1.0827909598656784166657438631739782378089118900033787075645731070688984339904521887958938450876615445220504209363990351652612341244971774139748098048,8
kalzium,2006,12,45834,41850,752,5.,16098,-2545,0.8185383243704455822054372120767385416528825338511206036427920491106137809917359093717389174857499112827741935462047797290370796530316800,4
iptables,2005,12,2780,1123,90,4.5,30734,1657,1.056986621720412343545905556127249013924623877451807455941762690126455700076746533688175480759344951863186795019069647158831361340595200,5
php,2001,12,428777,265044,11978,88.,599621,163733,1.37563089600134762211638838959585361903717270795102937033615028986305511011743232058376701435203502938078826034421185311911106025472000,4
miranda,2008,12,299465,232767,1887,9.,695405,66698,1.106087573384175530095097357809331371468196215727364165897124807650414579880185384101811255487847201082376427341159522339538813045542113120000000,7
Test-More,2008,12,6390,5296,226,1.,10634,1477,1.168453467184193370716550651764855429047289173315312285810951975868568796433525029117624206088038453903360000,7
libidn,2002,12,1328,577,44,1,3797,751,1.2465528562,0
eyeos,2011,12,933620,34728,278,0.5,1304613,898892,3.21554220716865009777250904835331045578534285063962621061908457728000000000,4
puredata,2007,12,236465,109003,812,8.5,774757,127462,1.1969148533797881331500065768616000115190656008990362244246749266064516589492826395471575661665366004247851985195503037591482101822114028748800,6
jQuery,2013,12,2426,2069,147,12,25485,348,1.013844134142690565696736889515618880,7
thunar,2012,12,14083,15082,424,2.,79661,-999,0.98746785423488361329235563849384126388858124881650569505397257323601921434746323991974818891274488983360000000,7
libxslt,2005,12,3141,1248,133,2.,241771,1893,1.00789151151820317823930086430853887856598568539023116714364977433930324707964335288373279099818206818405035521305465139378465600000,8
python-nose,2012,12,128,12,11,1,17691,58,1.00328928713186771605314073525745073185337012533700000,5
adempiere,2010,12,270815,161993,1805,7.5,6656063,108822,1.0166210469412490177774082281640590001085872362915299555544991500718102711197987791283510480038217622049487501953035233765472349175448939851177714020305000,4
openstack-horizon,2011,12,193635,149184,1660,10,24149,21003,7.67609663074085434394460163979811693065620210567117189597185807168671762350169859732788402386996084118156764569600,0
gnome-cheese,2013,12,99,73,18,2,10525,26,1.00247642632600,6
dunit,2001,12,16267,12183,230,2.,20941,4084,1.242273239607616844377987983724954907617574537815551998639166675223843120679467493108964777404752717889324024196447674329764696091361280000,1
xcache,2008,12,1578,1037,127,1.,13518,541,1.0421241143110501181721336826175364234536577563980484743103095819304027302725310752000000,2
Gentoo-Sunrise,2013,12,3150,5131,300,10,29071,-1981,0.9322480248951188913973217086011192,7
CEGUI,2009,12,93180,56275,550,2.,149292,27994,1.2307869874231959441616243563782413326459288198043938207927170590033193834071552749314644092028838523650304000,5
gd-star-rating,2012,12,0,0,0,0.,30158,0,1.000000000000,4
Slick,2012,12,0,0,0,0.,72693,0,1.000000000000,6
zope-cmf,2010,12,7376,4768,281,2.5,56896,2608,1.04804008251526466015937553385476150586776902474188452742167902202471221967630078121567170901402019183171865872958886076671685547776000,9
poppler,2010,12,15448,5164,732,7.,144237,10273,1.0766847809880453473209590408770335541671156578709571310395340249030574942897891573147846928505269152220926360242514044562092898863590772096000,5
exim,2005,12,14848,3187,288,2.,94738,11661,1.1403637589161788607585594290317497891878458060116663031952462018802102625106652382046461959779535274660159748465720894122082008157953021657088000,1
hibernate-validator,2012,12,89139,77776,420,2.,44286,11363,1.34513865684876013640927156705653285254622485765628132959828108153316709686624937202527379303593971539292921757197605360000000,5
Titan,2013,12,0,0,0,0.,251377,0,1.00,3
poe,2009,12,3976,3621,209,2.,22422,355,1.016189346961485483579335041408619109511111696613536703444232584734138674031425747091961785357495633687101069690789425587303841971200000,11
castleproject,2013,12,83006,11940,40,2,1973334,42449,1.021984219674905923517640,9
merkaartor,2013,12,0,0,0,0,594120,0,1.000,6
yui,2013,12,363363,248093,844,16,758684,40024,1.0556925388929676003587820527200550,6
roundcube,2008,12,96522,52968,2252,4.,98866,43554,1.787424067124439350601105070058012009549070750731725028342124191795502150534812676048651575679102929557156843071075647440594226621644800,3
snort,2012,12,0,0,0,0,220955,0,1.00000,12
quattor,2013,12,3278,1890,129,3,305624,1247,1.004096892997833053124384269822084196600,5
thrift,2007,12,52127,21502,692,7.5,49053,30625,2.6618732363086430881395010715882052821325605635950780153630603303850862727242627911466672296970920304267009203488117460441745326080,1
dbus,2002,12,5172,493,32,5,8813,4679,2.131833575,0
mh-e,2007,12,220,99,24,1.,17516,121,1.006956821709987256247784260086832805914328818966006000000000,7
apache-click,2012,12,1158,384,22,0.,47397,774,1.016601248314744241263940000000000,7
jasperserver,2011,12,138460,74472,1406,15.,309190,63988,1.2609603510776843704465312910182117877796463172598326499959985811705651173651414072006237800928624783200303064951678548536111287479323852800,5
abiword,2000,12,124555,37348,1599,10.,191720,87207,1.83441294386049595964179663552903336058728978839354168104196499667078994258040510795397791901441411385688309353052424693822304000000,2
filesync4eclipse,2010,12,212,281,13,0.,9238,-69,0.992530850829331773703320000000000,1
freerapid,2009,12,111104,50269,1105,5.,102461,60835,2.4614663910153049667091218525635919755421171569628154526530790198508186425309466667378269821264988011854889315266098485946500800000,1
requirejs,2012,12,95324,63825,880,6.,88266,24809,1.3909576564149961953139533377578470176646858574371249010705950140654410939472449159392985045101628565043444230339949570225656947783200,3
perl-xml-simple,2012,12,0,0,0,0.,4350,0,1.000000000000,10
arduino,2010,12,423526,391680,251,2.,288267,17871,1.06609195402139657423588993367994286797621879195195390417086766597935474920752244487057212869420535881564716113755394457600,5
jython,2005,12,111791,21900,376,3.,228685,80885,1.5472598104670685497169827375350392710075517854061903289084839120624608622705480297864630185375703160256240500265709702720000,7
upp,2011,12,898383,628328,1342,6.5,1622833,270055,1.19962994666558327415458627104119032686678044711134713671694278724005406518891881324483983413304847318979934197304254037473313415082572390400,3
nautilus,2003,12,18159,22639,399,8.,116541,-4480,0.96120204382876858087984876781304311629761467290627648546965178729308390995540807419603355489821586833955382076238390722669866147052267968000,6
gwenview,2010,12,6387,2588,187,2.,30264,3799,1.14354808237649376244505111810143553762461468640775035654552822855058670507707616668636442827617916594382455443105574863088959031637622034278400,3
groovy_eclipse,2006,12,11804,3679,172,2.,11591,8125,3.344200808016306047158799451421053284029854127028964551499242857898662054441079964721877776696582480853400000,2
tellico,2011,12,11258,4154,281,2.,94186,4849,1.05447641303643763579256763680363583007112735693096878337363270544545575107996119865855565855099977759184764931140498553403825827915830913021065600,10
file,2003,12,31310,12431,154,1.,27568,18879,3.17274715158123241324550850465978795627426390405189006587405157608498126659418824521383929011715488199462616243981438880000,16
dd-wrt,2010,12,39785647,1057844,2719,3.,152312395,38727803,1.340960004510418467483669928147120823861356473229136151468454102265795039186065720687842255499351545511782361483204926795364089131407288639488000,4
gammu,2008,12,9497,5561,820,1.,111815,3936,1.0364853215161633659647151178428875427199957686167512197114773791983416261487171311564615743288280761605830206999757539520935954871926473303521280000,4
apache,2005,12,177166,112065,3118,15.,1131094,65101,1.06107075749871050485525341739314222030693622341478102058024983430862768969797516205496564602673939928738878706296189094395773942160745626284000,9
mpc,2011,12,406,191,34,2.,29489,215,1.0073444011753420555269098893675874214128099896978670769796516890835096780800000000,9
umbrello,2008,12,101162,41642,226,4.,151303,59520,1.648486103080390149812474648339328915093190731585791359901362073447599398258787524580314867496206389809332056135189534392442374611025920000,5
kdepim,2005,12,1531791,831908,17361,75.,2043297,275079,1.1567090970046071702364848271997577349451169974195644307423966471443003646016501917266245229247293267629269208971453786667182887438543749120,8
evolution,1999,12,109899,36471,1147,11.5,102315,73428,3.541904663298057885492220115214079042953801492597825904287403115602693542546613292057311788831841495741798377326694465626775000,1
geos,2007,12,19737,14457,148,1.,102400,5280,1.0543657331143311532720685888496868094187541159394678878533998036140423948496534587554217503110872314625481280000,5
junit,2009,12,11269,6210,291,1.5,20492,2937,1.16730276273314041682543469506352595293886353909374327733020364261326208282747478297906252862291924823957785146219238884580736000,8
appfuse,2008,12,8102,5972,123,1.,51073,2130,1.0435271278243006063129007872123601784523303081317312977323200000000,4
cecil,2013,12,6,4,3,1,32961,1,1.0000303398058300,3
psi,2010,12,33015,11248,251,2.,246198,21135,1.09390703937046861510804458110364324435741936680922060208131364565109372162065520653424091006139703802146837429855611904000000,3
htop,2009,12,679,210,32,0.,9313,469,1.053030303027726750688665418952894075507663074500000000,3
dbmail,2002,12,33551,19789,329,1.5,26922,13762,2.14597385291981428842573729545100127845756926544138168995816803231220712060479571140901286511851877774844192807335365853503870141650000,1
geeqie,2001,12,0,0,0,0.,11111,0,1.000000000000,1
byteflow,2009,12,9618,5020,251,3.,24756,2269,1.10090274383399853371306010830008236724694144150895514525806010529951456701988939336744527987818394944395154876188145502419033271758357202032000,2
jokosher,2012,12,180,70,4,0.,32898,110,1.003354885934070876639882960000000000,6
udig,2010,12,183606,114313,544,3.5,290245,37969,1.1509023778538088611815381822350413740333554968977578797602843719809554307619105191743706840064,0
hurd,1994,12,74366,16262,3458,2.,32206,29052,10.2111604301068326629004682151102200093952536876642620448812612853562938961830334943300574274743804820895091377345348377539200,3
commons-collections,2006,12,4219,13543,276,1.,174690,-9324,0.945852715203851379089328249363515802858498388568194756001128853393850385285684398206366894492645322176863142400000,5
mifos,2011,12,1754610,3239897,4897,8.5,2910296,-345108,0.88128804476958391113741102708982379509163817723529871429244252359960874041088918154500594223169879764419604755381559814172029408814094161756000,5
mahout,2011,12,80983,65392,550,5.5,123596,15591,1.144354428037675604236183723668462185831877366695706285126902172247855770277311830699591268835245997289910886534176225873309778324249772640,3
gnutls,2004,12,43380,20758,423,1.,64109,22622,1.54527924415872288057804227176815424655235466391196553189284573884477748874120457964769941759880574605128133614611212239694363696416036140967936,4
alternc,2004,12,8092,1257,218,1.,9231,6835,3.85267111863321465692010571229592110372882426199587042976090946153360260000000000,1
tuscany,2006,12,803981,713285,5747,9,224613,90696,1.67725531506114236200056413338081085926121380613788050264910999415916338828088596710051825180613010215067246919680,0
qtoctave,2012,12,0,0,0,0.,23920,0,1.000000000000,4
mandriva-linux,2005,12,109741,186956,5268,16.,611511,-77215,0.8693195953759040572993901536920633558176675774900868563426127569796121062805049717275663143629845992256472141628160448690837178300185738649600,6
neurodebian,2012,12,666,253,77,2.,6580,400,1.0647249190930201328245542621566657422949123065691620279849122656920152872748088295242096292817626439482889651712557600000,3
phpmyadmin,2013,12,18590,10523,1079,12,284601,6211,1.022310427820713364511538608816510948,12
filehelpers,2006,12,37927,10843,464,1.,44865,27084,2.52319892012313404467661850436318722139914374644616444465102831293420966178082063791429533184596815216967680,0
jquery-ui,2013,12,32711,18198,125,10,155771,14459,1.10231968976566952640080946855946800,5
genshi,2008,12,4426,1031,77,1.,14980,3395,1.29305135956358695911039166903272626351720564787375611449224708725707130334107673782823448805991165234384209499681000000,2
gajim,2012,12,22361,16657,776,3.,103938,5506,1.058472452319190388566487460143877977641429682909184922093922035562970011283446965099621960684139126022528891852211891214330303272298521559040,9
panda3d,2011,12,119989,84882,803,4.,740990,35107,1.049734871074102965853849254258853655189649877121513556667441391425886322911404156497747195147495540279284590337556650055003190626763946314137600000,11
ettercap,2009,12,0,0,0,0.,92730,0,1.000000000000,8
mysql,2005,12,4199163,3219456,15261,58.5,1169433,94541,1.093647972934198068395304277899931033258852524497779087583539465881748003582905754591304936724433423011364945824632511121832505336729600000,5
asdf,2004,12,37,38,5,0.,1423,-1,0.99929725931171691656573940000000000,3
commons-lang,2008,12,5565,2554,142,2.,55264,3011,1.05762348573388669815045090247401364930415506802645261848245688286436226658888125267669168016375397429635467892442428919044282414727782400000,1
firestats,2008,12,18491,6708,472,1.,45753,11783,1.3468648807970979352634121597440950004916684842668501948432789643332773163714737306947609341321447303376065595247144903054886708149289728000000,2
python-ldap,2001,12,4366,3439,156,1.5,7158,927,1.1487722676936641872230969293331568999406144691008799614728926591382387142333775000000000,1
ardour,2006,12,121233,60436,1014,7.,316350,60797,1.237903683417821433680507829193135522630674544619920702411085529628777377580869228326481927161196229770339500073225672621070747099426463232000,1
apache-axiom,2007,12,13532,7971,182,3.5,46892,5561,1.13454791803204130307574167705970241712857471880321140272891192285807561103825030287889802872184461585953942739991831959728976912735600640,1
eclipse-cs,2013,12,189,30,8,0,61013,159,1.00261281099000,10
kismac,2006,12,1298,1485,58,1.,79725,-187,0.99765992591731139789931065659232905833754865308672793999520000,0
gnome-do,2008,12,371907,191501,3352,6.,65759,58794,9.441349603730500220784920064522252106873234255311132941436065257683479034875563784771265326938519233771150766965867158470656,1
opentk,2009,12,1884842,1292058,783,2.,694885,592784,7.824984170125248904960698568194379212897046638997142182302378731688320642874280925818795667220998324087095731995093163995409926400000,2
koji,2013,12,135,64,24,4,29049,71,1.00245013458453409525714337229743856200,6
mantis,2006,12,81971,51360,444,3.,142347,30611,1.273958258776091605114866001485303547721448000287837384051149396278219493568076342584275530768767624709989545098627346245864388608000,5
ekiga,2002,12,29199,29901,731,4.5,17313,-702,0.95909090904519076496973044288345938814528730570385663987775665510758201011980474410967223944195639569122263840259675398072993680000000,1
joomla,2012,12,400815,371399,4125,23.5,1257255,26558,1.0215796414475017288201764782784373647080636089535355093512545089386568847783308519811733905089848341046171315636132132181946567423109476638720000,7
f-spot,2005,12,50391,19547,1066,4.5,58637,30844,2.10977584278609488861925422513633874744881670773157259226924675986004359809700473015993339029521255946789525315229347572631531520000,2
mldonkey,2010,12,6664,2883,122,1.,224188,3781,1.0171546275760056573875498990955236494216386343493376187798385884630758038821786852741986726079208961392647838668800000,8
apr,2001,12,59773,50634,2138,15.5,198611,9139,1.0498932691375291066915512492402186745166247744528043190075836363344952631884667349815001762776684142036916522190640832693659013410120249600,2
hugs,2010,12,0,0,0,0.,81336,0,1.000000000000,11
bugzilla,2010,12,17847,25831,646,8.,74116,-8064,0.8911755576411676269207251389968039898562765465145739663039082392924456214502588106036953509819223140938256891319106357600200379739015009760000,12
tkabber,2012,12,438,220,21,0.,49477,218,1.0044255872021543141842102913959168968041411178786984000000000,10
ac3filter,2006,12,7604,3141,19,0,61406,4463,1.0783766222400000000,0
guile,2003,12,21466,10034,700,4.,115769,11432,1.109568034352445238054429090217483444922880644180870125652766186396488821092208135675871899236606704235985987345894418867759259228387649366400,7
moodle,2013,12,271125,98008,2318,42,778849,88677,1.1284853630597186624055401613655148,12
htDig,2001,12,200,0,5,0.,185570,200,1.0010789232341734130801773620000000000,4
jogl,2012,12,177114,88074,1838,2,422004,80208,1.2346662921757898935289548776986858563148910927331140671703904646884628905252016212626498790038695465306035609023082583672160000,9
pyamf,2009,12,35756,17610,227,2.,5221,422,1.0879349864588988261739364562550920000000000,2
openmrs,2010,12,273332,266047,1060,6.5,210950,7285,1.038899390215242415398496957717689417921933893192978874687880338483605168721856860312253159635278275508104822783401817012592014816324608000,4
coffeescript,2011,12,58157,48255,1053,6.5,25013,4248,1.2045750060148307410578625472270994772246963614118120556373434353737331032153612457015957368664068266774746071773235208347671694487500000000,1
yui,2010,12,3443493,2354055,8568,12.5,683930,372233,2.194214252861422763487172937539669042048019378606388104594974996250578097034447743670246529912361412389626365891111780738404736000,3
geeqie,2012,12,6584,7387,185,0.5,86642,-361,0.99583006052690358327005103502899002335839049370586740507116055040000000,12
nooku,2009,12,599862,566328,2217,2.,486207,33534,3.10998552773421880619985953749413450904345039559877547659481140527347231776172152933809817613795450828887183851520000,1
gnugo,2002,12,40560,29515,642,3.,68562,11045,1.19203018238488065989143227247213898032499282380144143295149773140918056569964812089789978371700806446712397152143684042667571514356534702080,1
opencms,2004,12,448400,314840,4378,4.,449902,133560,1.422201288485928771321635655482531688829441234471409712151796491885844396614977184936811821252645633372330616292480538798529967843270000,4
python,1999,12,58645,27049,1741,6.5,363205,31596,1.095280888034433074899478019237838534312439402082793287164631715139009874637806226708860354922725661065861624775417325575769568288863267192832,9
memcached,2007,12,17541,6178,494,4.,27683,11363,1.6962622549150697974718935747434340279604918271340117201278868421536540796585526063043583677435948800000,4
pcman,2011,12,13382,9322,125,1.,45022,4055,1.0989821075545513458390161772984665486988568912784907623905760093757909951639016575387588004800000,2
tabmixplus,2011,12,653,667,77,1,18536,-14,0.9992452830189,0
apc,2004,12,1503,526,63,1.,4850,977,1.252585315364529277126255690664303682970533860330311926413920245707460883318867200000000,3
forrest,2011,12,26721,22191,171,1.,234165,4530,1.019726957999883264837525473811289137598669023979569178524135215415376206002169316005230569386089107032879715243720704000,7
jnode,2011,12,129152,34905,142,1.,2312057,94247,1.0424955248635911123224447017566568503201826786278089283449910498153629186622348266493949876062661724329578034392000000,8
piwik,2008,12,276308,379984,2822,3.,244724,-103676,0.5146845420970978557450109961207148869743883423589553836288249205046282411600611500353353420976182846509203818048621556637912520363868160,1
jbossportal,2009,12,76339,90275,589,6,920177,-13936,0.984986479647538541506761373384064664446482139899934017944880366706280449714382653942344194003345662723654713344000,4
jboss-transactions,2007,12,6492,5196,174,3.,187666,1296,1.007010862509710699782612192833352097003951856478618120898975605758336441706927317353377683931642456240676391343412165691544617405959298210394533000000,1
hibernate-annotations,2007,12,53911,51228,83,1,50910,2683,1.0556523542849608753460900775055084204944358412384485867373700000,0
jetty,2005,12,289342,144488,495,2.,230082,98210,1.744737320991772368784291093633194400340298782607397638603069379264523048040982865206064361103000134933151061191618665072334803282666843423220120166400,7
scribus,2004,12,123440,66766,776,1.,198021,56674,1.400956511281438456644274141432142696360419426174650248385857173377696509579478857826372516126526512643760892632003648335106560121241600,1
jogl,2003,12,13194,2044,162,1.5,74742,11150,1.175336520324908832263066433492246904178485133920317002160000,0
icu4c,2003,12,223780,235144,2649,9.,390144,-11364,0.97128809431663104355197927446817155388718660131063417667964412885343754375764078719033750514924030712150198139309292521562590983173632,4
Openfire,2013,12,3505,2353,126,3,247365,1152,1.0046788756072317955162813759791941700,6
dotproject,2011,12,0,0,0,0.,443356,0,1.000000000000,10
android_gc,2010,12,31562,28073,496,1,28222,2537,1.107141348870002876061142989576390986766679012904282400,0
nautilus,2005,12,15737,7056,430,6.5,98631,8681,1.096509171761616053761843621988098509547821785699851433666773973982487212562996327102639979696042224627034893225498489202440018771257864688588800,8
xmms,2007,12,52,36,10,0,78147,16,1.000204784272577733651830462000000000,8
javaserverfaces,2012,12,23973,9445,310,4,380820,14528,1.0396623458903181660367335217850667460845212761232531123160,5
shareaza,2005,12,202435,132375,1607,4.5,381153,70060,1.22520596735055735792843800138142642728340336268362170528174655833942925693852316215569359020405441199874139707192510885100073673590272000,1
git-gui,2008,12,7340,1222,316,4.,25928,6036,1.303438568275542701143552115958165051556890236613011272184595440296093625625649398334691077020910300648473867775516616607099166211951424000,2
equinox,2005,12,388319,220255,5060,18.5,544732,168064,1.44618603118316390144641179880620897463573618480441136489097695049433030954439469974248037768236643584562353173582057031336404926016000,4
virt-manager,2009,12,29686,23948,529,2.,33273,5738,1.208389322671900700826035791159586820763008021242926460411437652100508103615286577929260476771800309321201540701836352495226602123682342144000,3
svnkit,2010,12,52000,30094,827,3.,160564,21906,1.15798583565802259556760540814635886565336199002304771795529395522704400573829448874084025302248770404715859132035221619793066663960576000,5
sparkviewengine,2008,12,524926,57214,674,1.,590548,467712,4.80761340321004122107313165240755736741255080605498351837934400,0
bioperl,2009,12,115807,157746,874,7.,379614,-42379,0.89957416348698444963448691121077919815201419700293364794931929190083722931432435626139472359782069109591439540294702512349937341038080000,10
sonata,2006,12,8979,3948,450,1,14403,5031,1.5368117798058916009957541776380,0
nltk,2004,12,16070,13069,305,2.,19371,3001,1.1866641786342336801696830693962216713592222145589762327167981816996732213943407984885250279124224045029376000,3
taglib,2012,12,9855,2581,215,4.5,28048,5187,1.226892961820619719925140282654416630402337418454017108671027927833415446129324185948298755420833079368530614288384000,8
gnome,2001,12,1546269,1116184,19872,106.5,1856775,430085,1.301456518226055993416933680383109763839879528287904814807298737903798137735453903491331733896658160724144035149372147054250103407930240,4
naev,2012,12,297241,237310,1995,4.5,181675,41473,1.2958089042659037831715910677860955817421946409593198668671713859453293326218994636928997954497728357123858979706873070209088000000,5
musicbrainz-server,2002,12,27944,17886,836,1.,58402,10058,1.2080506371107577982187410402812979222805245661822710881442768781491180008546892721147175331692163043015784943641026368353059352649728000,2
turbogears1,2007,12,41617,7304,800,4.,140462,34313,1.3232531629665849766437699396988937168969059251046992674734934992316004045753446384561558392001493453686244558051829477034137795390058686800000,2
graphviz,2009,12,395223,52144,1170,4.5,339936,21664,1.068590388989064242175017725711022374960624996312971851396659872156738057317564866493703008022139262797046814683251275593240188081221157426962912000,4
pymvpa,2008,12,247148,127270,4432,4.,52549,40137,4.2337254266213123962224711023620365266458995031129925267915527506423719134582371223469550080319885248766933104724042060713164800,1
krusader,2005,12,17571,11776,674,5.5,63065,5795,1.1019116121244421227552226761550547486316593568327769040973526819829641407185590141839911923295442833441770476489864680422246658894212227842048,3
openwebmail,2002,12,35791,15462,31,1.,35036,20329,2.38226694758761541913614334826640023329979040532918824352494902513353430536579931976880000,1
fldigi,2009,12,41509,19134,532,2.,103924,22375,1.2743749157042163336035588897408457188320101787443256737207493494881489338983379133958195335668634583945340155594584685063282484945072128000,2
ipcop,2003,12,87101,27555,145,0.,75975,59546,4.624444579931758948687355877299151766321350836736000000000,2
sqlite-ruby,2011,12,0,0,0,0.,6473,0,1.000000000000,7
scilab,2012,12,1412351,1024720,4398,15.,2693870,169821,1.067330531812275666402530096917789931895429183024394552063129213427057070713821855443542788648235328567887200075884783837113991817039419486842880,11
btrfs,2011,12,121596989,86035867,125246,740.5,20131822,1515340,1.08139776355762299653694290079115137118309758885014418182956513465237538970368905825999344914072376104330933280067288201151798899706288415793152000,6
dibi,2009,12,2748,1332,186,1.,6396,1416,1.284337349402614990184727712509060082396553669794450407074362723690304304458822083360366001540114491459990629307716570127856905001100000000,3
WebGUI,2004,12,125974,162638,926,4.,159149,-36664,0.754125954773262484322857011968593486658570533887983187048658000918788198992626466616672396669288163840551051965885497762175195750400,3
gparted,2012,12,3496,3433,137,2.,261623,63,1.00024105882251243604611140374926195247186421276678532565597320901415983437201708732171520000000,11
MozillaCalendar,2000,12,0,0,0,0.,56117,0,1.000000000000,2
commons-collections,2003,12,241335,128934,1839,2.5,184851,112401,2.551428571387612677678589076914266405190229339336138424584854308175450031115281803064432521087846085914021321776195417600,2
guile,1999,12,46514,47919,710,2.5,73423,-1405,0.978178824967244310207512968197170037587875595302276572040155880098644045095822536709971497015742828172514574788640775176086756126409600,3
tortoisecvs,2009,12,2364,5619,37,1.,219828,-3255,0.985076748147247155704060011628826383829730016662530708522813787044078791634213191073795600000000,8
compiz-fusion,2006,12,5159,3516,101,7,12364,1643,1.1556903250505747316246745259432120,0
MINA,2011,12,9080,50515,111,0.,47920,-41435,0.135329716244544867421889830834945371621484677552000000000,5
dvdrip,2005,12,14729,15100,188,1.,24725,-371,0.9847274823010087274686997391806997466710435033692922030571133690295119394815809405435701305401410203116800000,4
wix,2008,12,97100,48722,180,1.,478466,48378,1.11561182640314080058618916567854842288474546877068354258446290732460720130611715632062558826454672788012771019214369931271500000000,4
sqlobject,2012,12,136,56,15,0.5,16164,80,1.00497419635678376123402960368999424295424360790574344677779429120000000,7
vagalume,2009,12,5328,3017,176,1.,12821,2311,1.2198858229792947815276305549207322621996856283809167356051824673783587310306655365989580684755828138376867931472529943898931200000,2
izpack,2012,12,108556,88282,478,3.,3240549,7119,1.0022016867528709566015440910995268088158463707050203627661948134031963825027091491306255239695260951574604202194983626825408760960000,10
openscada,2013,12,2494,2346,32,1,130532,148,1.001135570202342846227618637912424057464,10
lyx,2005,12,49396,21111,943,7.5,301507,28285,1.103680217000235732067107063623913405671721652265135831102611568305131037067755398989693309660130323488113726679159819948634995121639406240000,6
make_resourceful,2007,12,4999,2048,161,1.,2957,2951,492.8333333632399786811486304756098624906808361663090139543310532598370201277668737034932328750,0
flex,2007,12,826,426,94,2.,50824,400,1.0079327304466529396576747636457955068027723296508974713332177502064830993920000000,20
l2jfree,2010,12,408356,321898,1365,4.,958077,86458,1.099192422380631169543074160122035958860682466776243039036315073226007345630052538019981060175938756892386820919527687424937145314496873877760,4
spidermonkey,2011,12,3541,3198,29,0.,541000,343,1.0006344133155976746919289679175697078088000000000,13
mariadb,2008,12,682445,227229,5533,38.,1036077,22787,1.02248813271524794546510613024893862837507361437717410154964481846761744998840668367237880486153240050755053762718914579972657267562364514279897136312320,8
inspector,2007,12,1818,1367,79,3.,10903,451,1.043149636430277216004096527716201201908605236557347405723437938408999700832397798169826517783305978003328231605053644560199991985579999301440000,6
ekiga,2010,12,5429,5324,307,3.,85194,105,1.0012392012463529799755159703313603978654475165246302798573861624098885863288040769431510304344209512346764452819804291941151707635003609404813020315520000,9
vtk,2004,12,474474,316542,3008,17.,834955,154402,1.226877260105454104909087376540760160093706389456439269710437504254589262388344246663980156505433963938360794918377554344905743185008208000,10
sequel-pro,2013,12,11539,5796,152,4,258858,5743,1.022689291431722790209554372567253700,5
xmms,2003,12,16819,2886,208,2.,81190,13933,1.20716059297119832298177575541473683538528820729455775061184229099450136442100251614311631051236327471835975000000000000,4
weka,2009,12,43528,28282,520,3.,353601,15246,1.04505918339333303782681696612932979752226300129198454720484110920291753815211847659694376319600530354927983757344286267642032093307069620480,1
makehuman,2011,12,94571,71257,1182,5.,111122,23314,1.2655111151559966353564738139319209072864537628447006262030510081013179746303465650428830688254919626995270131614821058832853397143552000,3
antlr,2011,12,43015,25959,444,1.5,45942,17056,1.7513917402947783762888469012516801550938388621957009524593716050655961567632403075718706880,1
eventmachine,2012,12,401,80,53,2.,14399,205,1.014442722276564600537804906700829322250971291789978871366220985978934674275378004180096000000,4
gedit,1998,12,41905,25284,307,5.,20059,16621,5.8344968002591957481621103756320349956376651200262802440442549035403789692741479769120,0
dbunit,2006,12,6903,4135,52,1.,34868,2768,1.0862305295996727131625090885667471656556286302330919488273054933065450000000000,4
obs,2013,12,5801,2498,335,15,174166,2950,1.017229698158304171846220483087349856,7
byobu,2013,12,1050,311,78,1,4632,695,1.1765303530544277494646524662944960,4
zope-cmf,2013,12,357,173,8,2,59382,184,1.00310821311505411410922129198860004800,12
autoconf,1993,12,5043,377,78,3.,5250,4666,8.989726027881073252996309189951616978930743438755458811920247443664816118937331235369330261463886322590307312970518413306995040000,1
dssi,2007,12,346,14,4,0.,17472,332,1.0193698949800000000000,3
scikit-image,2011,12,35803,26521,541,5.,10334,2961,1.4016004340208321340018459304927656734194109835386353265676778684387451021795950291203317778878830737963622191649204472152064000,2
mylyn-mantis,2009,12,79425,26268,378,1.,93062,53157,2.345917204715869225549910215565033121263338998063668488192472147002438018316890290121149490285833722164770967005247320649600000,2
maven-license-plugin,2011,12,0,0,0,0.,5129,0,1.000000000000,3
openbios,2012,12,1086,641,37,1.,205162,445,1.00217373251881755706057760952285450241784456745819297581079086120388962577786617756363551009181762832035865600000,6
jonas,2005,12,254056,59538,456,1.5,409954,194518,1.90290387859781486570342668085876236589488443109460700000,0
proftpd,2007,12,37214,11743,307,1.,268412,25471,1.104844386094729256651685795016445948039339891082310181670705606833673347116276805803289654184135596757214351609970758384175481770845749350400000000,9
dcplusplus,2012,12,0,0,0,0.,4907171,0,1.000000000000,11
ledger,2009,12,385266,104202,3142,1.,320806,267724,6.04359293230676377085083722171508887630990512401562989246557086967493723553568205457013228000000,6
topcased,2010,12,611189,292830,2350,10.,3341358,318359,1.1053123074161515313077810709030869096607565765533184303386942051470097767410713129757567226514695186334072721286948855152508957313318887920000,6
Osmand,2013,12,164794,151822,1260,38,285045,7796,1.02811912757501254325712385569652176,3
scons,2004,12,25200,11548,327,1.,48293,13652,1.3940994774987255704160449386164050154817196616219361223273967368432851845916178789969835705735854266553587261945165251569614387200000,3
hg-git,2009,12,19736,14556,538,2.,11534,4526,29.6455696147049840762216089012739822628181741076484162712843407988764497646366441966158735385600000,0
wix,2011,12,43192,19023,175,1.,473371,0,1.000000000000,7
psp-maps,2008,12,1844,695,31,1,2468,1149,1.8711144806610197021411643947028200217931406117908608808800000,0
taglib,2007,12,2858,685,125,2.,12582,2173,1.208761648541891566796704779615874830334696879601532671180045830365210155736872972316795398698272596346988978698511823905905703464960000,3
dom4j,2004,12,30155,28624,301,1.,83301,1531,1.02133649219422141183039741756013226553598474455539302797295709974708325121339071483744067572983073016918081916426640730201248000,3
jabref,2011,12,25807,105209,346,3.5,243317,-79493,0.6499061930024227419646734642200679376032243813580815409014822125300875952176343131957684678930029403790628225474886872731808000000000,8
msmtp,2010,12,13389,7674,49,0.5,48580,5715,1.133325556967312859270110647547360771403932057355232036996881305471201856000000,4
xfs,2004,12,11315,18602,317,6.,100218,-7287,0.9282266960810877685728008327232256028513419328364846420363340705672081626476738086681460441328606636028147203196705604269121302291672022373089280000,11
apache-james,2009,12,285834,101723,1135,3.,2940961,184111,1.0667831039023177555794032394310827738632823606130611047763860182650995064286090976694882556244877476424538788524108650708489719802422979899693465600,10
octave,2000,12,32246,23388,463,1.,227741,8858,1.04047724583019992670731379057597750746357042358881968616249733307756647286467249310925558894391718071297815880218032429221761418717858746694809600000,7
mesa,2010,12,2846612,2901088,13598,46.5,1164466,-84268,0.92586310342214173075488566339669374565963586429588986660974392816664362741525130469974589792904362738562389876701051207284755834880000,11
phpDocumentor,2009,12,2253,2421,45,0.,71005,-168,0.9976297968392893657072854901095619549762122646057500000000,4
shiro,2005,12,17936,8386,254,2,11144,9550,6.9912170636857172571457629152203172290423272131900,0
coactivate,2010,12,2443,824,199,2.,54289,1619,1.030738560849956704531758958571538748050864418010930145806815323518257244009361922104107976510146465153705304357715437262356931460160000,4
magit,2010,12,23489,12964,1141,5.5,9240,3684,1.6630669546009417377415291888105809745619354866788187437449192755230641446197894038096784287006304953256994239888655609543680,2
tar,1999,12,4265,2269,160,1.,16102,1996,1.14150007089561791782889119981960412800530083669560605152569609511941612378813914110891511000245992167552124673119157171558832384000,9
chamilo,2012,12,875973,391454,9624,6.,779287,150031,1.238426014209826524395916448313573505566974910298962519072625714240993839331151095857335664118497435962500531895851557615153501292257280000,3
mesa,2012,12,291630,348218,6893,38.5,974356,-56546,0.9379272946194823465038808867570016001965102079911938069924261415074013501799387543505461096234493631679982968972679825307180093062115328000,13
skin4eclipse,2013,12,0,0,0,0,11176,0,1.000,4
jts-topo-suite,2012,12,13996,3390,261,1.,169349,10606,1.0668123948707577850389690018401568768313131408673827587641099144627279626688071195994296630408395242130642891069513240524614026796051847780279800000,2
smart,2013,12,1554,1028,43,2,57380,526,1.0092517676849870535005037653123443464,11
flashrom,2012,12,6611,3077,158,2.,32153,3534,1.1234843984699392236251893387738950617287418458742428631060538671278811037193741322615096006166873103129761861708379091936309908202618880000,9
testng-eclipse,2005,12,21084,12385,191,1.5,8845,8699,203.3023255327741607030139709584118635585480708470976198391515183063576493367561526727251251943001796919684180934864771350528000,1
openlaszlo,2009,12,66825,40742,747,5.,365696,26083,1.0769546232365280757621882440582846159533550072512027220164272275053720125537557938423036678022012043633514674244016861284181475233311229129276960,3
poky,2011,12,52453,35047,1517,18.,89721,17391,1.2404396516131571706295847330828579980846429593237176025329045646324155607644019144848101199856376019352351460146042777049617153496842240,6
vdr,2004,12,113740,28808,53,1.,131357,84932,2.82944534178436204631734742956581997352544129774178586501338510246003876991560081856518786800000,4
moose,2012,12,1902,1131,173,2.,50268,771,1.01568156856418332253953771916452714774893142318093907351170254087780953578845462996725782608561788657762227783567603945669692000,6
jetspeed2,2012,12,3,2,3,0.,286297,1,1.00000349288847900000000000,4
jpos,2010,12,378503,380657,303,2.,53876,-602,0.988403898752286693778580418985736523953539951773845249251338161858262020891229567898216569162204520552657579711986471964629148036386932491113981840,12
umbrello,2003,12,60347,35463,949,8,55790,24884,1.805151103326904662299593342606424317497199425660087355758962596225988195991322271557820667809756405254159209444108000000,0
quassel,2011,12,362,170,23,1.,65270,192,1.00295030578712669469066931581756344503752114132059503873898525240892272870969739461479963073498483811041280000,5
alternc,2010,12,4490,1960,310,2.5,37090,2530,1.07320601851512306691344813605524823000740696223987327573657642865975447653948124462158010944464938940364329477179360000,7
rdflib,2013,12,8455,6379,86,5,23902,1467,1.0653889012704425240536577980376760,9
iftop,2006,12,2,2,2,0.,5334,0,1.000000000000,4
wxpython,2007,12,114930,51618,143,1.,1554546,63312,1.042456113527263620430194461417784352600768969378820001235754648400,0
requirejs,2010,12,152634,58714,898,1.,103686,81836,7.947028862396351299622895447820918744667335135029977735117083331939340491201164287345603473303322376197634200207605397451086480,1
mapnik,2007,12,29861,16077,152,2.,106699,13784,1.14835064306364534126029403786738822942514852930849997194418903341562337162654669716041459337591020822167411721449827389548516808148744341905408000,2
irssi,2000,12,65856,25480,960,1.,42590,40376,19.236675699441959749054111144427580936781021850849838349274686762471564383091616051589741705107705679295483216446742503476835840000,1
FirePHP,2007,12,10885,10604,157,1,8370,281,1.30710382504062276250977553765967101130824150312794405636217076483378413791953640000000,0
xchataqua,2012,12,0,0,0,0,457152,0,1.000000000,10
clamwin,2009,12,767059,723308,271,1.,454521,43751,1.1065169863336970817773313334983983705196165698086681263427084463711486328727111925921861947805555145793602200640000,4
file,1998,12,1860,116,20,0.,4121,1744,1.73369793858285651094258138811289000000000,11
jabberd2,2006,12,787,11138,80,1.,41991,-10351,0.752149031464638982901391480880555819426098822141702455657430000,0
griffon,2009,12,23378,17519,312,2.,23910,4358,1.2228927986882639283838449549215966729398247484818028735200090415046108781173625951132161458587387918641926646674212387570603379446400000,1
opscode-ohai,2011,12,4430,1157,179,3.5,7052,1900,1.36878881982600181306556355153409594075012840910988564630967728614763831095593521500472080000000,3
jboss,2006,12,169275,382340,1590,20,1189674,-213065,0.832539250840257342131753707533896544353918370598156806192,0
quickcheck,2011,12,105,34,9,0.,2634,71,1.02770191182543182706427670671983072000000000,5
WebKit,2011,12,3311346,2694836,30195,141.5,3822587,616510,1.1922941963079696584995647401045387962538751481101489417301685751799342275737242829216734893558286151756435541638061979098899988480000,10
kpdf,2012,12,0,0,0,0.,80559,0,1.000000000000,7
kile,2004,12,26130,18043,327,3.5,26445,8087,1.4405163960631482506906830902347459109793643542943398734525051408658599917458142480219215227830759966500714191003989509985204840790589440,1
Guake,2010,12,2247,1828,36,1.,4880,419,1.09394618833736923867978974692957283592371689218770770616059689255314742150810636765200000000,3
kvm,2007,12,7010319,4305908,39619,475.,6074641,634582,1.11664983780379955865243167021521605469652957833627923928946590420960945345115205795309834302963601754256697056843851594327879539783378037972992,2
netcat,2002,12,9957,2619,161,1.,10601,7338,3.248850750867849044716905279092055472005100981712728852783408551720751943094228000000,0
octave,2005,12,123344,70912,940,6.,432114,52432,1.14868800528217852965701046762866315205526304294636228091460476720173816914444966904343448190970268366145352328138963375551677605815889417920000,12
petals,2005,12,4740,16407,39,1.,3293,-11667,0.2201203208305639980,0
anaconda,2012,12,76958,135069,2419,11.,80562,-30142,0.608133231070647564179620854903680665527479306348354004277267204723601179700209470599199217579954293438861850475772286616439808327680,13
stackless,1997,12,126830,84185,1954,4.,318611,42645,1.158080862359107035602335975620604165312703276018197703522440958877901510559104068456093796309454475910825217857432002371958104111424000,7
sogo,2012,12,187708,125656,1918,4.,258935,11499,1.0464726232208861942523413839850562836507594348819576895944560158015280795130388087116877583230679721920167634205512379613276118311200332185600000,8
xen,2002,12,3103,1150,90,7,80714,279,1.003468639274,0
processhacker,2008,12,60009,27980,537,1.5,62718,32029,2.04366385340042432400,0
mapguide,2008,12,66820,21162,679,7.5,472526,45658,1.10696046553548742833534092969141203452995928306141635580249744320401411615045185328657318592791965434659395165057079579241725573416414647746560000,2
jpcsp,2010,12,128675,83590,717,3.,121413,45085,1.590674457594017975280603417632236591918571415588154139550778697806322157788914766809823163407006107346461885017686070558125177779200,2
commons-lang,2009,12,55141,62755,405,3.,55269,-7614,0.862224956579769977109851242278601166870592408015186437328236980730244899310243921818181596655417548490524810926033797511200000000,2
fractal,2005,12,3049,1096,38,1.,103384,1953,1.0192544685565151323509789475098156622937997292646492972367374570824318061382839040621730289830320619921450031569920000,3
jmeter,2013,12,6205,991,146,3,190248,5214,1.02817860501019388880414752743092831,15
ocaml,1996,12,35542,14936,641,3.,86125,20606,1.3145041896079272430325544322189532756728078397732127179139331132274370075473107043027838521061301186107402427805712485185257704645955944448,1
apache-rampart,2011,12,6000,4704,102,1.5,46764,1296,1.0287055905074438369935058235290945312988931150079312108955426277858321107022261221791663608944303606127491433674304693670371056721920000,4
openttd,2004,12,33967,21770,624,6.5,92797,12197,1.1513275434216631184048793656868000,0
fontconfig,2011,12,132,431,29,1.,26635,-299,0.988772061584697107791251418267959769047458317003527020508121811074864440885000000000,9
tsung,2011,12,5356,3308,237,2.,35803,1933,1.0570711544103811256603928652477685134698362157459325777248051737520918331862814889024520586685112917948049539920004979697155616000000,10
kadu,2006,12,13644,8019,330,2.,84142,5625,1.0716405364399569558750799443364493159782024645923574801460081478400568707918886187694519947293791231463362490974620753448634714715428408524800,4
kopete,2008,12,42206,20842,844,15.5,302186,21364,1.07607666066798821848578319369232871448761555596990706890841761526565491747511567191961629994911774221719281430377358631961356948004093111805440,7
gnucash,2005,12,460747,220665,463,2.,692571,240082,1.530580853866096851911959304739112719516398415706983007386912657584242623731526126100309000144559707248743563049794650931200000,8
xfs,2013,12,0,0,0,0,77172,0,1.0,20
nsis,2002,12,48590,29141,1585,5.5,100331,19449,1.2404614129619620110555880880644233106008000,0
coin3d,2010,12,849615,849196,808,4.,3483601,-2702,0.9992249669644186916262801492982379170359416776341779235664951904184751217322209613373004823475464586849192222883717984409956448082277155259320972646092800,11
wordpress-plugins,2007,12,64858,14132,940,4.,51616,50726,57.9955056148215612867218400837273903605252241136423471498673315491210598985296121554649522253887139325927085037695864000,2
hurd,2012,12,866844,40986,284,4.,2197817,825924,1.60899822367014397320656025238466796784108835616397247774865114329287470766380442241929514304438993128100839710388030915256161056143805304151257718505393792742400,21
sympy,2008,12,172273,147977,1141,8.5,110050,24244,1.2827057849405182906068050171241854722375132391462469995742321769900719438947191385112607398363324050191454473081686327489255595155788800,1
qooxdoo,2013,12,27396,21260,429,12,1408184,5718,1.004079597091257948853335192181201447550,8
kaffeine,2007,12,288307,16673,460,4,272030,271634,686.94444458316492692533635924706563769810061842505693654589623819470049641113928619496210879698518867043678278440000,0
xalan-j,2011,12,10033,10942,73,0.,205355,-909,0.99557351902800000000000,11
lua,2009,12,39,13,4,0.,20810,26,1.0012509622785932563476916266077487599950000000000,1
wayland,2011,12,13995,19150,355,4.,14208,-6484,0.41774425289122414331443569189483620249749597501076621178449173487651851656977355667449180199524614076362302441885006667579889118924800,10
xcb,2007,12,4620,2436,111,2.,49874,2154,1.04513830678784839703592954348823708031436147667576989899770597861824129444467906104004103531322160706838459112888166556785753600,6
pf,2013,12,225,368,24,5,59472,-143,0.99759259259224096589217967332910329088,18
mercurial,2007,12,32480,18015,1507,15.,29156,6489,1.2862752018139199522224081006188504825823871380093194519006696328761964848677431497578118519120725592650152384690222471104330455285760000,2
lithium,2010,12,123534,82479,7824,5.5,119748,40851,1.520846083196578542722084470669551110741642065741140277971804449601517646918543916216730666372194156537209445708305611792595755483860000,1
geeqie,2013,12,0,0,0,0,86211,0,1.000,13
heimdal,1999,12,32418,15965,1725,2.5,120637,16453,1.1579225216841875263226389472345969678483726775623354702985225842487039523283217066048412865861595190082631173484243996314159079806542080,7
ctags,2011,12,92,17,10,0.,50440,75,1.001489129356153463638434000000000000,10
tuxracer,2008,12,0,0,0,0.,27025,0,1.000000000000,8
xoops,2005,12,51556,10132,89,1,432699,41424,1.1058692735,0
anaconda,2006,12,21795,17390,1252,5.5,63968,4405,1.0739553078164422765694681665842764329788930198842289316166887125163532234750789186209429969105865608808238386601918539111939767260275097600,7
openwengo,2008,12,0,0,0,0.,109658,0,1.000000000000,2
wireshark,1999,12,113643,41834,1381,4.5,94617,71809,4.1484128377084525333879454202948258938074935668591049496885865508460491310736551147183104588781953256085575876348351610880000,1
jaws,2009,12,9529,2735,373,0.,126225,6794,1.05688640302613916300256324224711405437852982286128068152699980000000,4
gEDA,2010,12,12367,7845,319,2.,128974,837,1.00654299852231886293031523474434128902296481871278383654701620082318326152750932530152601569869633600000000,11
flask,2013,12,148,12,11,0,7695,111,1.0146360759500,3
qsynth,2011,12,2502,1231,34,0.5,18582,1271,1.07342152388435907787207046278629849692750049915918094728410485260575296927680000000,8
linux,2004,12,7292312,5250598,26640,194.5,4218258,382805,1.09980698499710443268142352797860143091875268762933549367060140728100211440539836729062817252766243933256344065878015653854016197959020141824000,2
bison,1994,12,414,26,13,1.,7971,388,1.0511738327569885401773042847806803538813826338304000000000,3
red5,2007,12,86864,49317,1615,4.,112953,37547,1.497931199123687893178591542586223685357325405459646229693244178768679012880229507273368063672775323859094410921084455796843102292200,1
npgsql,2004,12,8686,4846,123,1.,15516,3840,1.328879753346378010551842051039325818124632430520752061739500581662502594900969806278005348381332418101807193962372172523490772623308800,2
autoconf,2009,12,3430,2163,189,3.5,35824,1267,1.0371216782397886039306740260978522282287376457633461455896678506450797874408019960024541151457243799774020734368449792328890348033261907200367488,17
trac,2003,12,3448,2718,63,1.,2626,730,1.3850210970434346607511068531240524964166400,0
soapui,2012,12,12277,9595,335,1.,285106,2682,1.00960969999612731507246025996275041085102369761420518272995459902988535193648333612800000000,4
keychain,2003,12,21,19,2,0.,401,2,1.00501253132800000000000,2
f-spot,2008,12,97226,81665,1166,4.,281438,15561,1.05852706326778852011806970301978640604780590451923042429463457128067283525007946230607554783506050724001623322112160821598720383336444465481280000,5
libev,2013,12,55,32,10,1,6605,23,1.003494378607639490903881749356860688,6
supybot,2008,12,337,5675,43,1.,36412,-5338,0.8531580105587889370824754092771384224784977936441101134448701960064321890228077005800000000,5
erp5,2008,12,2770565,1366142,5404,17.,6970930,1404423,1.2522987934523514716384495487735201352154628420469967032868872656947333337599788665119690572317305139731035197602967022776503213773208130000,5
firestarter,2013,12,0,0,0,0,11472,0,1.000,13
opproject,2009,12,30142,26305,61,0.5,139442,3837,1.028295416836413780039319626106755654668164408120632489267655419787016160000000,2
swftools,2010,12,67297,36761,564,1.,259478,18391,1.07739570664353436517595516622098538615873899984628159969103702050096345009109215768821721935289662709304807240569785887045120000,9
cygwin,2013,12,1013,911,74,2,1397963,102,1.0000729686285038728031931017631840155330272,13
gtk,2000,12,160509,72444,770,12.,271771,88065,1.479380096459098900227948081863138692561375240874886868752991895493669506350083456980801359604594614353180830577267495589841391600000000,3
maven3,2011,12,19764,8826,668,5.5,324633,10938,1.03486826375768291154695363446555644805965487947131460976873742935458256278358015681595341643512756669370880009500077073401286136023422389066588487680,8
ntp-pool,2005,12,6225,1953,279,1,6369,4272,3.03719599436515739392467520757684634722733388525124319378361819040,0
latex-beamer,2013,12,17,15,9,1,11334,2,1.0001764913518802581745588720,10
openacs,2010,12,124496,17646,588,5.5,2643498,106850,1.0421225175883265168270169676696977257491640432511791884256384456529176904914694963359716655567878290168877298084847812038504185235194578785974474740428800,9
docbook,2012,12,48763,23979,396,3.,1388725,24784,1.018236710802264029763695409315246656171649151337569641969927960445608977084719728361426920220870740787043596235514121733856587564440960663301395313329920,12
compiz,2011,12,97878,56295,1854,3.,154426,13316,1.0943660973728722256842543191059001418857115200823350230973390555265041111263425386522989805306495499248599997829273753858867036225650787162229760,5
ganglia,2012,12,11182,7260,266,5.,325899,2416,1.00747057841434703669711111534531672822530004853047009049531631393216060311167565162627600025728966418404171519667045686888750000000,10
mh-e,2009,12,134,143,24,1.,17620,-9,0.9994884619754989940429365884178231590850397184097287686868549500000000,9
jaws-arts,2011,12,42,222,7,0.,32023,-180,0.99437904006500000000000,4
meld,2008,12,5678,10807,157,1.,27986,-5129,0.813423062901926883144217309587536890143204782016007098456297036734149813675780606281671476461017861067183209145072000,6
FirePHP,2009,12,15267,13244,55,1.,15033,2023,1.1569068485924891757968246148630490930006521487363627480749704707455867339606662400000,2
gtk-gnutella,2001,12,13619,5894,181,0.5,22265,7725,1.53129298495001426602214526416347436581137962005083550352562694392000000,1
cscope,2006,12,2534,2144,25,0.5,23687,390,1.0167403528353420383905736951905652452294368880023751566100150200000000,6
xdebug,2008,12,280,77,48,1.,19945,203,1.0102826461347837076268422748550552981419413214063688374604846695230579315635075687883497904764214160576253171145339393225008000,6
coin3d,1999,12,261481,163690,1087,2.5,302722,97791,1.54201561901071633257849573127928311997413607708634966506840783040,0
DAV,2011,12,81471,42889,243,1.,521127,38582,1.07995523733266071207526180012372639537200340072617441936744946453593483534690458193813938410896442061724796975319183997509652655539200,5
yii,2012,12,169976,63528,3468,25.,601730,21254,1.036614778218286122856721495250209415179636504173578910145193856115371861010957725488505365150474743381845296811389554029879523888127152652000000000,4
connectbot,2002,12,0,0,0,0.,2,0,1.000000000000,1
blueprintcss,2008,12,6959,3257,155,1.,5157,3700,3.53946465362953365325865302957981085069495707778220748299060565935360000000,1
freeciv,2002,12,97655,62126,1154,6.,190740,35529,1.2289077450246348252215556117178650485957414376633540107323673608145301265798461886619106201527344699170182622580117894974759872608482240000,4
vtiger,2011,12,77884,28027,302,0.5,558172,49857,1.0980828816753249760239712681315233474791130034109804062500000000,5
citadel,2011,12,39559,41576,1002,2.,204801,-2138,0.98934069878745033904962029292772513709544240640717170652928826163661773991980663959891088052291499718148619914595006456612501396264642341834588160,13
sogo,2010,12,88432,185017,1951,3.,228699,-104545,0.6862809233034115221884417570580896699124499142128221925773281741603743019587718288256497238305200853895262228195616057932456201920970752000,6
sawfish,2004,12,46,44,7,0.5,70052,2,1.00002855103492093462349231654721477200071454457295680000000000,7
facelets,2011,12,0,0,0,0,119691,0,1.000,6
libpcap,2001,12,2353,1093,93,2.,16270,1260,1.0839440373101378477978407920179513916248503852216457060262271080061003306967854913162809559906188413236908081137645814277791414435657586688768,2
libpcap,2012,12,7474,3482,78,2.,53145,3783,1.0767841195057616285338398580544775791922635756107576206158301171665243000797298245876021769312593744437519139661204782095368525466301983052800,13
freeimage,2010,12,37242,16056,188,1.,361550,21186,1.062245125806231194715322052498714610982331916547065035551129844951810033158425690318937355955555890796695043206809711131230121812029641010891584000,6
Fink,2012,12,9303,5875,431,5.,282204,3193,1.01145495508442663003956260063726327923068207238736884962860474413517388122163765558235675125778359800606682944237492640495944000,11
filehelpers,2010,12,57977,44326,171,1.,104984,13651,1.1587104124948490075040739559179316734061092188825369424608149028128403917568000000000,4
chatzilla,2008,12,2901,1359,143,2.,29826,1542,1.0545184556691481225199007886662797185268193342676492957346679568675651504756336987285825424991205275237528491255697581328000,9
opproject,2007,12,156921,117287,150,1.,117943,39634,1.58920421604391211963416648791660732629611044982484159211098365103472653795163338014727458205699368965438816000000,0
WiiXplorer,2009,12,90418,53943,145,2.,43321,36475,6.3279287171932961368121911677112093489061996062500,0
imager-perl,2013,12,1264,392,49,1,68499,648,1.0095503382414916470275960,12
PyICQt,2010,12,0,0,0,0.,24655,0,1.000000000000,6
sbcl,2007,12,20969,14912,690,6.5,346661,6057,1.0177831147027228178751763027742454508157515773514786914890541862925602709717707036921302057180795038266354425898934709102368000613569755472920320000,7
xine,2007,12,712279,831417,3629,9.,1828051,119223,1.07093280055997982533338723180242341855063041380837692603492585040611397680946985859343162847932001631153590838700579430852286615029248356136960000,6
nautilus,2012,12,36115,42798,893,6.,113822,-6683,0.9403191669904210765047274996075885737279225542394665084995543520168839897239705758076906288504128605191814370943820337421118720224221573030400000,15
flac,2011,12,26,15,2,0.,86372,11,1.000127372309300000000000,10
dovecot,2003,12,50624,35938,1105,1.,49264,14686,1.4247209207801000580546289361678425197511885496325438024817595686480552265636623191912944173808839196721097626246489494383087979003904000,1
ingres,2010,12,181228,118469,1410,22.,3482625,62759,1.018353504184347879972030723705601679627880407964121363021742612387776404536422196084783765333213646864813437693916444673270382952540478684910013600000,2
ixthemes,2009,12,8962807,1615035,8267,1.,7971802,7350177,12.824133521636020832222909423950341284150086214498460461129757786310517388602741966577176977920000,0
acpi,2005,12,0,0,0,0.,14813,0,1.000000000000,3
flex,2004,12,36,6,4,0.,49624,30,1.000604911884500000000000,17
grok,2012,12,1610,1220,200,1.,21161,390,1.01877617832375187919399844466624876848261167597058438922630554131267397566396024404992000000,6
asm,2009,12,603,718,41,1.,68243,-115,0.998313461511090480268065718616509223507041213821889554090845113104012029667437720137217418268397073134644531200000000000,7
freemarker,2004,12,2200,1279,82,2.,35045,921,1.026989801897762657929077840449694386141429067955223367954845166906286833106777470199528461452239276461688848407102755329366754294272000000,4
skype4pidgin,2007,12,470,380,12,1,2445,90,1.03821656051,0
nautilus,2010,12,35611,74202,891,6.5,146378,-25795,0.82300308089118041215548580096159717895465302236500245222161543197602663626855096024460059994434578059033503743409360804271578403237632000000,13
pyccuracy,2009,12,23329,10780,391,3.,13313,11738,8.45269841183900496491183011683794540404144142889745240803784295040000,0
e2fsprogs,1997,12,8468,4157,98,1.,36490,4311,1.1342070854766173154774002787786487491468647007992444898827721783628502500609049288710080000000,0
eet,2003,12,682,197,40,1.,3627,485,1.15436028007469587101831981690252591943243985106507737792067850864256688937183200000000,0
docky,2013,12,65,18,4,0,33315,47,1.00141276902700,4
mahara,2008,12,128421,65853,3164,3.,188313,27869,1.1736992345729947345724592618224196488569413989218559968950356240986484373732838051960029945947495805184226262800127932924330430768331138560,2
okular,2002,12,7676,5312,39,3.5,45202,2348,1.05479068465497673805433802939591742720,0
IrrlichtEngine,2006,12,3074,329,9,0.,165964,2745,1.016817894976294651147600000000000,0
openbox,2012,12,917,592,43,0.,44490,325,1.007358768255510497332298009117572084896000000000,10
omniorb,2009,12,67,15,5,0.,75,52,3.260869565000,0
netbeans,2008,12,91246910,47211718,92981,142.5,8205436,2015659,1.3256432339928939430475820355753846140946807688128665249683211373075919649691019013989692774805563403527953777924092359878896321233920000,9
glob2,2002,12,30869,15488,492,2.,33561,15381,1.84603960393643741644177345585227550650270421050848132974530437664479329543546565913136477457907028646161094528210542776288667200000,1
debian,1997,12,449674,161677,2362,10.5,24579,261,1.0107327905253321238058400000000000,1
bulletphysics,2013,12,1,0,1,0,412821,1,1.00000242236325800,7
gnupg,2009,12,19017,6846,270,2.,168348,12171,1.07793080927339570890958966919296903686280448775640452808476689283008239718370759093763451158506881649485268881260969590890714618652849122508800,12
hurd,2004,12,78250,16794,740,4.,666464,61309,1.101311234323380715469040684006893318857356092973149600322953912321254665002074526859394450813981742372996080020239302111436218190738227200,13
evemon,2007,12,1187551,538967,705,3.,64622,22527,1.53514669200723335148331198666741985608783916053574162997821717570858863586072448734665500794368119212897678253420693462152403179136000,1
jbosscache,2006,12,331764,217936,3664,7.,263580,113828,1.76011004870332669758913589547839199966584922499825102386769829478703173300407915425061742570687703858477086908413792689811726663680,1
boost,2002,12,118394,51846,732,11,94829,66548,3.353099253776874671229836719369334170466913050954893546370174730936778680,0
openstack,2012,12,1484427,934689,17125,148.5,660324,317659,1.927024936915460339121914542615032503476360390710368015298678037908033996001532471139857580160666588462197602791902263968749767884800,2
keepass,2012,12,0,0,0,0.,2284,0,1.000000000000,6
lisppaste,2008,12,167,54,6,0.,3954,113,1.02941942202348232049488508429088489496442979413600000000,5
scilab,2009,12,8163329,7527862,16214,14.,1857149,248374,1.15438703359715096354952306437187655464698454578302669312007460956747133322715614855590665635764326400000,8
archlinux,2013,12,11722,9441,228,7,92710,2138,1.02360552930271534149639565136559900,11
gentoo,2007,12,2331027,1787180,77215,250.5,5749561,542716,1.104231257129270445366698126005936516898942546127442997164857352426515464061564210330272178959717255423043978014037797826151836043107087360,7
openrasta,2010,12,37445,17834,87,2.,254671,6062,1.0243891644790178188810631222358059111649230322491261916873531987135372264087702122400000000,1
Texinfo,2009,12,2068,910,65,1.,73472,1158,1.01601349669459630583196490613276466066408319550771674494035363140493718653150230885626397208375025000000000,7
pkgsrc,2007,12,207214,73252,9498,50.5,601522,133962,1.2865129609296687470946607934420901108756775609821828493732932813388966466830897891894222732355316625567517369365326593418838019674760601600,10
cherrypy,2007,12,5318,3251,225,2.,14258,1782,1.1428342417400398599517466464068898388872649810355472986942330674415681123191494724298744952275031228323857759400000000,3
offlineimap,2003,12,4666,2762,94,1.,6394,1904,1.4240534521155597454408253173540385585480055524286547072558022866335987084288000000000,1
transmission,2007,12,371871,138079,3105,3.,258255,233792,10.556963578459732103210497359961390216422523135730759245691321520104140540757390059159774720812601457437234898725897243852800000,1
sqlobject,2007,12,3462,1229,128,1.,15239,2233,1.171689989237507550341242783985410836545296745090154700280498302217551368099013184083183610557931892559771270534984150119457800000,2
gnus,2009,12,1216,658,87,2.,127329,558,1.0044016375992552341148437245780077772436437823225385345920392817836540702996668899240937257588022395680869126492482645332388004763281958385760000,12
eggdrop,2002,12,41493,37183,655,3.5,216563,4310,1.0204016908377121701721564614678446768537194071554675033114927884319005549530057049819112907665953239048437424809817184344927405502873933578240000,3
ndoc,2013,12,0,0,0,0,81137,0,1.000,12
Python-Ogre,2013,12,0,0,0,0,440732,0,1.000,7
nette,2007,12,0,0,0,0.,6245,0,1.000000000000,1
pdftex,2009,12,1588,1351,5,0.5,228160,237,1.0010398248529443605164553000,6
gdb,2011,12,437186,111921,2780,30.5,2576304,325265,1.1444954974049185036744189282214128425725464097108379208765468180699392509033880242994073881988198638306702892314017322297005537899722193920000,12
opensuse-linux,2005,12,322195,178709,4249,21.,500723,143486,1.40165492382247426187654084097237568430031457790862214146577074168955403915331785568074041736628809645872082372873822592068560606654080,5
flac,2008,12,1553,744,36,0.,86180,809,1.0094762858615159145870056569641962352000000000,7
paste,2013,12,4,2,4,1,48177,1,1.0000207572235100,8
guile,2005,12,18644,11347,412,4.,121266,2701,1.022911577088099574818178888142926292461667279518533404053045528627216944814700826430071340853986760042123746301211367913004057725767171029600000,9
symfony,2005,12,58172,122140,1596,1.5,274196,-63968,0.810837345181824101550,0
nexenta,2009,12,528,265,5,1.,17711,263,1.015073360840,0
annas-graph,2013,12,0,0,0,0,72987,0,1.000,5
x264,2009,12,22940,11258,389,5.,55290,11682,1.267886626313370776289501021006888049152835264697102603833467281463443366775236320492567769254029475020493782285251757665616643112140800,5
xerces2-j,2013,12,23,3,3,0,179452,20,1.000111462838300,14
debian-installer,2006,12,97643,146403,2842,20.5,306248,-48760,0.842586793577338288348430861451589186089405704878848149274923696666717544266941452977352298681337949781170306063454433044086396115616286720,6
lives,2004,12,52238,54672,201,1,51455,-2434,0.9525332501269045480359269268847200,0
magpierss,2007,12,0,0,0,0.,2259,0,1.000000000000,5
xulrunner,2010,12,0,0,0,0.,2399,0,1.000000000000,6
nixpkgs,2004,12,13792,8614,691,2.5,8238,5051,2.58487605920980459229996655463090321472155763989470430144858956438129487510540694961565380509087376359954359886903905332671232000000,1
cake-syrup,2011,12,1775,298,68,0.5,47661,738,1.01572789463401048625488189510533989573109236869497755877030558000000000,4
pygments,2008,12,12745,1727,272,3.,44623,7647,1.206809822592586342162826639848305616326205739599047865095703229627821390118873292940507107285083258746734621964800000,2
glib,2013,12,4826,2195,209,17,391516,2631,1.00676549622641428697464389855024242040,15
synaptic,2012,12,9911,10101,167,1.,113841,-306,0.997301563505471629078801682786058663195749425097642839334883127353892334824432890244983128658789883732289209661758694400000,9
eathena,2006,12,353167,322059,2314,8.,139130,31108,1.287978374733887939796155292608120934832380102624854032641887129304618814758988649076443199219282159551582627894073857449160095783796940963840,2
dragonplayer,2008,12,2193,944,124,3.5,4109,1249,1.436713286767854725405161096032588679001739859091366140726928876388695821071318654351934415789591440546126312599405943288791173173415502706224000,1
logback,2013,12,896,511,31,1,79443,288,1.0036384309268586713312510,7
cvs2svn,2001,12,0,0,0,0.,1339,0,1.0000,0
jbosscache,2005,12,179940,101790,1646,5,149752,78150,2.091449959522976592492240635412302710903153305973231652254953218231723160549230210332784022858240,0
wtl,2013,12,0,0,0,0,155425,0,1.000,9
oradev,2010,12,0,0,0,0.,5805,0,1.000000000000,2
jedit,2008,12,29933,21719,908,7.5,296253,8214,1.02851697165949678289189615670726328426963958160804414497193894113214866015069921574688337836738976112009314385472450845173604496283833428236620800,8
linuxdcpp,2010,12,6742,4914,149,2.,63246,965,1.015550971738410516053523860414499050596907266160659986914750537675528729321053802722675223621971591947089442918903802172526000000,5
dssi,2009,12,39,9,7,0.,17650,2,1.000113327289200000000000,5
abiword,1998,12,54550,16390,708,6,38894,38160,52.989100826406096993913392371669142704872109320125,0
bazaar,2013,12,4,4,3,1,246223,0,1.000,8
cmake,2010,12,73944,36786,3962,13.5,659468,13516,1.0209241553559479390738364041838701369050282269099667862085775198272696629923366305203487424115797105887533924025585433193447619918456910109328015360,10
jahia,2013,12,237742,229242,939,11,465866,8500,1.01859952166802730459215167268497970,4
moovida,2006,12,56249,42346,676,2,15679,13903,8.82826576415442674922230013540441282518032995669972407708345255883341379641653354436220704647930238810505517977600,0
linux,2002,12,10613058,6655761,18625,126.,3620186,609837,1.2025801659466936315370365933673103043235500360831394426616017608555956902452864654392126898214838850837134924963840,0
themanaworld,2009,12,124953,98946,720,8.5,142393,23143,1.1940712788271169148084373643250154758038010539918234659047569442233860772429370857693288839308810467813496760874002706857917507209583943680,4
fltk,2004,12,480024,203491,1129,3.,725994,276533,1.6195027094740159324263497437098927236107672877398770399896182505040353481737749019222785422159688481971931371985583030551304261947006976000,6
trac-hacks,2008,12,464159,104029,2707,27.5,703968,360130,2.0473827790297471634641053186820795179389748166876570986922249341595593496399599364500320439442962920778674139416066673445657143057408,4
virtualbox,2013,12,73779,69318,823,1,3372764,4461,1.0013244057913044033486040129328165514972,11
xerces2-j,2012,12,608,115,35,1.,179432,493,1.00275512884313698271814952311213462310085194154816347222892509475054874665738349406505487060682219548899584320000,13
annas-graph,2012,12,599,182,6,0.,72987,417,1.0057461761054374025877627902195209389000000000,4
sbt,2009,12,7316,5820,181,1.5,8109,2830,1.53608637997840976313193441030239161268129,0
mksh,2008,12,8064,65269,478,1.5,140751,-57205,0.5855851286813383987307068821277055282368865421170556252629905980053088717167310645002041063823568034195109484107162248605173340134400000,5
yard,2012,12,13330,5565,441,2.,28653,5308,1.2273720282703070682308979082241697266368620921383089348932713614004355853370594625182081458320989248596388304793600,5
amarok,2004,12,178336,118721,3323,16.5,66101,59615,10.1913351823589588458411878777138623005460852480371769279581001557249172395854323717039332979188751179246105444923000000,1
f-spot,2006,12,69272,11414,770,4.,116495,57858,1.98671487289296126728885369057794590315490193686059961456048111245659333455466115147547357308878484507780725478816745337735074440207360000,3
xapian,2004,12,34687,39631,911,1.5,91291,-4944,0.94443320520715571480238615352579753614254391170192979315483607050184657336575838961326106580157647677719377287730073152714534880887532011600000000,5
coreutils,2000,12,27203,24451,1573,1.,102019,2752,1.027723211140400274404726873864719874546951519710432154355792848790274134150677377627303100202337974337541321791482055891965891037617246720000,8
jack,2001,12,643,353,35,3,5849,290,1.05216765605,0
Rhythmbox,2009,12,35687,31008,589,6.,129914,3212,1.0257250178025670004442140009326885691548419917560589692826108059818475922866596721363713100039660609114485398709047709267435889627559852400000,7
aquamacs,1992,12,310602,103046,5652,6.,343238,103778,1.4362069690324293040272403611965835474636636175936301697739277191358685986447159704166122597828219322867858197284001596092817922552920000,7
icu4c,2009,12,76765,47516,760,8.,525029,29249,1.05899592561694672876006157583119776995279053316196213342708121036712151522900540464502171609678828421083279364724155931121135290014524101598080,10
linux-ntfs,2003,12,23493,12134,320,2.,45477,11353,1.33269839404474900295275430140778954210648207901563530422931690579412845165857641215884760323652918943307724559726136249372056238819125748000,1
sdcc,2004,12,102076,30339,579,7.,1014903,71737,1.0760597816340185888098714795976571679376633016338233802006967728488496210793730111516953875648837525094931482458029754664654152195719860653430,4
jain-sip,2003,12,13321,12856,135,1.5,41155,465,1.0114278692558542130060778367475414478235124998139655520773257868187645532160,0
Test-More,2011,12,6020,8085,124,1,21846,-2205,0.90831982035317287339229899201726473834976717463430169999122160651899132000000,10
mandriva-linux,2012,12,123298,127065,1838,2.5,1162198,-3767,0.996764337801469608889177478990275166414085331672810875183068296925697207599690711662388616337668510329657215680000,13
roma,2008,12,48532,49801,1086,4.,90988,-1269,0.9820338934991662727586428137501922100981307392366532352944306228395251145997769414819762463447353026220175407797985660948389852446720,2
dojo,2011,12,296876,171900,5321,18.5,567204,124976,1.2826053528852399826484388663473601112410564210924339664373634586492418423061400927165558332010075396478505852811690585998112474184730624,4
gcc,1989,12,26,0,2,0.,31,26,6.200000000120000000000,1
hurd,2008,12,152052,133995,2792,3.5,740047,15274,1.021662728595485073581910710214362662567184701009501482160083218438797023856500352061679631149198687222194775182853978748541984534457655872000,17
railo,2011,12,119702,94115,798,1.,471704,2052,1.0043691925097760499043170853463790276101184293871105989162841301480816640000000,2
heimdal,2008,12,97257,25697,1375,1.,284877,71560,1.33546318392293755443942758047426205244920841997181830610453069920042764184078903691917321951758182717803409049215082588926350783290093158400000,16
tao,2007,12,146589,205527,1516,11.,997471,-58938,0.94386718147708162503737446136040693558322646631885623886468328119087125409328150907623417475809094908565887220020299744316701572528984179058688,10
groff,2000,12,10887,11483,153,1.,88270,-596,0.992739233716028567738590205441247168280269981837159709613841946152370194279846638850440752534926949461151389724361664000,0
cocoon,2005,12,796427,935082,3511,15.,1124348,-138655,0.8740564794689793598768685933347108774409930424459736766747413182193861277207398408407874852888921098705551058853983623669756021417088000,6
fop,2011,12,17464,10429,290,3.5,307538,7035,1.023410747980326217507945214788903112002879322458150715869052632047114121478928464033610286472994329951662657145142058601217043727015797239259825192320,12
xine,2009,12,81619,44726,1131,6.5,1553938,23786,1.01554486090304362963446303792255760554218217228293948559335129873963539123064140302098363567489232709581329712595304542953409388649254666629626933073920000,8
css,2011,12,0,0,0,0.,13,0,1.000000000000,2
mplayerosx,2010,12,0,0,0,0.,6998,0,1.000000000000,7
vosao,2013,12,0,0,0,0,342552,0,1.000,4
geeqie,2008,12,57249,51121,1115,2.,76441,6128,1.08738930165401067964892294174791659804911949280303464493428637781123584707411778606978172890169274417962087380129393002178560000,8
pylons,2011,12,158025,144086,2773,14.,135419,800,1.00630875026049696932526924720857799625774422725164560218266023402385882375547004043360133902086688298222381929512333969647577960000000,5
libxslt,2009,12,2606,691,72,0.,286122,1915,1.006738046565112943159768147870236213337613796297650000000000,12
keychain,2010,12,68,755,11,0.,1802,-687,0.618545252657219626413000000000000,9
tiddlywiki,2011,12,186295,29658,287,1.,1356858,156637,1.13050679832960314848006705686955718816857371465313570257655127293306850295520717906260000000,5
reviewboard,2009,12,76790,59302,704,2.,38412,13023,1.512938674182983518331203514611580770653043236974637589854402605542127215672971195603691944634882612766387230731385002731656565625000,3
tt-rss,2013,12,4169,3847,472,2,71393,193,1.002710674156639979157055704837481746,8
wesnoth,2004,12,111619,77641,1889,9.,87084,33978,2.01867785929435094917949046826213201008374454088360738950212264281597051750154019102674808559677826289630625032631020024980800000,1
lvm,2002,12,24136,13673,422,3.,28629,10463,1.57596609056124027409520768739347095133913766915782056413419614817146100891268942052975432315132616783562116824692014174965497037665257600,1
bison,2010,12,4471,3112,153,1.,32578,725,1.02276080746238834245827847070998048889734722278099809925470089668545553256118532391843424126429149512608360411952434941011567522620032000000,19
quartznet,2007,12,67631,60342,198,1.,44123,7289,1.19788782093978549572923295033320822519403578930605212076085778971979867063088540502917160879340199780809161490589735936000,0
ubuntu,2004,12,454042,182264,4584,27.5,259441,180558,3.28893424427601367935869766971470954416647834001732927253850437109081639330572261530944634949076555774014692895139243628232480735826497044480,8
tellico,2006,12,50448,26473,80,1.,149734,23975,1.1906424192359805994754574097988087598322985998886872240181641863846797065895839260471639010258800000,5
calf,2010,12,25954,26849,261,1.,36923,2544,1.0739986619806421273907631702732151417847499578628302248041300529624140061267782091875393350000000,2
fabric,2010,12,6991,15386,321,2.,9047,-4614,0.42027892945921922136906789003359195877277885374021642639637576696939517769170471110764511086591046120914668544000,2
opencsw,2011,12,306741,134083,4814,14.,475619,172658,1.569901736575123122532411051597597998478088785968899800027723220988265286502810435005307799714331602521133824422705182583503790288021760,6
sage,2009,12,138970,68335,662,39,113378,52655,1.867134364224715394993525462289918,0
swfmill,2012,12,11,8,5,0.,158162,3,1.00001896825347000000000,7
opscode-chef,2010,12,82658,47642,2040,17.5,66855,15913,1.31237485767657010470452613343862612077325179249811929609455952248256001275047346744952139194076373343215189544375371124849143065888000,2
dolibarr,2004,12,113360,77770,4338,3.,112763,35590,1.63858037424739694966055939163584480710001878844504782786286247588992914982022196623793624501212091867190258375544956692460142272,2
cairo,2006,12,67381,33692,1485,9.5,82375,27165,1.492030429277467782491809709493520490720577518011026668589370916239616880180359197913112288763441324951821612811128845968532965824000000,4
iceweasel,2011,12,3476551,2297999,1173,3.,5553164,871620,1.1861821655055567245878743536125171282204197539622657114887091600463079765651697345727291708877346205542521618239290912358382009738200755976840021516800,3
php-js,2009,12,420261,100764,833,2.,345841,325562,22.45525240328294433386333471241195586211095140405455690437994645242969700044856672124047773292460030518994071176337962387236922116586440000,1
quartz,2013,12,980,506,39,5,53589,474,1.00892403275911281151892769179057616120,9
testng,2011,12,13359,6480,681,3.,112083,4983,1.0465266106417241613542316790928991885693379833413878194740542625476981599456598399500255974011632389766597359218729131914548347139972450560000000,5
openwrt,2010,12,528409,454801,5729,22.,809459,73608,1.10821873104178560741194983098761239351501861877802063465818318260178512699290910353087391078553011158043473279566892221357720536084800,4
jvcl,2013,12,290,137,17,1,2030752,153,1.00007534722512429878091968148041364556545180,11
brlcad,1988,12,28352,1650,222,2.,106693,26702,1.3338125539165071420155121769502113836504425820466181781974738455432874467993742955970732267083202115832194286647319063507793413916800000,4
portupgrade,2006,12,399,1022,44,1.,8885,-623,0.9297632469027052467630984142938976548336284985600,0
rap,2009,12,145126,65542,1826,5.,487174,79584,1.1952550357048303355264296427234064185809916702942678521181580389697149613447866247920959954359129085334127126466469169873101789452425000,3
s2putty,2010,12,1338,408,33,1.,124291,855,1.0069266664505602284391624992384778184285043881334001729126585048356320381760000000,1
torcs,2005,12,66917,61714,297,2.,319065,5203,1.01658908303326884845085001919284651799790740749017628205758944844580068186401508422321563526370310306590010660229329910379558899260370623160000000,4
jedit,2007,12,85816,43516,1369,7.,288039,42300,1.1721338493339438841024842774992459271323678633823684150823628175470131832224764931037888107216265020147110773976536141584223744541426432000000,7
tar,2011,12,338,130,18,1.,19048,208,1.01104033970222640358489487515136640115700073847390946441858577222202966261272569330575540000000,21
greasemonkey,2011,12,11402,8571,411,2.,5585,1301,1.3218703612168987007746775502050925077979236491205832586026246651873751540225321564624326492932811307057419288078166146000000,7
openstack-horizon,2012,12,137802,123582,1345,12.,32924,8775,1.3633690836044438436052735628226727519115768571583840528556406648324909048487129605783621350293622919609975757658189314363040151840,1
cmsmadesimple,2007,12,304890,144115,4407,5.,609780,160775,1.3844360488992443949575340180597351143032082040272880075755350043517633763438552620324440060611263095722145553133736141357974686696231207360,3
rproject,2012,12,260043,186709,2071,8.,750118,73334,1.1083565805299168408607178845722249650677536928761069477685295666753411829604774216460482996097814064152548500255824751793202433545205962634500352000000,15
guile,2009,12,302937,220678,1735,5.,174249,595,1.003819415488753942004528152171413721198327458734489890866519904934670948389488932859981378390873086227144769955330560000,13
scite,2009,12,4080,1574,408,1.,93612,2506,1.027506421090138823413989164764878750935425738139573317423495171035956329245539999749883955159447175248252143626650617435210550270935040000000,9
typo3,2012,12,431144,656792,3144,31.5,500318,-225648,0.68630634782978673274069525578440152797517778164195118827544529073014674421853005422753108002456639814254786233086587524840770296834965504000,9
avahi,2008,12,542,341,68,2.,58816,197,1.003362692885917644932714259305966975638465637823682035659602464661967431757724052702179952159737977832000000,3
iproute2,2009,12,4258,2137,98,4.,42288,1799,1.044919973027670613825002117025339412225510392636734344195924627152301309699026622791920673915344266401221146356800000,5
vosao,2009,12,50179,57870,386,1.,52740,-7691,0.87273088318696747373310785762908739312320,0
sudo,2013,12,3442,1926,150,1,96625,807,1.008422217120398815771122762203548311,20
xulrunner,2009,12,0,0,0,0.,2399,0,1.000000000000,5
mahout,2009,12,167562,105402,658,3.,90229,62160,3.214542733962954321517807748728684561125191091618801372100410186491268281486437973741704672899612474851967377219886427625891849882160,1
jain-sip,2009,12,24022,9343,255,2.5,103466,14679,1.16532825751500359569843585122375619961004623989990462675585693573450288702453077014198507553742927852511997512897121680029671593124920352000,6
moodle_lang,2007,12,276066,120375,4308,16.5,713974,155691,1.278874692571701045455610131520946682774588300590742184345729603251699765693789639869568406879411595531638784089610607534279373082200000,1
tomcat,2004,12,19772,4479,203,3.,51512,15293,1.422236947429854981073955014579280446165618943517492350387907985785684637613585759264321105120926664718753720209062002472068028494209280000,3
rtorrent,2007,12,11218,7674,193,1.,17142,3544,1.26247963265164059896754519056658928385765976405378691315989076693308731664218918058324578222548918541869635953960452339432110186872832000,2
pytables,2007,12,80591,79397,1082,3.5,138247,1194,1.0087898173586982062849938827450247520353238024945374247055351775867565702072090848545009097782121188294662377660851052716065017547520000,5
nixpkgs,2009,12,112361,80081,5722,10.5,75876,18186,1.31566340347654130509900574861440689694325825817791363004881648623844717692907350381807033946372033211189998630952711641728871370480000,6
nixos,2011,12,8045,4652,985,7.,26468,3393,1.1470422535184444679272576578499283253711477724622683951225804933949888038012945194805145926277222096495828336949849075602750115054089321600,7
jmol,2007,12,189312,144774,1778,4.,266995,44538,1.200209478681502862701675959178791285508085506089834115604186698267248758515991259226828835965528102695240957176389823236792570970529638400,8
OpenDS,2010,12,51426,17455,288,1.,826508,33971,1.042863613936470324750804166715289751644472501138500870160009095928990261661261937044332311426720000,4
adodb,2012,12,0,0,0,0.,7930,0,1.000000000000,10
vlc,2005,12,196797,125589,3679,18.5,354529,71208,1.251333293342065073439677486629114676645951667700719940026851629454806296722646821110579008815000164758309261146903001758805321407302080,6
meego,2009,12,314048,213500,8238,54.,499989,100548,1.251721781183279360325353395132058985989584684660871134968171227910251150542575971773385049579443664345214872494039593870273305338880000,6
binutils,2002,12,258074,139180,2900,22.5,1209078,118894,1.10905865431386420553337231417595412622816679969341861863533648509655629722129186048448459272445169934330821006432127467347326953737281200000,3
mason,2012,12,234,171,55,1.5,41071,22,1.00053594484611737939201563002950117922706063633226453973331203840000000,13
octave,2008,12,409671,119636,2664,19.5,818952,287577,1.541194072038542119846462035357819189645926297250332734456367190281022584740381150844410604044320791172500094185687315848103731224000000,15
lua,2008,12,420,192,14,1.,20784,228,1.01109165207283966383151379037745267640574548972000,0
SPIP,2003,12,69187,24806,2091,3.,69557,44381,2.76282967909775672622367133112783055775515737643838190033026645565071112023626479658276601245379029167903407421938016627484680000,1
jfreechart,2007,12,144644,13944,314,1.5,157971,130700,5.7926368670866296457128020370020439629689965481035098975224077936925384788430220469248459598877318363011119695373719260000,3
libgcrypt,2009,12,20503,12569,74,2.,171300,7934,1.0485657970421681599336601980576459730668532793115117920219238275330913089300000000,12
mongodb,2007,12,1466440,2436,162,1.5,498956,496911,243.9882640640352523168,0
tornadoweb,2012,12,9679,4579,419,5.5,17506,3877,1.284466945501885349452905831803884606979143714818676689826342868637201422049690675423404284840995298878962184455126451680294578348800000,3
msmtp,2006,12,6329,4569,104,1.,22789,1760,1.08493798561387096823476577331115962688105984252524038552925568921721197526238668565577723342050679767350670140246400000000,0
iodine,2007,12,3048,2206,167,1.5,3414,842,1.32737169514595411916097684493548686223823080511526487471623544448203370433124800000,1
jquery-ui,2010,12,75524,53633,1328,9.,52406,15043,1.40261756278179050751244157451974547272225104951910922200143568776967438969519267167396135844054184692335409459161988224086576071690889600,2
libglade,2006,12,78,7,7,0.5,16377,71,1.00435422543805702325115817202793088800000000000,8
nantcontrib,2009,12,70,51,6,0.,34588,19,1.000549625386900000000000,7
datanucleus,2009,12,233770,152707,3560,2.,565193,81063,1.167440563488882968330363441475565460588067793989992482873351814073237921502823088894335850256621380026165154512569845357013765720579200000,1
argouml,2001,12,122712,20207,688,5.5,276739,102505,1.588318009095776160297037424196658957411250721737988984084641198532479778492517454815412223272608580199004760987180352249826554372288675840,3
zim,2012,12,44327,15059,293,2.5,38546,5878,1.17993143135664474084663535201253279761589896907489754862189376527544340068068760000236652956657206271372957558644679765093615393573749050880,4
bitcoin,2012,12,662473,399407,3139,14.,259440,134440,2.0755200000456837174198403625601962853411218998723622747687318108048440866245221525769002524550522835464082478709536330449811187200,3
cobbler,2012,12,14001,17897,505,6.5,26587,-599,0.97740475293125948382829547486199107993285067981837307277717201885547700483089397418161983742518062595726901318889953586574751766526878631148800,6
stepmania,2002,12,201252,52834,1494,3.5,154230,148418,26.5364762586558651749600208153134625017789892323616307866336114580354699541801232089090596474006655975915068322974874468352000,1
glibc,1990,12,108,4,16,0.,89,52,2.40540540535899853668584147925425898757237500000000,1
aspell,2003,12,0,0,0,0.,19815,0,1.000000000000,2
gentoo,2012,12,1685756,1526192,63331,183.5,6719298,149113,1.022695403553126457519544604051323114900474324458681751075954371509406504829524874428868007896007402266016883752270471731158916603470551560412825600,12
quantaplus,2004,12,119727,32971,1133,7.5,200126,86756,1.7652465379025609116496704379213509056635445227393044182812053929940396983455889686689179352912658023541909081340022246414959924021903360000,4
cpio,2008,12,277,153,11,0.,6553,124,1.0192876030535117635838580000000000,14
stackless,1992,12,55073,17260,592,1.,78349,37813,1.932825143058260066770824067091275500885087156204008473796895254200501443245620096017422602299226030343271363959786780678795980800,2
aquamacs,2008,12,1351764,1392708,27062,36.5,2532034,-23742,0.99061865805241464327285210929719845253291549960365667038815647499526400374199251447671176023408709639654363795620967009449875567352074496000000,23
llvm,2002,12,112520,58121,3144,4.,95109,54399,2.3362564481371070829859227965601054579646940796878304774427154607803448845421406265050732816208215159638512159428877386041917606400,1
texniccenter,2013,12,0,0,0,0,89818,0,1.000,11
amfphp,2008,12,0,0,0,0.,6251,0,1.000000000000,5
kile,2003,12,21608,36631,226,4,35274,-15023,0.549953566419790801607291164156973097112382654259954313807506521060966492160,0
wym-editor,2008,12,8632,6353,152,1.,10765,2279,1.3245514097802597035932463265716162289818340955120962798893594337432845227607745966684408965700585704037614592000,2
sound-juicer,2004,12,2901,1558,117,2.,9584,1343,1.16563887518982550682394168617737151557434139454535834466003728165959373072146767440214936535857248261628572199042170190947449878090128949248000,1
netsurf,2003,12,20646,12613,414,2.,14833,8033,2.18132352934928672814832840010743272581474794274575161830097650000515700982799438169014388747801053769998969434409305821711772000000,1
psycopg,2013,12,0,0,0,0,44123,0,1.000,9
movabletype,2012,12,0,0,0,0,339834,0,1.00000,4
putty,2010,12,2344,10526,73,1.,92397,-8182,0.910751878918110669852744929255702670732881428168605874866693473660332610589016737941086563649258118677784594315042111763615336521582400000000,11
jack,2009,12,26094,9750,640,3.,121755,16344,1.155050231941890474796860443525821048974209041184930904793573550297792039828984830499089202562701780618349685236485756377792718737826039229749760,8
cayenne,2008,12,35958,14719,646,4.,224304,21239,1.104592125677798966173947933582629558242841132147914332293069595087138884618479105410695689320514097082218853159619972681901900723774699962368,1
gksu,2010,12,0,0,0,0.,82272,0,1.000000000000,6
catalyst,2013,12,286,106,24,4,431593,180,1.000417233602103255200933031932753575611680,8
wolfcms,2011,12,7918,4512,442,3.5,29796,3032,1.113366984481901917609220825661800174504537557709514634286024058244435541194618169415369081372618059779845254563854399444289029632155266003763200,2
OrangeHRM,2011,12,145142,142679,4632,6.5,449210,2463,1.0057623739576788528354226398278472997817442412430090993217062392107742307115097994780109246565838889430814861528212083435450219847680000,5
ireport,2010,12,59968,15889,87,1.,469780,44079,1.103544506592929807732578453872850440389826402200180520277401578047602997808642583175525251451268012736648975629837170268482420787700000,7
wammu,2009,12,1028,361,73,1.,10741,661,1.065588410391073270042679531346634381918871859379214314751859495398796387591783438415166547225600000000,5
mc,2008,12,11525,3511,102,0.,203390,36,1.000177031187000000000000,11
mediawiki,2013,12,55335,53491,2331,54,941255,4763,1.00508600180263888950268806071890055286,10
qjackctl,2003,12,12020,5582,147,1,6938,6438,13.8759999988378340272006448074275765801789960,0
jquery-lightbox,2010,12,0,0,0,0.,479,0,1.000000000000,3
jmeter,2010,12,14372,7694,614,1.,153486,6678,1.04548798430317892859812877162335694921585813817010427552317322077225718489007635729422693838487147128751162906186080772479213111759902226219663360,12
clojure,2011,12,9644,3477,208,8.,59152,6167,1.1163914315324609355759935487093084925015657802771239473031918233701955440193026013807810562812347758806197831188728152429504256000,5
joe-editor,2012,12,0,0,0,0.,123114,0,1.000000000000,11
dvdrip,2007,12,526,223,9,0.,46895,159,1.003402088326355195837985776305852179375000000000,6
hildon-app-mgr,2007,12,38932,23592,1072,2,37680,15340,1.6866606981964313249553259317855139774769778190793933874478628478486666829674738578554147591134461892177081021753970310400,0
tor,2005,12,39084,20405,1858,4.,50645,18679,1.584339610819724980568924683832587610124370814778070841016018602728646131770978979561495119877529773741208352946559435613845879808000,3
calibre,2013,12,81032,24681,794,8,301551,7673,1.02610947399605235817543761311405595,7
antlr,2010,12,69247,45226,199,1,45943,24021,2.0958485401114378803218948427334869864127820993278452013870046889605804205465600000,0
matplotlib,2011,12,81105,64575,1210,12.5,359646,3334,1.0093569680555104633212633045293162402545073855395163063391277559222970228523576450636609661477162104211509179283250001683614790670236890015320000,8
osg,2013,12,2598,708,83,1,458572,1890,1.00413854717281540549530202651057757840,12
gitosis,2009,12,26,3,2,0.,2757,23,1.00841258229700000000000,2
perl-xml-simple,2006,12,221,80,12,0.,4240,141,1.03439863381194031266963010221177348000000000,4
wordpress-plugins,2005,12,468,157,54,1.,376,311,5.85937499964139948280736001812263518819677022800000,0
pear,1999,12,490,16,23,4,635,474,3.944099379,0
scribus,2011,12,431235,387795,601,3.,2463983,43440,1.01794638641055128794256266018988688294695130230811374261853309119473801408075960091626224851115248765427027614536558613239213918884087278858894400,8
acegisecurity,2004,12,91628,48476,1034,4,70548,43152,2.5751204555318241172558129022982446033267891105307395642389524627344860401791147586313157757523200,0
swingx,2006,12,60543,16907,817,4.5,88813,43636,1.9658897225785525938898504421664841745916956894378112171098638933887855733162597872165523129045615161822450089865664891286937600000,1
tvbrowser,2005,12,117730,63018,790,3.,107219,54712,2.04199440068209141027011206232193153962391832804163510971773905164739546178333384903366786107657710131130996354250502030369237840675200,2
smplayer,2009,12,503036,448510,572,6.,328950,54526,1.198692534176434906570090695176598074383209613077147202790221587211722095066207342018939627567632583857047005578515226761348161555472362496,2
sawfish,2000,12,38909,27874,1420,1.,69980,11035,1.20596909063658777811275690494425835719211936333629656584024750569273926377869181684072182386588522446433815445848451432597850851582808320,3
irssi,2006,12,1041,217,84,2.,94025,824,1.008841106855003071751961860124742483751206741994453976064110637929220979453847586022458993724341755551693881269507686400000,7
powermock,2008,12,38717,27480,348,2.,17059,11237,2.930092751638920315062216545676216318896661421700466191845696000,0
dragonplayer,2012,12,1463,1093,78,1.,5320,370,1.0762415001008193599498419529948594216525987547755878160601747908578969810951296000000,5
uwsgi,2010,12,37892,22871,750,7.,21733,14819,3.143332369234253414617972651145567116713849681426477954839621066835459152974917606159067397458959237203953996195619666067456000,1
pida,2011,12,26408,84226,566,1.,116012,-55908,0.518017862713585000002558197877203674034136943684993303917356684942167692928472154406214513282889285574899439086934917120000,4
redcloth,2007,12,2534,169,54,0.5,3272,45,1.0139448404100000000000,4
beagle,2010,12,172,97,6,0.,231096,75,1.00032464581140361134090099003186807945540000000000,6
sonar-plugins,2012,12,399789,502110,2886,16.,455121,-103116,0.73718229739299988363804062791131254843085739989864557180647871751930930417861518554231403219166292989870998430342830838732800000,3
cinepaint,2008,12,31882,63315,152,1.,923858,-31433,0.96596668453528457189724020672404347721576145400151498527424457625975671333396850213298711132579414068820144987989029187760187343249546536880838682330916000000,4
chdk,2012,12,221852,77036,581,3.,675756,144816,1.272753983496632169372180253039861475288013581600428493862549866448548806265702457222856226025462955800369056265161222344047663644160000,5
jelix,2007,12,45262,32380,784,3.,40277,12882,1.4702317941174568477421071037789748367251882701041286885041402125194188220871407654519783642647240313530940186306837316274588361564160,1
android-scripting,2011,12,0,0,0,0.,1670314,0,1.000000000000,2
lilypond,2000,12,635380,522027,7421,4.,793514,113353,1.1666561299384430073982007589268958121294179129722454292703642133967620473461352195871295402518574806724966415153194148463578672992000000,4
x264,2010,12,29271,16758,574,8.5,67803,12513,1.22631578947653073432505175357064762030742680543708686987690649034783447051146852765041889770595100332751167617453912695717756928,6
kmess,2010,12,36685,35581,560,3.5,144038,6060,1.04472159699789182526594077475567653060433055889709927593634519614325633410091533637884248235316480930206600594930226628000252849396674330624000,7
ghc,2011,12,106515,107268,2091,14.,180377,1794,1.0100457490330392337693633905090109669936027213214102079748685201454211719010552106512659427229677868163395021770833953312785576814525708280000,15
musicbrainz-server,2010,12,752656,511366,3400,6.5,155140,-94899,0.5388954754100858130437670324501279959803245588804612127270851234320736765866723769985984214083258006380000000,10
workrave,2007,12,11611,9094,214,1.,59105,2517,1.0447061331017743635916220854108523466445457359041826565322595228212895558257742373276201776341669733368966285088543411929861172671283200,5
jobsworth,2007,12,82132,49486,839,1.,125519,32201,1.3450674039771982385622932287350897679360891704828531534824718482259760755837849957388267723713600,0
wrms,2005,12,8531,4961,366,1.,16899,3545,1.265463531532754598505195478464277776732485161227923331892275360953673815479484100187349941635402996780800000,5
lirc,2013,12,0,0,0,0,62212,0,1.000,14
googleappengine,2009,12,56020,8814,55,1.,103951,47206,1.8318970833581799538984384383089466942203099205702517873203004494460412021760,0
devkitpro,2006,12,31961,8967,362,3.,117843,22994,1.242427437305377570556062083330765084989417407203830748239133440369234939954640679984157887939540327550089504850800572624848504305110863776972800,2
apache,1998,12,56241,34452,738,6.,79482,21789,1.377671467923190738431533269570405669339353253931007710790957250629164506648672006461778430779868850568484258346107245194938372220518400,2
ispconfig,2009,12,93836,67677,1089,3.,229811,26159,1.128449511922680885050087887582685807167143632178230100815487948187126194178880451842615271797052982056214238435682456359841294449779200000,4
mailman,1997,12,0,0,0,0,11,0,1.00000000000,0
joomla-platform,2011,12,1551487,524555,4757,12.,236078,185014,4.623178756063651531268286532296778159061137479043296585680524967386258904801514937360971762634222646713089104723123667092540620800,2
file,1987,12,223,154,36,1.,993,69,1.0746753246764061154898546836042560,0
lucene,2004,12,65600,56684,1408,4.,168481,8916,1.065493811223852110009357274295102041548038160918325884983077266622994574610217849311391756139326035867652675421103397194303435525473280,4
kubuntu,2008,12,5590,1605,134,2.,12982,3966,1.439884649499522324615799109367796831385824062548289131732731390524835636289664111908925653116800000,3
gst,2010,12,18377,31345,317,3.,359923,-12968,0.965223081281104698020394907536878617442524726222561280203974730965623712822393668011989776044360958041941795689090222483644270992707799900817489920000,6
Mumble,2006,12,16056,4467,136,1.,25814,11589,1.814692442754465807468653520437397544459632913463561906749656384452100642859670777267375231272580832000000,1
mandriva-linux,2004,12,241435,149708,6756,16.,590869,91727,1.183769348205912688332739086985202249153083357289690166862299100316428138608578189261399016214829021146551707322562683282966082005440593920000,5
npgsql,2010,12,17446,9077,73,1.5,78103,8369,1.12001319299386316669573996959354449378910540480340546013701149512993936435546363122146911872469220447442276047400298240240000,8
aptosid,2009,12,3172917,22620814,5414,19.5,78411874,-19447897,0.746300743141621186893370658984327708074983561453321574635997812306993126724165269920311413124653224998360782718762315543223741817726316837372602777600000,4
jedit,2003,12,93840,56369,1045,3.5,166095,37471,1.29132199279572646283541129695649683316726618258176891833369582775239414409440861489238076186098331757676787974222734260262218586682007552,3
maven-scm,2010,12,13553,4116,114,1.,59327,9437,1.189156143538850776054274130258129525677958237328370841827019223935844545666469508523092054178906232627200000,6
wmii,2012,12,0,0,0,0,29758,0,1.000,7
m2e-android,2012,12,2920,23968,111,1.,25462,-21602,0.128354113761312487206162739502925247069189209859823322064053938161482456229374533078506609977125486592000000,2
php,1998,12,52093,40122,1459,6.,37653,11971,11.9224452542849011612470399458250960579454499288580655376647833327039812517635436557735636450847329894567549193593565150933120,1
proj4,2005,12,1398,87,31,1.,59667,1311,1.02246594122139629124428068023310389374954200604410002275545484532461473378713600000000,6
pysoy,2010,12,38242,34457,207,0.,25669,3738,1.18004913062868965771589433388593974105620256000000000,3
thousand-parsec,2011,12,150,138,4,0.,58729,12,1.000204370114300000000000,8
epiphany,2007,12,44353,20796,638,5.5,111127,23557,1.269007651001794959707030571594641613907905574865667318594754107328472833750062502034313170490072537173331110054768856971259305253854990313600000,4
kdevelop,2002,12,212319,277176,1425,12.,281060,-64857,0.694315878723264058163383958573579290389151102908637578319241779176984319449751478231819763872149318697604179159660650186783025664,3
tesseract-ocr,2007,12,55672,17169,104,1,118673,38503,1.480386774759892751065643661981074772650942206234636376000000,0
netbeans,2001,12,174915,43544,2810,32.,198640,131371,2.952920364403379658424473578601104803160763420839759842182452746019511106372235824934079486099304268148326194158013692959669760000,2
yaf,2006,12,45156,37515,186,1.,53959,7641,1.175023478446175121875159352518501368501014423180890534767916689982701764648768000000,3
oprofile,2003,12,34424,26995,1106,3.,30471,7429,1.3224112490160905468039487768555806229829968940804014045252484944865612364408742002262962917476989046191126212152623882179081165594260000000,3
xampp,2011,12,44252,37827,20,0.,136743,6425,1.0493024754800000000000,3
indefero,2010,12,30982,12502,898,2.,44002,7644,1.2102425875979308801559786198520057044874703749648622918382671037818346654735917750955594436826560610960235319264000000,2
emma,2013,12,0,0,0,0,38912,0,1.000,9
projecthamster,2013,12,69,44,26,3,18774,17,1.0009063283041651757833970732710029606477,6
args4j,2011,12,0,0,0,0,30212,0,1.000,8
eyeos,2009,12,1583958,1553987,530,3.,673920,29971,1.0785284207520581583541091627734372639624461309389870779789550441683063811193956254409861937950301921211584198683030656439345640000,2
pysqlite,2010,12,451,203,16,0.,7573,248,1.03385665529401935579223515703423812000000000,6
mifos,2007,12,172752,113987,1164,4.,299878,58765,1.2511013592240617435506870414841563282714783278080779692107009231149020533900387554158754237685058575422929750153641460635681543946240000,1
qtparted,2007,12,526,10722,22,0.,19782,-10196,0.484295179793769806535360000000000,4
mandriva-linux,2007,12,461203,278848,5263,14.,756683,182355,1.3338838405177242269234427975089780437822543256468254933453893744191383023545508481921665877879772969531925773170463607868523101754785536,8
nunit,2012,12,183413,218217,237,1.,627072,-58751,0.902881116907790662210131012259463477788501602314388074839467684149687254401839538459268756825598167547904000,12
phing,2008,12,2293,280,119,1.5,34790,8,1.000230004025100000000000,2
jspwiki,2012,12,152553,169160,155,2.,85123,-16607,0.832632905036278299161938863949727205888248050937944841691901803196355459177544259435692411801473163549520312070772066122783928357408672000,11
pygtk,2010,12,2572,427,83,1.5,267182,2145,1.0080932096283764399107872474930319391825352809212719658820365529941380577725011831671336548925000549513692468199889339534920765945435904852265926947734041395200,11
hamcrest,2013,12,1548,1114,48,1,28795,428,1.01508795431752235393885771288636199,7
fusion,2012,12,100056,48156,106,1.5,168020,51900,1.4469514295981979601260365531951557867386355798201719454701711857909031076165410365678883537748915784351179390432867251610128000000,6
openbox,2003,12,119950,134458,3260,2.,22950,-14508,0.6126862085928650453191371245456224085799662692532342742669411071878374252592294497114029292142028302248804789213441016984602840000,1
lvm,2011,12,29337,26879,1027,6.,104411,2458,1.02410914832998203381848510698355620955386525192896579841661624811263189478249488020202148141484366330943891439206432740071184755617319638016,10
elasticsearch,2013,12,87590,62694,371,13,261479,19950,1.0825987769592161478029131390288299,3
heimdal,1993,12,95,2,4,0.,429,93,1.276785714300000000000,1
pushbuttonengine,2011,12,0,0,0,0.,36677,0,1.000000000000,2
maxima,2012,12,33640,33544,437,4.5,524246,1005,1.0019207430694611168019051259186018735302232756140546999014621370114858140024248935925406713823955500160684069944713016056092401625837018080750822269236224,12
jain-sip,2007,12,13161,5450,175,2.,81504,7711,1.1044950063049264402205360741645750364567844824859758800443771703725059762058134104384748403136485176585686476849365200973985030585015368661671936000,4
texy,2012,12,3,7,6,0.,4617,-4,0.999133636560500000000000,6
shareaza,2011,12,67505,41650,200,1.,562404,25855,1.0481875839900365705772632780382059603346418992652855347602318019649491123766213541527161573872244485720378880000000,7
lyx,2000,12,144014,98885,1002,3.5,130047,45129,1.53144209708495199026252234671494865492384826842525278329130122374180925888393941322212025227244184743784655658429232293014143284400,1
nsis,2006,12,885339,3442,472,3.,2699578,881897,1.485176991983340289141960218759941802889972400324003972480903804984488794984783630368922496472211439825343388292620618661572787947285381120000,4
magento,2011,12,1245177,101341,157,1.,4516600,1143836,1.339139056260060816228896632380499186144198279715055033722579815230494725079399306798248012886489938163675795101322950656000,3
akelos,2009,12,939652,758644,996,2.,167268,21556,1.14793565390199189646249737398489547228386339000601937748461572050115501855092672326298115732695270887288519623214396383302767104000,3
connectbot,2004,12,0,0,0,0.,2,0,1.000000000000,3
cython,2008,12,50732,14406,1132,4.5,27482,25104,11.55677039529306351302025500700336338148807006280140185190971784592183699142730248321872519187630802072850177157248816055935893300600000,1
debian,2009,12,62533103,26880036,58812,341.5,50225160,13149922,1.354682065703079164104846457951221006561883383128574394791159416554217228183152238159935674833563308958407376518107230184601310917056000,13
iterm,2012,12,0,0,0,0.,38184,0,1.000000000000,10
python-babel,2013,12,0,0,0,0,7008,0,1.000,6
sling,2009,12,206358,168684,1513,4.,136914,37674,1.379625151162917118605958071377564016398671229864674426941917647497525699272752740337260567857142828408489824794238743527120000,2
codeblocks,2011,12,463471,143185,669,5.,902655,320286,1.549970894715598248192666970764752719034492436067073637355739560331549391585919937349111270639413538339018987708574513892158693531870620564288,7
konqueror,2007,12,81833,78975,1892,23.,85131,2858,1.03631373646157536093533144381933859412994330809431943725166561219929638570994248751035848393028494538676470474460849721528863148531611200000,10
cpio,2012,12,9,9,1,0.,6726,0,1.000000000000,18
rosegarden,2008,12,54134,77848,444,1.,229325,-23714,0.891987173646801386442034267664938718957404606732954907192963396880432047501751426000000000,7
mapserver,2009,12,418965,44560,845,9.,186876,62836,1.5065785230891060486670398676067698886766546872530714753850710074881784120958714328115953626910652174038829233481360364033657336490952926400,9
vaadin,2013,12,137342,82748,906,21,4564658,47668,1.010553045280050235130970547913154140,7
brlcad,2005,12,178599,112520,1646,4.,882536,66079,1.080933839746263879444844522043352626005246508752190905021697810222849848525911763160468360027056839747093920811101489515689167752783080960000000,21
apache-opennlp,2013,12,132,97,13,1,466240,35,1.000075076524431265807168368441577029999900,2
django,2007,12,25001,11282,1173,5.,39160,13719,1.539247671071122347028824822189247710115101306446810214642775090939546142518373244683078542757189328728594271144778906292619264000000,2
jgroups,2009,12,65268,47216,2262,4.,103974,9026,1.09506256055514165409301685711825244677782059044529519469202084291100008186818813773567124413222307509958078646874052562097386019779379200,6
mediawiki-widgets,2009,12,713,155,149,2.,714,558,4.5769230766275164859353197590206268557227657362597848687124087620588711341024320784524322445156810749591154976000,1
php,2007,12,660952,436247,9790,50.,2205062,191637,1.095179606889001243384237186143837447438320827504555317608034248661366872347435983759312087204386086456655288763344580196040637512589058867200,10
hpricot,2006,12,8165,4507,68,1,7767,3658,1.89024093454121351651879117860113415934356545156729600,0
freerapid,2012,12,86705,38187,1515,6.,180346,48518,1.3680401735895962600010440431004438002361739005153268843837664959751021971993268021809269365735294010024990702567230313335999433329920,4
gate,2001,12,163257,77433,1802,5.,118953,85824,3.62828443672595053565752498694291740321179193892960119040642301921617763594850790509374464294778291682509892915666529129226045000000,2
springlobby,2013,12,816,416,41,2,33417,400,1.0121149710750850244709684018277607200,6
btrfs,2006,12,22052488,14135854,66092,454.,10490262,988558,1.10404007532688818615702251714239438226891619782825569483954445266868845873944869336588655569598317075381237544747800878012938097501688850585600,1
wayland,2007,12,0,0,0,0.,7,0,1.000000000000,6
dpkg,2006,12,7539,47712,205,1.5,68661,-40173,0.41214258541508059992662892709657075428057398489386957080926352167494623435546272745720230183786452762994293414405313447424000,10
librefm,2010,12,6769,3931,800,2.,37254,2356,1.0675110321495860081087732787589133949370358752443070819111982848223973465664199596220725359843401123575779826706685835786056963767332354560000000,1
oprofile,2008,12,7230,2810,98,2.,39158,4420,1.127238182998746271957394313931145273687827678900837502266958467803676500082336000403324491438809936604139955869378394762979102040367974400,8
lm-sensors,2004,12,18279,9703,518,3.5,67237,8576,1.14619593936904645000639955214001860635375392884934955411209939646034544399689418070030315860493128157157501366754026306541207591766715847500,6
emf_compare,2012,12,378305,618161,1068,3.5,827719,-239963,0.68372403830712940394071485456301438165540397487617145465235864670829250472450870524745414961158760178517601923372607823785679517102179200,5
nette,2008,12,51728,30797,497,1.,27176,20931,4.35164131247191429493463397368656034999791408664278990253526964161692463014963952907303363136000,2
groff,2008,12,491,263,27,1.,146977,228,1.0015536732788818107706537733155115865290346761677440836927601388247262202945556875020163532784753628985088000000,8
agilo-trac,2008,12,54628,54562,1274,3.5,27075,66,1.00244362951879099852555350204334291242878357868283543659799743851857827244673520,0
php-doc-translations,2004,12,391715,148261,3437,26.,1300189,243454,1.230383208658752090659415012117759480966823268343929494728276765170044314114167429227453177581432147204129056462774449645548985212268800,4
reactos,2008,12,2612207,1663730,6030,21.,5002576,948477,1.233955066223328379393060922645691284999227075621229863213837803581025668797714624997939383116847509452862409155375497364839449502061446400,12
bitlbee,2005,12,4630,2939,94,4,41951,616,1.01490262489,0
nutch,2005,12,96657,37282,474,3.,116150,59375,2.1500096842652161849627607950850841975761522993316634558346914276951287661233303279905157957500016974081997620065721165414400,3
go,1998,12,0,0,0,0.,7,0,1.000000000000,26
qjackctl,2004,12,3223,1752,197,1.,8409,1471,1.2120207552650846247577146483732861390556074021447031680746499832776261294356125214644081835999042507028467346522563344236354407072810188800,1
kmeleon,2011,12,168,47,7,0.,71568,121,1.001693563060931548714242560000000000,10
trac,2009,12,21627,6045,649,3.5,55066,15582,1.3946408671530356947026185219186834763310219642052923246332944261624222441956850806436173004137972002513049433125440047959018625305537536000,6
mysql,2002,12,1700835,1211963,4362,22.,621071,48742,1.085671298618937593224704824225612923061021340470580438138259746385790567394152560076050870614421311475200000,2
cvs,2006,12,75344,45591,529,2.5,251078,29753,1.1354335941536212856462385597391933058489702259653929852553069482683252943716404710631143571337099983321311199274041319583016185036800,11
perlbal,2011,12,1564,377,44,1.5,10719,402,1.0389648153586606971995681932068018528654852124135257598733030400000000,7
ffmpeg,2012,12,425568,290541,13074,54.5,648769,91124,1.16340862019691039665298640708376725722314916753451320618251679226282244566340468650353549047591316926445732163358973279033078435562316544,11
reactos,2001,12,494184,161811,1318,8.5,626085,332373,2.13162894261961765882813772622734513087855697820615693793094884020133913791455773320654426392791259681978293606425942963274278370000,5
paperclip,2010,12,2025,957,102,2.5,4694,1011,1.27450448007738693898770281202610692122233849666694793800387101096079679379654625211865922707040120382619361205559606760602652907407806200,3
Jitsi,2013,12,31552,26303,207,6,337978,5249,1.015775601164477964151664416534674389,8
smolt,2011,12,3183,1598,105,0.5,35799,1585,1.0463260653548836777017356446504136448000000000,4
virtuemart,2008,12,281546,278764,820,3.,181642,2782,1.0158543813390431947999328784277431971384120239008857706292331341624966182040022100857039240437274520000000,3
yii,2011,12,418931,107768,1210,4.,580476,311163,2.155395394942938907019394671163607625934415962776002449921010922066784637919121612857228211049136767708716292135418053090694952377305740747211008000,3
nano,2011,12,1256,1062,21,0.,19604,194,1.009994848016606253055365119906091312186000000000,11
ndoc,2005,12,16243,3203,98,0.,82141,13040,1.188709280646676817059021549147359760475904549073811697702995520000000,4
dillo,2009,12,15591,10218,829,4.,44702,4495,1.1117964533511291413161214016462625209043202920137046357006561866399358782275964663316197422228747596876770656172908294702054784517738753502640,2
jvcl,2005,12,161197,94870,1094,7.,2441007,66327,1.027930921217978426154959719208491904104509789837931712983747529686287372990560965278514012919087650825646675370966701293441828079483731440296804160000,3
subversive,2011,12,12746,8185,164,1.,129130,4561,1.0366142459218785627935347934720348083437815876711842893720973128469952049832051432281665503071132155151594671866555964596456806629190193287281888832,4
scilab,2010,12,3904124,3120454,6305,17.,1992854,135705,1.0730716813703161887079756138975612259462397826440049680045789226311817595288726393832317637447325897942829097297448531854230752217296588800000,9
taskjuggler,2009,12,25504,13463,452,1.5,113226,9599,1.092630299049794199855937668064927419814156694797808270455513820566643368860211293498063058165801550893672620642197513116589230774359622656000,8
rrdtool,2007,12,31602,30856,293,1.,32201,452,1.01935180031956117953403423570335356384085486628540092594297987300025199997801240000000,6
xml-commons,2007,12,170,81,66,0.5,285224,89,1.00031213284938406552871856423196706215902000000000,6
virtuawin,2010,12,2012,199,44,0.5,6516,1813,1.3854986179392480829949150370700218260892834200002023675825020089680000000,10
dwm,2010,12,134,106,19,1.,1965,28,1.0145757418054786211645842131400717009087488597902269647419148528419836916300554752000000,4
xcache,2013,12,6,2,2,0,19017,4,1.000210382370000,7
php-fpm,2013,12,0,0,0,0,94080,0,1.000,4
puppet,2013,12,13961,14751,307,19,307016,-343,0.9988840411373776785024272255941007010,8
OpenNMS,2011,12,662568,634437,3080,10.,2345610,91351,1.0410768260913163333697794791629996118922459700701343968534283793662376558272451363292035948087355120320307649677854943664378785267358839603200,9
wodim,2011,12,3,3,2,0.,118162,0,1.000000000000,5
amanda,2002,12,10151,4535,226,1.5,81777,5616,1.0737385275882945802529616416948476105256465111392020558254315020863259424666867309402241807394242321240000000,5
thunderbird,2013,12,9867,6861,400,31,1183823,3006,1.00254569505660145342094905973773745032,15
rake,2011,12,7305,7048,173,1.5,8135,115,1.0143391521224670907891953051369492034084808313303093918859086832483108320000000,8
alfresco,2011,12,743262,633932,2737,19.5,2224197,109330,1.056702225921328122440794396659845302564900622841541040957486215600927749638717032255174347197366428440723210700259356123632916920700800000,5
spree,2012,12,84314,79205,2383,22.,62102,5109,1.09192486235338578823128051769475458834435595851889132466588022758763880382073772841848466839419305367522952008257469925110384540444200000,4
padre,2013,12,1234,1120,68,2,244656,114,1.0004661775891713659616681910,5
tiled-qt,2013,12,14455,11404,95,3,77311,2937,1.03948960658149879713855115673419140,5
stepmania,2009,12,0,0,0,0.,296053,0,1.000000000000,8
lutece,2009,12,2121437,1384092,7684,14.5,1490561,737345,1.97892901904528412883411030079378683580176082352234985033510272547335855386505626289439342761697478343870911586776071819576349621760000,3
qpsmtpd,2013,12,0,0,0,0,5690,0,1.000,12
CanooWebTest,2003,12,15212,12276,570,1.,59822,2936,1.05161199591324292647869491684367602170585839181602455891706247056309271982296297945923496460242493449689788440000,2
kss,2012,12,31,85,10,0.5,36353,-54,0.9985145246474797582523714798286926283220000000000,7
mksh,2012,12,10887,6551,484,1.5,194596,4336,1.02278986649731995273029416479324356775744853005138206392746233069871030790372604805370474256258002842835507947249047602429012099077580983363575537970360,9
dosbox,2003,12,41662,20241,942,3.,61897,21421,1.52922719638420271324416767735545296441843274548969292168724301923981304503427443953044584971806579118421398463448458736733745690240000,1
solrnet,2013,12,302,10,10,2,243866,195,1.000800259366110053068233980,6
GraphicsMagick,2005,12,62747,59085,425,1.5,495920,2378,1.0050799266112824164184217618048775520265432435070582480872813117068754331157824263677916249962604280922994134766109205591925120927897021440000,7
cpio,2005,12,1043,861,65,0.5,6134,182,1.0305779569907048530888944150022074579476986632954282877945759494090624000000,11
latex-beamer,2007,12,2442,2148,3,0.,16649,294,1.0179761540836755472117740000000000,4
xetex,2006,12,1431475,2210860,380,1.,899033,-779385,0.53564308771354392522027996197534411986940887860275510025758287960324478629791173073564033103977879472108752841884914796051478525090878947328,1
ci-cms,2013,12,0,0,0,0,83717,0,1.000,5
xfce-terminal,2011,12,170,126,25,1.,13194,44,1.0033523809525826633545610479080441401001293180826552646377461258834823490859122860942276000000,7
eathena,2007,12,75341,71354,1126,6.,143767,3987,1.02865665205638932754077437296821893016752640887028154163681619210508781934589154144389301552937862451346060376252508437829749403075737942420000,3
pylons,2008,12,31419,14878,839,4.5,21888,15904,3.6577540106693042986303295744932550648286553268248969361805526768669063765833635256370659428981205035130084203605245691506791270400,2
mockito,2012,12,25608,65509,221,3.,59735,-45951,0.080207374226124295083228046895466380909501112807822657144895479982183418607937057498799338770056822459119651038052974245636318400000,5
zookeeper,2012,12,10075,4186,132,3.,121194,5889,1.051073240533418667095818702901415581909178173840131705472351040620975640559717201587458586645151697803550126158724249066312149226227677336453792000,5
weka,2012,12,101529,33168,825,2.,532034,68361,1.1475201823013158205323593368451564085926425019972709609564778371521690803976142625520310818401304763199741800337406447000790538659722982991069184,4
busybox,2009,12,39941,31199,1194,3.,192703,8595,1.0466845547159450323529112751520649036994686487088648848492203905393876523935123716985233828700823566812596753675589214756244832595739720000000,10
ratpoison,2008,12,1251,523,68,1.,14556,740,1.0535610885893365389541693665810893879799079092393751960629634666261512088762019586039151856170451972772864000,8
hamcrest,2008,12,9515,5520,124,2.,10701,3995,1.627454060019396629521514660521737270008291850543976264042648592428239599975202687307247571540387002743833600000,2
kvirc,2009,12,26676,53626,799,5.,250262,-26950,0.890901288947913871364072491738974934694032381022151381586606918790008712175132487946598039928569556252950951829946530686680481005953008697344000,2
libvirt,2010,12,155253,70531,2641,19.5,279743,84722,1.434425010652543779601126135423083023974782567459789790031117050320334535732796264145452357945551568899958245624123966853514346496000,5
stardict,2008,12,160018,79351,38,0.,240956,80667,1.5032660165352590301036191482506181575242532133959510070796857500000000,2
tcllib,2001,12,42970,5434,220,4.,77743,37536,1.93356878153469370666116747155532696436666363638794544568471037268516595334483574863864211910051947226219124506933275841489059489972019200,3
openal,2007,12,2615,518,113,1,9224,1636,1.2156035846,0
tika,2010,12,21957,10139,360,3.5,31594,11818,1.5975930420919251510288600483465169977543661525358503789686245220784056679067684806667635480063553578771801727264573773109151765000000,3
kdelibs,1999,12,286894,222166,4231,28.5,179558,64728,1.56368544809804638029765801151110553760766444080251515138605702704526388766070639892277704335072481700314290990786746924643608166400,2
pypy,2006,12,766301,312450,6199,17.,390576,207477,2.1331410876057324442925927252225972309115952859808859383564234799352974722065723867761280233953854346336154284911851762018207680000,3
fallenswordhelper,2008,12,18004,13031,87,2,8505,4973,2.407984145,0
exaile,2006,12,15851,16230,505,1,15312,-379,0.9758460263759386369210890772470482,0
firebug,2008,12,21840,16178,933,2.,36796,5497,1.17562861432271556646913425662287085588098596167453127195849600565455078061210021314822723089052571915897673614382783554338576608000000,1
OpenX,2007,12,1140047,555951,7545,9.,903269,584096,2.83002948229114806268556934850486376289602087575145500438781757298546710301443897976082439101736680596542585197917153516290048000,0
zen-coding,2009,12,60931,39885,103,0.5,30517,21046,3.2221518315235823145601099207422964363988754016939813080180798720000000,1
chicken,2002,12,30515,12980,149,2.5,68706,17535,1.3426745617368295832534822576914559373939840,0
apache-axiom,2009,12,78870,68258,362,2.,65635,10612,1.192864801993561475829091819626612971650847685403059327714497480857055218657418302124537044432761755803633693648878811339549220178772623360000,3
aptana,2008,12,91661,52553,652,1.,218465,41348,1.23345020521548749664527930335073731366173065158247615756407057358316057447975717940091217002855135475954093202213460253344001712106041986000,5
mediawiki,2003,12,38234,13734,1228,7.5,56010,24500,1.77753094253507758513293923454057655302535360122118455817772906942720448531046763517600,0
cel,2013,12,5145,1827,7,1,642344,3318,1.00519227699645008980070480,12
utorrent-client,2011,12,0,0,0,0.,2588,0,1.000000000000,4
xampp,2009,12,210842,129669,69,0.,130318,81173,2.6517041405536163301480000000000,1
fest,2013,12,0,0,0,0,269824,0,1.000,6
dcplusplus,2006,12,1138093,18110,423,1.,1197903,1119983,15.3734984585162728781978209979880550052758713554119234447798337043876956176013791377210923150541400007359827613169465945798858880000,5
brasero,2011,12,835,4920,67,2.5,109755,-4085,0.963439301187301197100002481459625085358218225822327674950328058554643546808790082005959509094448035200000000,5
yum,2005,12,29024,27180,1308,3.,49696,1844,1.0412011797231358053089559586475073545597535547391211123210000895468101469327535577565247474677262323028843295421713103008846088753152000,3
jdownloader,2010,12,170266,194224,2177,11.,361555,-23958,0.930611027271986715062606064000551767291148700349678657654150429697226295501014889108042626246833013617153970076585131546535572336000,3
kolab,2012,12,245289,106234,4646,5.5,191176,120124,2.690649101971144375924595147137884795152346794721761176274419434473457245294802796988689504829694070591364513500615491446220960000,10
theoutcast,2012,12,0,0,0,0.,86741,0,1.000000000000,5
linux,2012,12,61575830,44373314,72365,796.,15382444,964697,1.06691038482053656427294812790841057912720280737715580069309204515674566286521934734236512872961907213062693114322744717564127896591027863552000000,10
Gentoo-Sunrise,2006,12,28589,19936,1992,29.,14441,8653,3.531597425886295046832254792467233390482710623408608711097600,0
wso2carbon,2010,12,3763686,1957206,14445,34.,1908563,1806480,106.89600796900459608485509140547359693184241300347946136386208240228784948263288199945467684613786574300579644987479464689075200000,2
outlet,2010,12,2191,884,21,0.5,4545,1307,1.4036442248403449438081741464155547869930525218449502413667466348734730000000000,3
geexbox,2013,12,0,0,0,0,26195,0,1.000,10
openportal,2007,12,1672938,524906,3367,22.,1230348,1148032,15.196018300148311274906153771286470603685876909265568044246160085324765459228315056522966098110090248045157352163270739214656000000,1
cocos2d-iphone,2013,12,0,0,0,0,153191,0,1.000,5
ekg2,2005,12,62744,39718,986,7.,92842,23026,1.329809785724771699373195244482732643467165454201358316361878422946515033284854585791148034874233552870182289817155562009405228666606441457600,2
neverball,2009,12,7170,4232,231,1.,41058,2938,1.077096672612355975300802929961051261303333899915966260735861913957362768404953757966623549521860980051641094566792899443254087423894415391907840000,6
epydoc,2007,12,3785,94358,232,1.,17785,-90573,0.164131859164310342600549261644432080748202721561329144324414271255818096130918274996141998358752000000,5
dia,1999,12,46052,9940,427,4.,60119,36112,2.5042279333472983007468746253389056251338191969842731029499042728187197488149220395189134064761204930037327124930971243169528064000,2
rubinius,2011,12,2478798,1331605,3968,23.5,1545278,782099,2.024791038410798013119028103236440841848995952323847035539143534932432143070462062781928217487279116658549196252503636520370457722700800,5
djbdns,2008,12,13,41,5,0.,3534,-28,0.99207696661000000000000,5
openapc,2013,12,8018,1932,106,3,52203,4143,1.0862047440746589427678212535430910,3
SharpDevelop,2006,12,377066,223871,1611,6.5,395640,136730,1.5280985671126555208343586650707241033755439529960527702749429695395062312730986531336656428484320926886954043576522722371566334997964800,1
mozilla,2008,12,7586572,3304946,28033,113.,7050499,1221572,1.209570646524901070439344636516194717201202518878633235324216368952137547032364655311914168408889479927097041880821219790337057673808320000,10
fluxbox,2003,12,38399,38217,1476,2.,37765,182,1.004842614996307600268607267355264374996398428217351428718999425485395644974970918596211192269822512067953557053998527450008869184000,1
winmerge,2001,12,28167,914,75,1.,48394,27253,2.28910647590250259780664267385235118348304031267715971901550675168949415552418499629677596466698949106348025909756244400000,1
linuxdcpp,2007,12,8212,7198,50,1.,41763,1014,1.02488404623103821789962799746859196993541749938003757257658703377269738243956990065151540281809770452200000000,2
zeoslib,2008,12,23338,61458,124,1.,290144,-38120,0.8678719481272741614611072019681339354959328601239109102379504424650588952461425699368658128101895187493110739590296765614068148352000,2
jaxen,2003,12,7268,995,43,0.5,26599,6273,1.3086195021022892901993213508008488248517071267441696916889409209071472000000,2
gftp,2003,12,14295,12177,188,2.,23043,2118,1.10121863800673551572881994474926124114794668370455357946529844057061860453560468866365380247582102380345768414315034874135347200,1
pacemaker,2009,12,50225,26345,1411,3.,60800,0,1.000000000000,6
tvbrowser,2004,12,39456,15873,547,3.,52516,23583,1.81534365927628483145751679198480899087941090870090272610312392342856644198394791617752881161490598888996826430284920796702085349376000,1
koha,2013,12,10111,3905,292,13,817977,5272,1.006486978669736516928993413676227550,14
firebird,2004,12,675563,485470,13556,14.,2629128,190093,1.077937790962898502410088303244723001685436976674711019671820319678542537177141283767989591485260204882467084672405606155633794400558586043520,4
jetty,2002,12,40882,37383,762,3.,120906,3499,1.03288132089842217215932967874830979566545017500916725574939793436521964695834496716894877181530163313580786545830585143104342899868800000,4
ffmpeg,2003,12,103828,44995,1360,15.,147300,58833,1.66502763734159384510767422864632581606062440145418762398654434752751464128107190034235831158402977292492529658068212318863360000000,2
dotclear,2007,12,3329,1160,39,0.,22958,2169,1.1043440612201052663529008678454349568000000,0
inferno-os,2008,12,36572,15391,251,2.,1159693,21181,1.01860441829132338248976659278641569978038554621451826712874840123410177158835050908378132811984190837794305724628819025560236336688258532912512058903408640,1
xerces-c,2012,12,136,51,16,0.5,287078,85,1.0002961744711298433594274649427160563929993617738147440000000000,13
Shinken,2009,12,10907,7217,152,1,10679,3690,1.724239450478018152782266562641819074779804599514900,0
ekiga,2008,12,121866,82930,1378,4.,84290,38936,1.858490982078963206285039919497297306559460902485674121646917781872714294945630595212516929424201711776090856216764221191957664701483520000,7
enigmail,2003,12,6217,2002,225,1.,15770,4215,1.36477715274207223638819171800083566497514291169398508420892810754684775521208518277730924843557375927173472131606623877635230359012851712,2
eggdrop,2006,12,3307,2063,51,1.,206325,1244,1.00606589591447827298297775753057581722972591867518086010018435100054594674189878192031603495707476595352908636160000,7
leiningen,2013,12,4030,2216,355,18,6675,1389,1.26276958006664312078024891959890,4
chatzilla,2006,12,3930,3432,164,2.,28114,498,1.01862935807718393760932432067780041637350480716334175005135726646546247589258528334560305352203149087722261614625663803490039168000,7
openlaszlo,2007,12,87019,96941,960,8.5,321437,-9922,0.9686983405456146867719849819343953871242603706834396223957245162172693928481152954323309041276627325764178343505415113268725813405820265472,1
google-guice,2011,12,2058792,1902899,274,1.5,1043400,155893,1.177547389881017444486417252072668842676388143915325004525260702221040824716490334536577199265565099506489746318769769136002118714133604741116821042094080000,5
xith3d,2013,12,0,0,0,0,122995,0,1.000,10
bricolage,2001,12,17476,6560,331,2,44286,10705,1.31878145375365026790919991829698,0
django-tagging,2010,12,39,14,3,0.,1577,25,1.0161082474200000000000,3
banshee,2013,12,639,231,55,5,365422,408,1.00111776534603792605900390610478087578672,8
docbook,2008,12,617834,398919,524,5.,1286627,218915,1.2108083643839639122834523905397542588861749798121384947965016034226486596301920593497779995786501717305805046108692587187119268345466936560384000,8
maven-license-plugin,2009,12,12283,10416,63,0.,5129,1867,1.57234825259388744307330809973851423271680000000000,1
devkitpro,2005,12,97936,69634,1194,3.5,105626,28302,1.4252934016392916764563914646409405766489161328080529066139583838298082657239039588901092536060331919849328643235961976720795605401600,1
fbc,2011,12,3552372,5536416,1256,2.,1049960,-663612,0.367333007870761781520705304221143058197675628368442593270416725957223183422331519130952679711589709035624282294313285203086668723834512370743713005465600,6
dunit,2005,12,1464,357,18,1.,34107,1107,1.03354545454097580453868557140716202446298558257075840718369600000000,5
iceweasel,2010,12,12774094,5314866,2705,1.,4681756,495535,1.11837886636576787394498956459484261873298475116241738862434081003264485270150253756299148088300718929739858816433295863804385120000,2
PyICQt,2005,12,7440,2314,86,1.,9229,5126,2.24932975868749761241070872414371084254814502933064346404677626868279733634344926980995433402734472000000,1
bzflag,2010,12,51759,17778,465,4.5,453559,33981,1.08098851703424412836921365804300196555409014179741468457611676817395388880479351179409585642847720938805130095990782107240000,10
picocontainer,2006,12,165598,35802,398,3.,383359,129796,1.5121390156587817409683958249399134384737842750338735521844549385065825033416156215550189200900493265101304338256069441732222534764751249810713600,3
ipcop,2010,12,9363,4147,685,3.5,242010,5216,1.0220275851588017076792244768441814943656756566940567280540980408539494577400506418001571469463235504870099571865554159705922514964011641538609152000,9
msn-pecan,2012,12,47,28,10,0.,23074,19,1.000824116243800000000000,5
mailman,2006,12,77024,151762,428,3.5,143202,-74738,0.60579976155183397368780516632495801310126871155967252055249006872413947936922531572299530440691522808614296396267817738459234162498116812800,9
sub-exporter,2013,12,0,0,9,1,2190,0,1.000,7
poppler,2012,12,40764,18799,721,10.,163706,17871,1.122542599514751638265886388446907412171767867982658214844460685071406300387013744043203149469676014481334303271693374857227947184303554713958400,7
playframework,2010,12,134248,148315,1219,5.5,82868,-8415,0.907814160372551872428532033590746411038809824169604538515016939330226521437748048713769255320063022692615889242104277577773536707051520,2
jdownloader,2013,12,68919,50926,659,12,511849,17993,1.0364336972720560457768512725204280,6
fife,2011,12,76716,29506,156,2.,240398,47210,1.24517160975440314191516449973189317364993898094995287572865843012799047916711094912028502118486403759311616000000,7
pacemaker,2003,12,479,96,4,0.,2115,383,1.2211316397000,0
python-ldap,2008,12,296,1292,40,1.,7226,-996,0.8603085553657980889192576128837655432985475586393879782246400000000,8
cinepaint,2011,12,91,290,7,0.,893629,-199,0.999777312508900000000000,7
jfire,2012,12,24849,15781,405,0.,878446,9068,1.01052671904082236653921034938943573453846587181512600807765760000000,8
apache-james,2005,12,296675,6251,212,1.,1726045,290424,1.20229851754929954544124890609142471746060471545336845878356208865668393972739575184916480000000,6
selenium-ide,2009,12,49,24,14,0.,11771,25,1.00212838413105394964800770000000000,3
Apache-OFBiz,2008,12,362712,176159,3470,13.,687398,186553,1.37247651470816491764325572392129557037793853321047949166307802699737077099564556987596028849018246623995896028926280111701243299707650048,2
wireshark,2005,12,616502,249127,4063,10.,1090070,367375,1.5083403095484187222324860622978779902851974040549135883908838342622513280358386271577757873615096502788414742126655098908380889559040,7
squid,2002,12,273476,230718,2957,4.,517926,42758,1.0899850158205112033101631213570753538396795303732627066260712324664894707377977407166012138828663808872436249958712654291341494106943948800,6
ApacheFelix,2006,12,226965,157986,763,4.,93577,68979,3.80425237807691124139579108703516384661908173907962305446377900355324653627872968529837188418150744079639454124578789258707353600000,1
jinja,2007,12,12978,6040,264,2.,8640,6934,5.064478311293330029799353336170576292066120145378812207888223392619867223807576883200966687204187500,0
diffutils,2001,12,6118,2667,96,1.,10952,3451,1.46007199034163006438211532008371611868522633462142258470643943164279645722094804922880000000,9
hugs,2009,12,0,0,0,0.,81336,0,1.000000000000,10
mutt,2012,12,685,537,75,0.5,93124,148,1.001591808638713794192873682393560095973206704025952990882126576249265580976214600000000,14
fltk,2007,12,37800,20806,705,4.,840137,16994,1.020645258476910895461026460957354430115589395785253915774664592677138330746170370896618010010924858700277471163125838751471795233234286018560000,9
sharp-architecture,2013,12,98,82,5,0,548571,8,1.0000145835574000,5
msysgit,2011,12,100452,1721,98,2.,643077,98470,1.180865406134986905440016890617917103924097603396812143574017900785011283338011217494294776253056445532601194880205711199519101678867497526070275072000,4
mixxx,2012,12,4596538,1538229,3614,7.5,6067621,472540,1.0844563286947738833131255122736725755390656072382911890340660994860102762053006331967521855309736301925375647593783374182920128237522915760657537974400,10
freshmeat_jmock,2013,12,0,0,0,0,9979,0,1.000,6
xmpp4r,2008,12,15290,6793,479,2.,45746,6827,1.175415606775420243623478883519194576009743045359637533237858913169986279812337775779756900063762412910636629246125561600,2
tortoisehg,2007,12,16559,8352,474,1.,8393,7801,14.177364862124458959213884656411027447130993819400000,0
freeorion,2007,12,40255,18615,243,1.,67400,21640,1.47900480332479879952686045779021156798568415280241224661752106183993771189142164683825189617967690051942494897463310398939468000,4
gitorious,2012,12,15378,341170,460,3.,232104,-161431,0.29479013769577222686329060461038301223927422425352197681177367928583909741144267762380309150011247307054801035915437520477823216106548021298728960,5
funbird,2011,12,0,0,0,0.,8089,0,1.000000000000,3
jibx,2013,12,51595,21277,133,2,376628,30250,1.08733233634953734247560698937331780,2
clearos,2010,12,1328676,54281,699,1.,1283565,1274395,199.99984395507731000187409530576340199916812009979553124797479559566987920000,0
boo,2011,12,23051,20896,398,1.,306483,1434,1.00470642292091075146365211670829753109028655513390986709966528757601466172225355617963058731664776090268189786400970698561784320000,7
evolution,2003,12,594202,321930,3949,22.5,859344,272272,1.4637795704901513063196611772589000132206986576119876266757167750680264796148019404001269717478816197549679421333976946589643456895988531200,5
bluefish,2012,12,29413,11088,576,4.,481263,18325,1.039584134381275141705250887627972988609523369494127872524621299302681585775006923256550299399990743618564681143550939449768302809397402919506120076800,10
kde,2001,12,3620786,2521966,47913,153.,3195131,1094756,1.521219306127951655627930867701646058484714953342253662473812519536277904320471579232944381888468087575347465872195932135780768000000,4
coverage,2010,12,15617,15058,234,1.,17403,510,1.03118121790003920962867877481161831370606580041983633926975849749651947871638793731810644789443670510490702248771928936972464640,1
passenger,2013,12,9698,6838,242,1,449525,2860,1.0064030089660106658817206246223021440,5
l2jdp,2012,12,1520700,608007,1040,5.5,2109249,912693,1.7627666403020851703507311475322506514291100679920595144436730044073548472557072851895536040780967519602481911148319714407281809295815325636951165000,7
stellarium,2007,12,190402,155391,1824,3.5,765247,35011,1.04973958850478387646951283566651965116639484259935868112804124954009684073864224813514684261915185210156586618547494445082047095052702016000000,5
fvwm,2000,12,18207,12931,579,5.,99871,5276,1.05577461810602141114306672194419439377512795643176864126175936081590658294171892484142909302845434576922082589668966709792808141495296603978792960,2
jython,2011,12,30334,9844,310,2.,659954,18779,1.02928841579802831891103959719494777954834703145041043891890525272838514780406998564037770783665707454709742715053899426444595200000,13
boinc,2010,12,91885,52091,1811,4.5,289038,33351,1.13043682314113110775326672584344014350527910360155858833137789167923276368725154166044431268390499355757691688139582331039655077778798400000,5
MbUnit,2011,12,298407,54089,344,3.,2050186,244318,1.13529117300101109908863141285217844893975953979594263831026332376064496468657815100759053481411046012866722070888147397196905016440383239434029723736,6
jmeter,2008,12,22062,13489,754,1.,142141,8573,1.06418453521859163934195122028103893377301857435474756652821237643825800287358953233219460298548277051787125672104715917038648552938975036872140800,10
perl,2012,12,211446,209102,7783,30.5,4588130,-8323,0.99817528249935614586087996371369951629256883697487962003118988989617587796053503180220466617763652498527596852094621858739018751510959332074442080000,24
qtoctave,2008,12,3089,337,35,1,63333,2752,1.0454267839728904039822502372074696310877259190560360166196282,0
flex,2009,12,0,0,0,0.,50822,0,1.000000000000,22
evince,2009,12,32204,22016,577,6.5,71946,10188,1.1649664820710866001063448581980739969555194220099637038143183777388955044670028822954368187497027694697579981052396571188018953085111877304320,10
PyPi,2013,12,662,249,89,1,14046,335,1.024432937054502243222316030728427872,11
cyrus-imap,1997,12,16785,12860,375,1.,255665,3925,1.0155914832747203533221936946249631148851874373228948782197714631293626655352955424658479282780664063069372672000,4
xml-copy-editor,2010,12,110,94,2,0.,237868,16,1.0000672687217300000000000,3
scim,2013,12,0,0,0,0,1162553,0,1.000,11
abiword,2013,12,13869,19369,159,2,821864,-5500,0.99331258207304594436439756725560226330,15
hurd,1996,12,78712,32886,4378,3.,98208,22913,1.30430971511841859602301525364507105607923654665038580534384084085555387566018683954299354438130593795712090307468851191619794239419975840,5
codeblocks,2012,12,356748,146737,1083,6.5,1112666,210011,1.23265921087648387422667823745155093252383821643713491328328796686898560519958969420295651252107887481907979214302209899494298114231992320000000,8
gqview,2009,12,0,0,0,0.,67757,0,1.000000000000,9
python-ldap,2013,12,0,0,0,0,8649,0,1.000,13
pam-face-authentication,2010,12,232887,229253,88,1.,228986,3634,1.016125883063942224529630096117084282759386498342910221322959114816615841284333497561147973458890904000000,2
scriptaculous,2011,12,0,16,2,0.,28452,-8,0.999718824687200000000000,6
pyglet,2009,12,1312,607,158,2.,512618,618,1.00120703125003024166553563275415680204856940771368664004767587943181643755732979347545000000000000,3
paludis,2011,12,46323,77203,1118,3.5,223452,-30880,0.860674968442214591955038873057830936962350512924247609756916233245499528994289945760651195370260425741886446241479613579376556282912821215232,5
vaadin,2007,12,5114256,4255279,7112,10.,2648422,858977,1.48002425338326685118727963927476077270043914551764359021214176443117198154557479928440499578122318021850405059593647394453353622804567687168,1
hibernate-annotations,2008,12,128125,3059,127,1.,175959,125066,3.45743029536587997503255505884930430494904751857378380392023227299363201425069318137316033223913160000,1
calibre,2012,12,691214,477037,4029,7.,300571,33539,1.12882818171682721097634775239179892190651172202700530547358120263925884609556824992887355271641964044717172160756775920148310196352800000,6
dune-project,2005,12,97853,54118,2540,8.5,82045,43735,2.14160793529231061375232585646412020784108563443332396677331754231637921540063169851296683400555017023305369973185566109556807895040,2
dune-project,2003,12,11275,4382,232,3,12639,6893,2.199617124976249762678485382946057881738565027853631856238773233033201661081059481804883024000000,0
watin,2012,12,120013,230,24,0.,1047271,119783,1.129147762600014075342800000000000,6
commons-collections,2011,12,2430,1432,56,1.,151731,998,1.006621330237574031914223798333640575568537500603740133171800104292573871586560000000,10
cvs,1998,12,13494,14671,467,3.,96244,-1177,0.9873807226297390140016953166171164003254584041835617460554711763989011393499134417454833795342922543571661671357458233620118792574222336000,3
smolder,2007,12,6160,86911,188,1.,99547,-80751,0.18844031720915225694178800576402170742373992852741949329534695146771181963748433303648483500000000,1
checkstyle,2013,12,0,0,0,0,214784,0,1.000,12
subclipse,2012,12,29802,10435,240,2.,141904,19367,1.15805022157763046434312858881981473852906367283483522755707887497662818951677921153243122404892995553676478215059917855207166075580993963622400000,9
gegl,2012,12,36063,21265,1141,9.5,112254,14808,1.15196108613535525482321176183005844762432730396440452181349925086006337368287556018923856158462899290326360803804207755331429119324325862400,12
lirc,2004,12,6134,2809,152,2.,40717,3325,1.08892276422588133391076648233364504219970978296454156092293352942089962530151420857216180273657170638799635524524947782412973878272000000,5
pymongo,2011,12,6279,2063,321,3.,13816,3904,1.3938660209926347472484318001832637392907672635373909864990182100193372358206027061630992712185167412458176551338550010560000,2
jarios,2008,12,324558,155868,945,5,27305,17359,2.745324753575788025308521719200,0
k3b,2008,12,15842,15208,194,3.5,121477,634,1.005248952694043870918067381552924460484843820550535823502251753634273558414708672571657762726568483433545775743622952400885464832000,7
freeciv,1998,12,43512,14352,811,1,43226,29160,3.0730840321665912534191224496907557449227495106510618989806781590068892638573841663126878790698800,0
coloane,2013,12,3631,2711,91,3,106967,920,1.0086753986446162214488571735722684110,6
oauth,2013,12,21,3,1,0,130528,18,1.000137920465900,6
perl,2001,12,3768505,2614900,39039,48.,2458235,479417,1.24227442847721889506106175435110774226890911209038353907418698595645456061152124709910713387536002939710157948700987901843893543859200,13
spirit,2003,12,351730,193819,723,3.5,221753,157911,3.473465743375647435429444537792431802115610349185022602556244545572072628103687443499667435901630860025167543926724827645025778123840000,2
dragonflybsd,2003,12,179787,177381,1022,6.,4719406,2406,1.000510407566233645550492802912098171747841732345645975080714396723427840,0
simplejson,2007,12,2629,2062,27,0.,4286,567,1.152460338843428172991865713128064000000000,1
nedit,2008,12,561,491,26,0.,112951,70,1.000620122075462076008254863014109292038069484722205477657088029643640000000,8
swig,2001,12,21543,8736,355,0.,119251,8538,1.0771183149286908383403234778990971864239201700148672290000000000,2
mp3gain,2012,12,6,3,12,0.,26938,3,1.000111379246336318759434993313420167388952000000000,10
gdal,2008,12,131964,53298,1739,8.,674658,78666,1.131991704587500349054340650920051277178477425794776133791843456953800797305832801285718279418961646165626261339476414863237594799818560000,1
commons-logging,2012,12,612,560,68,0.,19616,52,1.002663115845348270957640387401328038000000000,10
bluecloth,2012,12,0,0,0,0,8345,0,1.0000000,8
varnish,2006,12,46374,30755,1195,2.5,22471,15619,140.45535710406494440208235821929682823157823994458783567394692786519693727954225306101881533120000,0
nunit,2003,12,43724,23138,662,3.,67699,20586,1.436949461928793953022759650616200747754394584594347241262231098252919031417886389706098561297551184775928831862105009618385577397504000000,3
liferea,2005,12,52492,39576,998,3.,66697,12916,1.240159164012126420609835444913318789281582141562095087897150295602746806688735219033041485319547440633895086554215743673970366368698315520000,2
sbcl,2010,12,12990,6026,495,5.,369562,6964,1.0192058422822538007098185545758968328510104514044709717494035562748701978070611638186426331581555688918440599859662145424819976416644244353199494561792,10
dvdrip,2009,12,115,113,5,0.,47104,-20,0.999575191163917239920025120000000000,8
dune-project,2004,12,58578,32907,875,4.,38310,25671,3.031094232015272784554958912631969494773408820774893744301306284453721841864789362573919460797428688623500308258296397423641600,1
hal,2008,12,20274,13811,808,19.,79325,4153,1.05524663438857195766901959770523639317159982475789008893675042125057551093328107199748001137622534138951349193833035034832431987294720,5
calf,2009,12,32066,14423,520,2.,34379,10719,1.4530431107600090932474253084825130926195581813007798756070196868762730035364747037468193085956367162681061871488000000,1
mingw,2011,12,1190,491,63,3.,10066,699,1.07462367886129056870525691638368718367940037632247753018160787262377400660499233636359983900096393429378993218967411772659508736000,1
coreboot,2004,12,97115,30662,461,5.,149739,66453,1.80297006978922914602403212434495235406301409885391315529072452107239445972516828956726062539200103186409023262481283899450771052856960,1
coderepos,2008,12,14116089,5565966,27936,125.5,10154047,8550123,6.3307532035264159535861595560660830336865264881095749884839176754293909455261165511146437832298955407666676323376460546560000,1
thrift,2012,12,56903,30630,394,3.,157879,25912,1.1963521183417963349084053103022950492913711478143755118796785415323881428685812542637101584280192388775316802269428868318878097550147398549504,6
nekovm,2005,12,32707,4986,477,1,27996,27721,101.803636358640936755092083560023350832059174338097014328600840464808289327836166777036800000000000,0
nltk,2013,12,6438,6822,97,7,214191,-527,0.997545617973011830952331872055167974503,12
fvwm,2002,12,122013,78932,1009,4.,157818,43081,1.375476088813760204075930945657656081229942388461607272855339045041186456180934495368374671176105575614669510533440414898689102000000,4
Foswiki,2013,12,246675,15650,312,6,12938017,231025,1.0181809353481417135438482758599884086,5
aptitude,2011,12,613,1824,43,1.,140853,-1295,0.99080601762151046913912591644464592640000000000,12
stepmania,2004,12,256164,170920,5284,9.,275029,85244,1.449160892605346528471052630147370010560106278743935586508302601517094440497148747773699034482506306351363192531093270802103436480000000,3
zynaddsubfx,2011,12,7750,8724,88,1.,37279,-974,0.9738600681641335452891831860934289507230627626388027305082462215881622031750000,8
conky,2009,12,66294,55650,1390,5.5,34468,8693,1.3372647914676246049033471629704900838945646241532024663598767221314074416954219394037430506573042687086693341343744000000,4
capistrano,2009,12,1307,935,95,2.,9380,272,1.029863855949170539514300135712903937349972129035198578363578524056798286185721654209941332888023201288060259293867032256000,4
jaws,2006,12,160452,76245,3191,5.,169217,84207,1.9905540525207277855507514696153388505270871514724610024471981012201411745222130251501476105634839043202067867183084696537116672000,1
iceweasel,2013,12,2133557,1141045,105,2,8412861,496245,1.062683980128078164873360,5
geoext,2011,12,12666,8121,214,3.,30565,2380,1.0844420791268389012393875361572323234220430264940838537413983033922327137480801188085788390036879400750123543226568227442235402274253936363296317440,2
moinmoin,2013,12,10267,8168,183,4,89869,844,1.00948080249814805002769197249015037932,8
mod_perl,2011,12,159,76,26,1.,67570,83,1.0012298664927967562986114209911265636309083754434948413202327912422487030673822717787972515274800000,11
xmobar,2010,12,4701,3862,137,1.,2484,823,1.4954846478882380891627943496500056182355857562560115415347930385306979545069484437997821017697554314145332338000000,3
ispcp,2010,12,209659,163422,1360,4.,632899,46237,1.0806776384171722825382001182261378418979135713563011906508479179654250386424651741022957383773355404568461386281558251858562550230489411584000,4
workrave,2009,12,24220,14378,306,1.,80967,4857,1.063815530150698713951648868632629876502732582768710457154143820315639887791103915777402813784666195358042700573659101379142765164483584000,7
latex-beamer,2004,12,35227,25315,180,1.,15963,9912,2.63807635123469042980080755505886141798995551731534458333120067069012407226737513428886281358453492523165905138700280551849564569600,1
statusnet,2010,12,835909,275101,8759,8.,160495,71206,1.7974778527791704824699317679513678925875529285187151150814400054485711115971097381526763000107241656564474998217294402460895316484235264,2
Skim,2013,12,5616,4144,299,1,272164,1472,1.0054379146778242164577646749535842800,6
forrest,2005,12,220575,141739,2165,7.,182845,78836,1.757972867615976252730165610775761522307794071833695105381669854760351950129571059464524553556767044859605050969345209600237367296000,1
libidn,2009,12,17072,4437,210,1.,72366,12635,1.2115317004548347984959839501564257424475752220031307196262808586284131324662804200248648425017130984320523441081348558133736804303236566080000,7
mythtv,2008,12,431282,334809,3948,14.5,1050937,103535,1.1092830709599244012239665647965285007032089514126277903371852658365309992680778384680092636912257501190749250090237956888679487462863912960,6
pld-linux,2011,12,111719,31367,1062,12.5,2822582,84723,1.03094498292305936035396659203000248291656658948204025937611211007236500746458020831487535929664973581210507390935535671362604341129559793179257679360,12
MozillaCalendar,2009,12,279068,191120,4086,47.5,765532,74424,1.1076879445861332289281300815299774531373929208209310699298393805872853478648186634646765933952845277726190164802483587885273919250256363520,11
k3b,2010,12,17339,15722,330,3.5,105695,1617,1.015541949807528751800585008655287295593946935279470263221250088984937682045002883309024126259204832699465766494511971543644839733217573179776657408000,9
gEDA,2008,12,24521,21397,767,4.,137436,3656,1.027550451387503889743056738017851065164705514183285334493176447712322521776013030879182170045332753379979468490384882543343131820607239643136000,9
stepmania,2005,12,89518,68494,4494,6.5,296053,21024,1.07644284785248586682351168137582306926429975866691245488317398001976619455946073192494350519807496087744000,4
tkabber,2003,12,20060,8854,225,1.,36251,11206,1.4474346176957261320265283509781457242125709455900367553325093882044283888359713409063752383396383972758651966141386049927107444736000,1
freshmeat_aspectj,2008,12,181242,92506,1256,1.,629806,88736,1.164000961105616310695534737315504436924195260512514606624332617381064987766818200757420422998687524419460199405501956849153488775695811975755520,5
gnus,2011,12,17787,8494,858,10.,129442,8202,1.067650940281655975133882534487759609558062738327944455987082779078555604334472732069178982729692753868946162635996347139107305998915057823015580160,14
hibernate-tools,2008,12,0,0,0,0.,24209,0,1.000000000000,5
openoffice,2007,12,1309964,354606,23511,9.5,7054926,955358,1.15662715785581078485984754374569952027540123260726973088046959372341611437581127434112847359524106579447480317582028191015997584339972800000,7
asm,2007,12,9305,2940,94,2.,64891,6365,1.1094394773033133911595539513232325967398505129393849130344045359515855259796877027766423550848105049437982374347069951733810053232359515329705318400,5
cvs,2009,12,66,43,7,0.,266770,23,1.00008622402501499307508436240000000000,14
scintilla,2010,12,45954,38631,950,1.,297752,7320,1.0252038342921958734135659512842018737546195945560653023034896242589132419881712165817486210965557716185554731223108524423826639937037021626921320000,10
mariadb,2009,12,2814121,802300,7403,45.,1091003,54926,1.0530134343368150976120157819461172397494986831038333554101455317082970067426458849479144515501384287901185043537158877994290344097559347200000,9
cython,2011,12,51988,14527,1277,7.,54262,14188,1.354045016750983488937384225015396470448278173854272201484646334337569850125104655455415114365268283291188282044253612942582214417185408000,4
ltb-project,2011,12,1500,408,102,1.,7779,1092,1.16330192911958103349171849773202806519112065279882869450920938032710355211677207532688488515962300671840000,2
upx,2003,12,5874,3817,167,1.,8880,2057,1.3014802872556715256659444429601494125781307620521722119893335871980990098421507174469583149701836817145119971210527773959719680,3
codeconform,2013,12,0,0,0,0,131392,0,1.000,3
cecil,2010,12,4311,2122,224,2.,32140,1986,1.065861908866097492543869840340487714930139338753895552555655413547016839501550475567916247012000,0
flac,2001,12,28829,18256,731,1.,20325,10573,2.08418785896990722195251894704652556734876038378690468285056306600280289014952093310665251172485479935918876689905855645775211946880000,0
ganttproject,2013,12,933,360,12,1,122260,94,1.000769444853721127963026400,10
cacti,2013,12,23396,10435,63,1,3071217,12961,1.004238036318166263304684586811884482080,6
konqueror,2006,12,33474,25420,953,13.,78812,8054,1.1140001981221315792867728257287533771311566065933079924168803000948125527544088905564878748899272713609271936004081908498409305792616800000000,9
commons-email,2010,12,6436,3360,202,1.,14794,3076,1.26250213345000259673686735854475419562209043211751299507203443888738895824790400000,6
swi-prolog,1997,12,51093,22509,338,1.,398121,28584,1.07735084713723018307877069878883446113906159507292019382218869370417720128547412420369172311966508246507227116933361833174695424000,5
mod_python,2003,12,6913,2749,209,1.,15719,4164,1.360644379008046863832656367787270748472775280338372738605901866769976340343476952404843836830804718868551041020415794632590982890864332800,3
openvpn,2006,12,59142,14436,510,1.,373482,44706,1.13597707860069036293108308112363504564489381222468263715778251763195219798423256800000000,4
parrot,2003,12,178012,150100,2144,8.,156408,27912,1.253411412169753607717422198309042024628964713868544516411950792282839600645721824184511017062610595227429609787455451794593037427575,2
q4e,2011,12,0,0,0,0.,21469,0,1.000000000000,4
poe,2006,12,16916,16780,241,3.,26277,136,1.00520255538235968765228416205661268576274733820177220646402507690652244932000683174068092780526220122188914161722604184247741245440,8
ode,2008,12,61927,81039,345,3.,108175,-19112,0.8238752603332036759986103911681431333284287747193120561752213329029837125130876195286255997558081622748301062443084760486825164800,2
zabbix,2006,12,75481,52595,1362,2.,95813,22886,1.334600426915492304837567791989638528394629085100943459331159288272201226789743679504764901492385585034050677556360504768319887080919040,5
god,2007,12,15866,5648,550,2.,11254,8792,4.5710804224424443612690093091576185139471224885560779114191035696,0
gmpc,2004,12,17865,14443,417,1.,17002,3422,1.289044682881673789683455617092122643122660410889870261930913705256213601102604009088359447252061038301263200,0
openmpi,2013,12,137469,154142,374,13,774059,-16673,0.978280522945387970999648022194579640,10
mrxvt,2006,12,9398,7845,191,2,32383,1553,1.05037301329721254593924411413043742278506315998904711542842429694431510000,0
kde,2011,12,53721639,35004460,107158,395.5,23420287,2433777,1.116100973977429883380845018386090636181855847339187506186660561663542778609588267329232371184574881752774120375407455960397423635513344000,14
argouml,2007,12,546471,134519,2286,8.,813007,411952,2.032921955113859437302291148599863720796857430091268531292975643598858797914836630302962565297402312922425918935836750553624721782347400000,9
suricata-engine,2011,12,88930,32461,1078,6.,263994,56469,1.27210697505922746209338840097767886125923021381120006345262536921022645134455717405738527518527657121442045008231667540646405036099520000,3
gwt-ext,2012,12,0,0,0,0.,56107,0,1.000000000000,5
joe-editor,2006,12,36619,27946,228,0.5,40210,8673,1.275010305338978387146613430219810384348133087950123045162175020000000000,5
OpenNMS,2007,12,663114,307035,5718,9.,864632,199307,1.3004969408642190829676178377230473492259069299453742786900416849966678209255537563529473560767707198180662343687919775393584732774098944,5
ekg2,2010,12,13737,8451,418,3.,191409,6466,1.03508257916363414537567663491148478773484630587843547208687260604791604147292613171265889754453263283308727821704354933255219200,7
php-doc-translations,2010,12,912898,255920,3378,24.,3373553,656978,1.2418405528815280200297820700517283323993461796015007832770099245528426777876958900928096390966601261643382982151340346712083394774080000,10
linux-ntfs,2011,12,60694146,42942593,60974,733.5,10093598,755777,1.08093719079224799885374291126480251295677377243919189273427793647393385132351782178948474284798872035475973793200517413199328556258287442389248000,9
chandler,2012,12,0,0,0,0.,272804,0,1.000000000000,10
nhibernate,2011,12,110818,50003,1074,4.,511043,60396,1.134020641432216945769399354846993422860136841310565149229678862591495885775370705087500714937577893546348425225076985494388032292970226125000000,8
kino,2009,12,698,1190,51,0.,97962,-492,0.994964639899888761044518924473964490005532371745291698400792928000000000,8
neooffice,2005,12,53300,53085,703,1.,109956,215,1.00233168486405970978097684775016199586564157962427667539839372107246719872301123099663081470237853541287621380469032570072371533056000,2
mahara,2011,12,105569,153953,2983,9.,387680,-69382,0.8203948713793806156551435244109528125152955582310498805428428425690171587718069456137341696027289633003948681740561159724457292712268497920000,5
twisted,2011,12,29676,30468,405,6.,193393,-792,0.9959214151418906553643400673776147747718991368721697031533076286732167039190470559437939685432056446129570769914641304555135087159918300544000,10
sysresccd,2010,12,15381,3277,27,1,55749,12104,1.2773284454584784815588760003522089462025913444682143143149200,7
xalan-j,2004,12,18576,10792,237,5.,186397,7784,1.0435802545160989817989789413914466057430544533762419680542018342214635706650314294896842277514323523544247118683690552114551028368886574689496526848000,4
ghostscript,2000,12,464356,180908,1933,5.,701408,229791,1.487240705929864356809175460460402403272492076132998842048133959434549007833298476921046973785560446851807914126717362107867070866415969539200,2
groovy,2009,12,40402,19020,1212,8.5,171716,21382,1.142229967936877836597302817237321359007735669497400522409368470422699351603345615932462830030700170023918496417230306141844275216812303680000,6
pywebkitgtk,2011,12,0,0,0,0.,14258,0,1.000000000000,4
hydrogen,2013,12,933,139,26,2,109224,412,1.00378634709431337345155680,6
dpkg,2009,12,25139,18060,797,4.5,43851,6889,1.186380607127877013189852550643493597845770047033284467982760284474419129763681834788087479049550973959015452477622241163659576954816957440,13
apache-rampart,2008,12,14257,5700,288,2.,39780,8557,1.2740607885446146320393500272424937366013198799738161863276100341232769983361555174862349244389989372262785101773689455287153149790996114483445760,1
netbeans,2005,12,1032423,180251,12846,61.,1698917,852172,2.006409249515479881213739356259334046280433190878976008971156624351656757227960918411835518000345587903449182170287946309613649920,6
theoutcast,2011,12,0,0,0,0.,86741,0,1.000000000000,4
maxima,2008,12,40267,18300,670,9.5,423561,21967,1.054699522401987573368849693731952809473294177877485350086616713616454919221493140680625934906051594636149433870882280243847687462669280590000000,8
postgres,2000,12,182463,146331,2243,9.,276250,36132,1.1504760159560394405160589816289066997702195072425758139580006563362046796970629683913826071256141658213936183750711146641637467289026560,4
make,1989,12,24,0,1,0,66,24,1.5714285714000000,0
fcrepo,2011,12,138580,102299,444,4.,260890,21523,1.0899163209642878942090082323043590144852165354604116650316461645616418027815279687862831390201486488324311622055130648882841782730177993791320647040000,1
aforge,2009,12,81457,44961,137,1.,117872,36496,1.44848604008753938424359122585930067797035805429969827958757568574804560920673614365467522626574718755268405046695168000000,3
turbogears2,2012,12,25998,9608,291,2.,23456,9386,1.66709310592979122662596559941517721288249380117300697908132906072879408480856226727041565303209306337901632000000,5
pear,2010,12,1544298,894202,9324,30.5,16783821,649323,1.0402443881381553526212970270571595288020381418716111962582614762601012372525561170902035666153457459823103280363546406333847608398988580262400,11
fuse,2007,12,6026,2339,143,2.5,27715,3687,1.153445979683543699688570074045569196964270522757359230359870218376742860181287876885140857534043402390396872741381259916019567449571554303672320,6
django-diario,2012,12,2436,2864,74,1.,1217,-179,0.80329670338566247316191587457883402328838318685503119892701881181248808960000000,5
freepbx,2008,12,18334,9332,1789,3.5,95384,9002,1.104211525548979130675031491881533172484684564186527677365377541184459958234513890968088187281239529604674782161775174622754000163118083790187027200,4
mplayer,2008,12,52377,51006,2514,16.,547765,1371,1.002522715480315821248617066496626851332937286189189641244339543383190873159671980245746349403775506409072742527036294981046583312438073620400537600,7
aquamacs,1991,12,331888,13656,1398,3.5,237910,159116,3.01939233941405248561578472821159269773298424299946171792267744684890706662572227833940726086010328918824664591541558888690128896000,6
secondlife-viewer,2008,12,222362,93033,607,10.,530590,129329,1.322306428989094122779261502221689409955898626734278978746306013930728178324122294342113395934119814324301991809707112111649525428993024000,1
jboss-transactions,2006,12,74209,7308,105,2.,184856,66901,1.5671739222041154415921264810280314960386851320205804318006538597988771986491832749257764200448,0
flex,1995,12,479,324,58,0.5,4976,155,1.0321510060102329620048087678936903398762938221563812741166469374492871680000000,8
apertium,2007,12,60683,19024,69,0.,2188418,41659,1.01940553177710463016611324233448486399572257447176204457289750000000,2
courier,1999,12,23296,2638,379,1.,20892,20658,89.2820512446261767470581787907125359751194336458766030787761998566815717311565656723268948854217867318253750271174995903662432,1
munin,2007,12,12550,625,202,8.,17077,8124,1.907405338987377100678473141657550981270567377323112909468431580832106559362648496744078203743473458824136704012922875859848461041664,3
glazedlists,2010,12,1379,338,21,0.,63967,1041,1.016543241270138514318791011137390776520554577684913606700760800000000,7
upx,2002,12,4851,2596,134,0.5,6823,2255,1.4936514886412773337414060901086599713085343655588943592416763765760000000,2
moinmoin,2010,12,3734,1558,281,2.5,55111,1861,1.034948356805993867793387749181142504285325805082798629668649046691804330908990872519028262203731562764177603219141515941213514348264664000,5
Subsonic,2010,12,98448,60849,173,1.5,66418,24903,1.60089761840927573831317847058180257650585378381538228269333368547866721664050733920140579168000000,1
nano,2010,12,170,103,36,1.,19410,67,1.0034637853486258682429289005693781029033561549330996619708231757143931617647797634346904320000000,10
javaserverfaces,2008,12,657005,403861,7428,4.,253154,253144,25315.40000086150292951338546416573730569332574986579795140893533358688991418843932619542782848000,1
eiffelstudio,2012,12,2305209,1644554,1868,6.,6368634,660655,1.11591809277607725078017255064781372205971682344143891135389827004858544057376055654372527847398544919847433443734558570794010016847788761988005888000,19
ack,2013,12,0,0,0,0,6480,0,1.000,7
cvsweb,2000,12,1128,679,45,1,2719,449,1.197797356822910256630546258662412038966174784452291653056,0
flex,1997,12,2,0,1,0.,5028,2,1.000397930760000000000000,10
dtango,2010,12,52317,146534,326,3.,298934,-94217,0.6819421657748780452559451494927388419316552204878821534298025593153709750945813209652385835785614215493007658312125631429826370800052864039452672,4
oprofile,2012,12,16306,6585,215,2.,44381,4722,1.1241324921151737856713536892943043579476847415864083618879054692301172978874707636056076292516232693828040039851809558514322150159300000,12
gtksourceview,2007,12,54424,35924,303,2.,46302,18500,1.66541975391229387589710398754232106956625712534140505450333762892063133490742547111354535467586522370184422894936343524306745270191555051520000,5
meego,2008,12,180726,109027,2573,9.,399441,71699,1.21876659079630505636013627289644303091004042796477833256269814279402304130162699621543716808706025171759950850260376112738956202163840000,5
tryton,2012,12,92254,71530,2187,7.,189248,20696,1.122787033082692811423769529718515270700949860043987727531998847587208450301538974726457781819166746761656649181493520747330715499160797184000,4
bos,2012,12,1442540,1534337,663,3.,2169485,-91797,0.95768719304101963646358735075910614925934007336026241878022087106668029031042552361225176939954382387200000,8
gnome-tracker,2006,12,109072,101080,413,1.,100849,7992,1.08606782462017609888084264095181312290131057299860806860125308710369241009767090535223451655608684211951750423094749393571840,0
phptal,2011,12,172,212,45,0.,21898,-40,0.99817334916408565025256960000000000,7
qvm86,2012,12,0,0,0,0.,2416,0,1.000000000000,7
vtiger,2013,12,136,118,4,0,568389,18,1.0000316694553400,7
YaST,2004,12,219871,98368,3239,16.5,320290,121503,1.6112220617440140994818226918389592511941368520376258725383051702275002096828770611900197308748307175871666731839274669592326202982400,4
zynaddsubfx,2008,12,572,168,11,0.,29825,404,1.0137316882500000000000,5
gnupg,2012,12,3748,2907,108,2.,196001,841,1.004309284689999550401357644215423437474894389849888697451315994224135072287881511030047890099182147213204503372402118023241775718400000,15
netcat,2007,12,0,0,0,0.,14433,0,1.000000000000,5
icinga,2013,12,370,88,12,2,1852879,157,1.00008474018228,13
Darwin,2011,12,2888,362,27,1.,15137,2526,1.200301324218580471257184430001057157374016561398753551752199015338453692331686985892658317977600000,6
jetty,2011,12,416901,219405,2334,7.,523162,130209,1.33136023899749656519071012653845966203815300246532572932943947752256287969519701952348315701503061300264795864881411782240838337219788800,13
pnotepad,2013,12,0,0,0,0,751569,0,1.000,11
phpunit,2009,12,19397,23529,1588,1.5,35653,-3340,0.8952781087467591483891421605847015875783446523377358371361527080017479527856661005350542459181392429748217932059901454471162200352243520000,3
pcre,2007,12,17631,40362,330,1.,34185,-22731,0.600621969231593047831747510447760299862795570082410655161666805644389008509704919314098989181940642560,0
cruisecontrol,2005,12,94330,69496,634,4.,113421,24834,1.305404906863821953786073784561084489492208376790622480122265321067425678880171139320077594808038010306266713137170585291478265200000,2
dolphin,2007,12,43149,34737,1138,14.,17331,8412,1.94315506225261470725894130886671800010319354677676665705618457320969755201596928608907885628076800249059896084775161505498456064,6
app-engine-patch,2010,12,0,0,0,0.,12996,0,1.000000000000,1
axis-java,2001,12,91288,50468,1675,5,47293,40820,7.3061949646565496173829082121659465268505061701175637427803999975408742040334952438721223261648703679809988124160,0
exult,2000,12,115290,69677,1698,6.,54605,45613,6.0726201072326317977212870220807834618209154427228078955287457699020811572811194539752880611811629481984,0
gallery,2010,12,6,0,2,0.,343147,6,1.0000174855234400000000000,8
geoserver,2002,12,34134,18651,119,0,21703,15483,3.4892282949073641351298246033036368838481201967360000000,0
phpbms,2012,12,0,0,0,0.,52676,0,1.0000000000,6
pygame,2000,12,1536,372,60,1,40443,1164,1.02963415566,0
mod_python,2000,12,10643,5461,126,1,8383,5182,2.618869103554661189992289954406443011388554691349468591703375000357003100778,0
tidy,2008,12,245,84,29,1.,42477,161,1.00380470743936820839130656703606083535474163256630145134732010766864079839048839346547507200000,7
nevow,2006,12,16342,19772,298,4.5,32678,-3430,0.881318985506998819977776248380495690621690349952920476353157507775487917113266669581979711541825332503745621828222565863280000,1
nasm,2002,12,10550,5539,165,1.,29821,5011,1.201975010073468872917882349395446756734651589996372532500000,0
kompare,2006,12,805,818,49,1.5,9196,-13,0.99857471768943612155319799616623671766591539047152286134112423276244712219051464228864000000,1
cel,2010,12,272826,198408,116,2.,574106,74418,1.14908646528783453003632962208457448623103066537951615270637525983483330359616199322038184925316867132040456797382883200000,9
melody,2013,12,0,0,0,0,373317,0,1.000,5
jpos,2009,12,7604,2176,150,3.,51914,5428,1.1167663382404381943794634519491284398359901399318675474476720374457202948178549358453083689866860481208351454611803803237996934900083425280000000,11
btrfs,2007,12,12578212,7671969,74153,466.,11485264,993417,1.094698969379400283966521322160208444794009912377875389600006906523387142132771190447752138577939260083763618050282111896536239760869557133142368000,2
jpox,2012,12,0,0,0,0.,1108397,0,1.000000000000,9
kmess,2012,12,9451,6478,217,1.,147553,2970,1.0205828337785637112090943802429714331461288910938052851810914219244198517734965493524400000,9
turbogears1,2011,12,4831,3448,153,1.,165214,1383,1.0084416258218173636413672863284138467147288871246491069296503442647392729182439214797512568545921503046864830525267113615819386208000,6
wine,2005,12,362723,191613,6350,58.5,1215064,171110,1.163905689311281671819258146778293524275801830415332983204048646280830573661587503875311102939898229458416343781356074041975784422464000,12
mozilla-addons,2007,12,49045,17100,2142,5.,93376,31945,1.520014325059183331590089733354112598656226132077974480130412065188277672828448640246144787597729894007564525789616657185879246370881024,3
mpd,2011,12,19537,9409,641,4.,60741,9385,1.182743983180452359594275633610848242059307082710666468569923676102623742869040548564759711605052078704826766830770664434260778200646182860800,7
ILSpy,2013,12,0,0,0,0,57493,0,1.000,2
adonthell,2000,12,66529,46670,505,3,30430,19859,2.8786302148732721380715708942336343789916100122240398664943694840668823568222416103329769879592152714128402284544000,0
fwbuilder,2011,12,72547,5139,166,0,744861,67408,1.0995021056800,11
stackless,2005,12,162611,105512,1931,18.,767691,53181,1.07443002897380584473399731890802635444058315501771702859290460024350729864718732650573978446225180665875187928088318857584810165461617744759200000,15
fluidsynth,2008,12,856,112,10,0.,62160,744,1.0121141070736792344596580000000000,5
poco,2013,12,0,0,0,0,838422,0,1.000,7
sirios,2008,12,9698,7168,211,1.,46768,2530,1.0573098355526695983486540916356765550726415168703529307871380761629186746390130387905145148056840051640540468278548809221145554338908721804124552000,4
freebsd,2005,12,525446,342440,8763,76.5,2913186,183006,1.067030745219477317435233329577975850778770065299366297957413927918916718991911145526767171928612077998116180540132363001839307125413048436326400,12
bbdb,2011,12,21970,36788,105,1.,69240,-14818,0.785792760461165320909514721355625215579699805334908652659942861080497360404269082376850576806329449837442942349870998400000,14
bugzilla,2003,12,29690,20553,328,7.,72986,9137,1.14359353146150715752131961205102806796385753348662907866981489204917559567844841126198254033629161763414059382172043221842081191887484288000,5
Texinfo,2007,12,11552,6193,224,1.5,64930,5359,1.089959879804373933909382201097226074798218082053508732795301910244975472421098340476436093282595312853660117637101038295838799882703161229909120,5
tt4j,2012,12,1156,113,18,0.,2460,1043,1.736062103035147064100000000000,3
kolibrios,2012,12,115807,66864,601,6.,526009,48943,1.10259167495109631152633948111756196102065275215230483425387580493759190987250258216390189314341502234258551656606341629073817600,7
arora,2009,12,173825,104451,1039,8.,92770,47573,2.05256986090305866472386543513116532224724876358325316459505855035463503716397377622831813399636205050392634579732987900664418255503360,1
nginx,2003,12,39347,23154,179,1.,23438,16193,3.2350586609916391901356950702324171603890269229771609891186487639614445095867640785341516993992977169032758505820796744033076640,1
gnugo,2012,12,0,0,0,0.,85894,0,1.000000000000,11
tomboy,2007,12,58411,29852,437,4.,49555,28559,2.360211468865057662389120946296198082767824037444446104170577143720818484542348684973551318093328786391571755592670647523427105894551040,3
amanda,2011,12,25254,16069,502,2.,387355,9185,1.0244338450616843335814824798411929268155456291963314038692705557351921485773394049932547866729623793288217781199117374770473764999264543700252800000,14
tikiwiki,2004,12,407002,266593,4087,15.,453556,140409,1.4483804730164984701719121607348238114773806023649340675228835257719848668895228925931597981622788389379228519391391374142491332031295200,2
moovida,2013,12,0,0,0,0,116973,0,1.000,7
warzone2100,2012,12,70159,57844,2357,7.,854886,7131,1.008463080389576423240320821480174793179821692520051987624717476731441363417502401382965708340514876246700667608616982151832508689798209274106255339520,7
cogito,2006,12,4194,2291,592,3.,6673,1709,1.34609153503698217122462948874114990852055763754733945458635844946960020526426340402996686287799190230370041199626577511887320168084754094080,1
CruiseControlRuby,2007,12,170714,83648,607,2,109876,87066,8.86859466817671276097860332249775651865482491944016716808903139944144813544976314865300953740902447147038275152500000,0
ansible-ssh,2012,12,130020,70025,3158,23.,27826,26883,29.507953331591797476028015882671160169619775801375982001116472488915755178971210363820185982007360000000,0
etherboot,2011,12,0,0,0,0.,368183,0,1.000000000000,13
rygel,2009,12,31622,22109,1494,3.,12719,9440,3.8789265018224729463758627079852963070939323782662676247477072542278983861055827676814859939047255747143260714749763122162489424,1
gnuplot,2003,12,4890,12797,229,3.,80820,-7907,0.9108839473871399208549071816881641265393641826797213893788945852310536508881602403836059171952423803739371796083371723206473452800000,5
guile,2010,12,78511,39656,1517,6.,177317,20939,1.133899909179460981906351572689058386844513598363136256640349737489192187199463310476288128200389239432417944396331673192277676958359091200,14
kerberos,1997,12,17841,9435,506,3.,241392,8406,1.036079421077921486862684144913539256916060852594673081154502582630533366028467471742032488673018275551361175103522819168182223172792954979451534004000,10
sword,2010,12,148298,161639,199,2.5,689880,-13341,0.9789711781712632534630557366307496231852193699037508061771469108850346272743157644731086313465877768656909436127090659658722492819561306311168431865600000,11
zenoss,2008,12,6900640,5268320,1783,11.,3285082,1632320,1.9912884527554976211330781430996840226430531879706953716107529410278842572674285345230486834082703368266174456738056048684628055377984000000,4
htDig,2011,12,0,0,0,0.,254563,0,1.000000000000,14
py2exe,2011,12,0,0,0,0.,7267,0,1.000000000000,10
firestarter,2011,12,0,0,0,0.,11472,0,1.000000000000,11
R-project_,2012,12,259990,186698,2071,8.,750050,73292,1.10829868283449186767102527288580170629193849151862325274774846123296125961358703774472744138273070223251755502016487831004720485910442257851396022000000,15
sphinx,2010,12,50581,19526,1290,5.,31528,8597,1.37490733067756973074588096495288393587955825388144475328958515237001722558423016489067392690925107176810218942953076054005832602790630998000,3
emforge,2011,12,684,892,5,0.,86689,-208,0.9975853262131655268283640000000000,5
mozilla,2003,12,571298,1045605,9382,61.,2836650,-474307,0.83088000646677152120979509775764532597939621455648731967631242902826007628219695435851388169625132684524254983094631218809744704508111155200,5
wwc,2013,12,0,0,0,0,553930,0,1.000,9
ddd,1997,12,49760,25823,1216,1.,89960,23937,1.362555473100856994906759400424826813622172260719343812554256112575988526224803392667466382352073680247585265710151694400727308595200000,2
kettle,2008,12,239688,108494,1383,8.,461584,131194,1.3970882895891743635354457253645298805135512529351940513576284395439101075232896285089286040701933197318418308396557856534450054144000,3
growl,2012,12,645847,2452619,907,3,2756560,-1809774,0.42613680326253069891278644317689526837901740450566928593604086229100185811337806880369015374173769151718040817760000,8
wine,2003,12,427822,239585,3592,45.,931399,188237,1.25329201439088779761600515229011029856201137782271936817508811707613794011427193993652441295345499411295898747586541674659781268480000,10
PackageKit,2011,12,49013,43092,722,7.,101186,2359,1.02409109477800914376222860279129323813230116717987557387199067049437718687529961280007812057724612099231840061608671841872402939021573723750400000,4
eclipse-gef,2012,12,136660,129013,412,3.,286432,12045,1.043897852312084587161364315049792340877551096277306975858965450490035963753354677408792042335680,10
solr,2009,12,60691,39150,1099,8.,128102,21541,1.2081899717799055700770395718008719265103941366020180971879128603769623792981330998481968908971075294261294979667500322954665295068560,3
aur,2010,12,757,403,96,2.5,11883,354,1.030785285675991323211888594825296089475699717796708055767663377297465460721459961217972301827330515091398470363041867664265402243234720000,6
yui-compressor,2012,12,7003,6,7,0.,17751,6997,1.650641621756008692979108304484406000000000,5
b2evolution,2005,12,73294,43119,2756,3.5,102578,30175,1.41676449872134315123077842209749838525578561357483358810756654292992441188103292507387667724408036110480175220814117591643842173337600000,2
boost,2013,12,369009,203071,890,30,18845627,165938,1.008883338474850139938193315191296990,11
dspam,2013,12,0,0,0,0,48554,0,1.000,9
texniccenter,2004,12,642,307,16,0.,79607,335,1.0042259562009185766443421739493714115997193366043600000000,2
osCommerce,2008,12,20986,14206,132,0.,205713,6780,1.0340818265420097603996810469040216631000000000,3
tinyxml,2005,12,1016,565,37,1.,4535,451,1.110430950052739330339612898999307548438387035124253934486980042535363337149947087953937612800000,4
gftp,2010,12,0,0,0,0.,26525,0,1.000000000000,8
koha,2005,12,29691,15628,417,5.,99704,14063,1.1657375870739309016210986523905515769291703016137994795204905183525183907458253605204348875450894374004353195837184000,6
nfs,2000,12,2084716,183981,184,2.5,4873466,1900735,1.639390176953042800794386200828259656937557004631139603794322722230712407161920000227147255009265304934375718095559842732728805785584000,2
puremvc,2010,12,0,0,0,0.,11907,0,1.000000000000,3
cinelerra,2010,12,625,124,30,1.,723218,501,1.0006932174004746496493172931304620102689917519852763913826954843682750000000,7
translate-toolkit,2007,12,40533,31349,1388,6.,31989,9184,1.40680368540675996071741728191700313845077866034128054484191396677963404549380177415259787188645672613479673897558334305874598080000,1
adonthell,2008,12,5974,6580,123,1.,92315,-606,0.993478331053949275226352618803518011014865071865912872838736084664511232999944706573991465457889350691200000000,8
ffado,2007,12,119428,74156,498,3.,97758,45272,1.8625538238358760788356649013316012962454000448447369047109966653352175807411242907556048240760246552198157176319669322545570979840000,1
gobo-eiffel,2000,12,44048,24619,172,1.,98900,19429,1.27203483564242388538950616066154220000487687437735297091800700934313170861083852800000,3
shogun,2010,12,109885,58795,503,3.,159070,53096,1.5010285542291463895482772837946128745723522825240275356584626931891289467152654351266626657821768746661239294336420749193415038481203200,4
prado,2005,12,36458,6133,323,3,65760,30325,1.8557922958,0
claws-mail,2013,12,0,0,0,0,156119,0,1.000,12
sysresccd,2004,12,19122,4616,238,1.5,25442,14506,2.326444769629967648326716242856362817662649146901198665541716708922462551015452134140819967864173379005486918532218306715162126581760,1
mingw,2012,12,658,357,28,2.,10367,301,1.02990264256080797815646726837775524273851239271142629760365727741932156329454936979571343149677795028701160960000,2
sphinx,2007,12,5492,4072,124,1,13102,1420,1.121554528326058871320367760372490269960679299240,0
nette,2009,12,69141,70011,1331,2.,27539,-888,0.967324109440884624595440630565119219488377291323779177831201086322859241157886054365443458128918381275246507720320296266528742400000,3
fontconfig,2009,12,2686,1438,144,2.,26362,1248,1.05002605522883238294887512714654309821002655526025161292512849991756950971097040340591169922250625945044556503300994206000000,7
lucene,2003,12,41770,29268,658,3.,136135,12502,1.1011218688521675780017387631775842782704190404040382638173306467925936144399481176459797840246482740843716219151963973524883235279350888064000,3
archlinux,2004,12,1582,539,100,1.5,2808,1043,1.5922771152704903937895995213599714407612160881516058602492970199283737630417242868161399067154674287587217548381258991388000000,2
plan9port,2007,12,18020,11563,428,2.,776232,6346,1.008262934760642522303678495673158398809354727854607896429430644005924295504153097687216665311584503650803627257312164757000888387200,4
pkg-config,2012,12,2159,2231,165,1.,137759,-10,0.999927399975153613566419317160731985942246029672198154938953834108831284021602405141341141027295851219578581155840000,7
ekg2,2011,12,29018,35799,718,1.5,183359,-8008,0.9580236300581699188055276406569149183698642028418056859191938904143020284959978861733570589017879744800000,8
arquillian,2008,12,0,0,0,0.,2,0,1.000000000000,7
logback,2009,12,72327,65549,412,1.,59455,6757,1.1282211848526596051403142012415152918039903507361180436589670417030953743140203584543656118644406817230583720304640000,3
pushbuttonengine,2009,12,99880,87798,740,5,32418,12082,1.617341985679349084889653204874999164813430409415765808285888121615752993816582625120902089053392,0
zabbix,2005,12,100605,66447,1263,1.,68398,34158,1.997605140206090225568484844377509829087350198696538084377130856857696308727539233162656093069456089900051939970155329862167291344896,4
eaccelerator,2010,12,438,637,31,0,11609,-199,0.983026270897461960065866000,5
camel,2008,12,200993,76187,4292,7.,255072,124806,1.958085762973155683737079403512233739413229312229601903502441385363235782049202513837026742220875271906115705156892244527298287400000,1
buddypress,2010,12,20932,25985,1696,2.,35415,-5053,0.853229929085202385708659070269791138335901307116140552915448272143891544452734479689707520000,1
gnugo,2011,12,48,223,10,0.,86069,-175,0.99796674760900000000000,10
jaws-arts,2012,12,53449,38108,31,1.,47184,15341,1.481769933721743627895057607306297305774794164816512048855165271634528000000000,5
debian,2000,12,1090054,188773,6101,20.5,1000291,699840,3.3292982879881776498806858392444605727878426163366100090688865043753331398252475001514230513239269927264111923237207627364338620570817800,4
perl,1997,12,1443748,711054,10412,29.,975666,304512,1.453714050697365859902318574355699955853505691594791550820670783614210082306933547982428147386411057760000000,9
fillets,2008,12,4712,529,152,2.,110709,4183,1.03926740889404897010238639216239332588514363363745182130884283115426330972819114137377539474098544360284396800000,4
vosao,2010,12,132606,33790,1041,1.,151556,98816,2.87364429268085975435183841895618317531273742932868887400209608152700588833663441972288383881319693150049148113316629129580838912000,1
e2fsprogs,2005,12,6434,2398,215,1.,94532,4036,1.044598656298602062085563735038825715998838745488805931012812056053168661671107368072035468308449282008164511603962655072661985998784000,8
ekg2,2003,12,140,68,10,1,48346,72,1.001491486100437392437722800,0
gimp,2000,12,409151,304253,1628,16.,889923,104898,1.13362376995348313438649342933253126210113032102258138757004199189157014249595635379978997266379464375235355379750671417694797537248708560691200,3
StatSVN,2008,12,1062,776,37,0.5,46868,286,1.006139710618264866734809758484362284049266965776619929113378074579851300000000,2
tt-rss,2010,12,107841,18838,1589,1.,146521,87166,2.468553618013826124491759015067288478743071005637156195601745881514656064346021231637270141405610625442383379562988957754684370352609644032000,5
texniccenter,2011,12,0,0,0,0.,89818,0,1.000000000000,9
miranda,2003,12,1137,72,17,0.,35065,1065,1.03132352941187866625810753398418348186106800000000,2
arduino,2012,12,581833,365966,450,4.5,376985,84786,1.2901652640828002879134425910723656887883437801405073658127240992216563646321988418351595126670233402591030297441341382101979982784313117508166500352000,7
gmpc,2009,12,91957,81991,1655,2.,42808,7518,1.281425469771949346694432302080593275530064933635915288575714592318588516987689099795122712342356610361573183488000,5
jmol,2006,12,238537,182041,1394,3.,222457,56496,1.34041732698028463448118278760509524212570804312777126729587443528819797972509759116022210175044491924153243467457198081094545079895208755200,7
tar,1995,12,0,0,0,0.,9394,0,1.000000000000,5
swfmill,2010,12,55,11,3,0.,155905,44,1.000282302821100000000000,5
openscada,2006,12,52659,70716,73,1.,120508,-18057,0.83383332713656362986404644513740014806282064459696903241945360254238648997586084281744000000,3
gvsig-desktop,2010,12,32932,5573,201,4.5,1593587,27359,1.0174680825509310223236921591553618413571837925745241478343526080604114275618509278894863489333985314823828300950403340754315206784437654040279620354754048,6
mkgmap,2006,12,5810,2597,88,1,3474,3213,13.31034483,0
dtach,2013,12,0,0,0,0,5621,0,1.000,12
memcached,2012,12,1876,445,115,1.,57606,1401,1.02492660795053921718913536083842616507808006968198435245496606249015667950640458088000000000,9
vim,2005,12,260870,188742,1478,2.,1115204,72128,1.0698578977590462285821978256662250585142424309019448604283016130030543992667003507396630065897517012309906188297999560177645224307730341888000,5
kdevelop,2011,12,125901,65640,1749,12.5,249158,28528,1.12930245207086748888955611506450030505532893496771890610851791718386583003882947997811659399923586422508134994678865771507873193024970632400,12
abiword,2006,12,55935,48371,809,7.5,571383,7564,1.0136646276948607821040974388796974978887630031567225520175535703232842702607821801132219603287007142963384389186785276672413585454399242200224202880,8
icinga,2000,12,0,0,0,0.,53,0,1.00,0
quodlibet,2006,12,66778,55536,1117,3.,47795,11242,1.540662722917602688459451435477888836755972775341278952777172371031501701020621287491958267591412082959155545585886370625024508800000,2
sbcl,2008,12,12321,6532,464,5.,352450,5789,1.0166993114300736566877580276766304649241402153603084746066025087250515572062999096143609450480792284298868772749445478983197883251160157422417182720,8
DAV,2013,12,0,0,0,0,524473,0,1.000,7
aria2,2012,12,22317,10613,370,1.,114970,11704,1.11333836887676023432659291949344368998554260504088352341091056691129327273097847818616606532541281703735157111401726112208756544826743424000000,6
Foswiki,2012,12,1849543,788747,3791,10.,12706992,746537,1.0624171070417729396314497184269963135652631555403893839249945886308862062462201842654583639182822336034208553399532579527387036041897258479200000,4
mojo,2006,12,240402,177617,2047,18.5,151896,62785,1.704570703966360414005815410047205305506835381946350576762693469600305916758615882671241419377190315457192093912170374771777920000,2
otserv,2006,12,63506,61554,683,4.,62556,1952,1.033980328935978297529423617284918880429422266536745305579451201306571180812924897805040439623156692137078629597846322468036608000,4
subclipse,2005,12,91304,57716,743,3.,63899,33588,2.1081125663551415133535358157194222301584226528136739731316663830918837263098424531726911695139191597405068078639407087207155800000,2
xmobar,2012,12,1664,918,102,2.,3539,434,1.13977455716416178844303976038666072113110440943668791393021695620189829859701477369370436449610019631659910288514022200000,5
ocaml,2011,12,11334,8876,233,3.,307142,2458,1.008144682435188746927457059331523599606090544330835377445195512373990338074324573633133168459804695385758013927538764392561603451892407024461695172226362000,16
xom,2010,12,145,23,9,0.,113211,122,1.0010787963460181990856485492615814413720000000000,7
ossim,2009,12,847352,515342,1962,4.,905830,332010,1.57859607546538212540166697916147844027603502397664070947062032121109928800667815202231789360247015283144677327218604823136219911397208000,8
bison,1998,12,1701,1102,26,0.,9228,599,1.069417081936812637192085734661467688000000000,7
file,2000,12,927,539,35,0.,6302,388,1.06560703415162555035542430621559436852395632567800000000,13
lazarus,2011,12,376564,267491,4972,12.5,1420285,109073,1.083577832826984853879146352969992284314347391099220487223907143863584855057482451087949932663162644043891262709355647306485846474815432294400,11
gtk,2010,12,285661,321390,5233,31.5,592325,-76131,0.868037981256365497671624359927959725158091126034202755879207009613113207959032433481403389808835959021152773588312102430674960514233139200,13
opproject,2012,12,0,0,0,0.,129989,0,1.000000000000,5
strace,2003,12,5496,1736,152,1.,54128,3760,1.0746505717922622184122274548365374549999526025311429917471691565496715831183652530820542945876874678236402657035428561169973520706291200,4
gwt-ext,2010,12,0,0,0,0.,56107,0,1.000000000000,3
stackless,2012,12,785816,533101,6080,31.5,1863307,118643,1.0680033519386824597464678023699320455219642552591433593300952640125039480488390126929301827184000000,22
systemd,2011,12,76615,36092,1754,12.5,86874,31491,1.568604084318028811770786307056702411106685677872255872577608140049515523041941976167443651535557735552220141669584277452251946912403200,2
kaltura-ce,2010,12,18779,280,30,0.5,1225373,18499,1.015328029270,0
fife,2005,12,2978,2212,99,1.,11076,766,1.07587914809958799975150049721969656820279804487111146221308924281072840000000,1
seam,2008,12,155928,218783,2097,9.,329906,-62855,0.796440831606358162360814940735681585937101580503138453971085765897098537374098850899898416769360060370014052634974121428716111988250000,3
tortoisesvn,2013,12,3048,1317,161,3,253459,1731,1.0068764698400331042618016505008777812,10
pyopengl,2006,12,226729,85901,206,1.,336735,140828,1.71986914072477173427397691870748365195999029155628687442869598024497972678070130851411564281158073357426920779082792370664250399791731726789982720000,7
sirios,2009,12,4042,2459,44,0.,48271,1583,1.0339146456411851064696757781116488694000000000,5
mapnik,2011,12,316958,298159,1625,4.,240817,10394,1.0500650256952445287921684793689387301818566514304060356558342116178851112272714393165004680538537554150362113694366294642981191680000000000,6
amanda,2010,12,68782,55852,1060,3.,386740,12930,1.0356215029280093637906699582264665759721560385922086967572740126779808195004074664264314132811375490320671137946288951946094796178405627786240,13
pulseaudio,2008,12,466062,204397,2336,3.5,164631,29920,1.222105099075687181325805167630552100406773946763907837944709289451648056898526756629985051284087256723561456534796134447912091226040458194256000,4
perl,2009,12,3720462,3129082,15839,34.5,4002135,202605,1.0533237005670787114186867912814881521684709836570169508064864062844046109259513336901203882390102160618719488796271276372945306358112515987865600,21
django-extensions,2012,12,7873,4394,192,5.5,9004,848,1.104963485579641391573440198432724029564687978826008066142379310679947699962626157952371539122998128757506795510794102177796722200,5
postgres,2004,12,110402,90159,1995,6.5,402640,20243,1.0529371307870386309584934205855766347655206007914357314728719812553904832297080292497885652508468452431179575628530222037548025331580800000,8
grub,2004,12,16785,7734,90,2.,32847,9051,1.3803580433236329841736995050868389313978100129016692187020932847287850189834197269863331443219510921813964127762166958598963200,1
erlang,2010,12,1172519,454968,3424,25.,1994072,342948,1.20770578103262424001092720060635739733221212343485548175834838249948375696072331419953049316954956145899902430938839684042764269967767552000,1
evince,2000,12,327,337,26,1.,57443,-10,0.99982582038603229491033619086769909724555465362168089818652199151851432199100000000000,1
openobex,2002,12,12491,2092,79,0.,16840,10399,2.6145008539063599817500000000000,2
openssl,2002,12,52802,25838,871,5.,221016,26964,1.13895244573131488863459400859240724015281568982126320024375828253639126322188322757567278289805093716318198665083543261718005188269375713695680,3
jbossaop,2003,12,15314,4869,172,2.,12685,10445,5.673378076235820933895939285356522911679529354177324569700114110526129389100480765719572814768802219092049920000,1
Darwin,2008,12,1721,1242,43,1.,9813,479,1.0513177630097552943991207717746363392086199418493428013318939737874486182324847872000000,3
wicketstuff,2009,12,852238,101542,1389,18.5,1673607,748777,1.80963744685454894986162818247936712516317514652568472463714928680355183647250065470115107520549421797584102336382612788509093870257792000,3
mrxvt,2013,12,0,0,0,0,32775,0,1.000,7
deadbeef,2012,12,76928,31279,387,1.5,207029,43736,1.2678375680148538947990175460334435982132876641462412274975519029132510493328858265420690357596863876764438776832154180400000,3
sound-juicer,2009,12,386,242,80,2.,10658,144,1.01369602434853320290704566131428042482036825756750073605448032071304369896549535334702469372352092351614755018610219211992320000,6
upx,2004,12,10186,6193,142,1.,12873,3993,1.44966216213586401090565922558294375779347813670671972453660118327160904353545768331041852708316922643777137017101458032486400,4
emacs,1993,12,79079,28774,3508,6.5,221149,50305,1.294449907519960801293021001540745709411373066020081076346262912095395365758628221223440907603019783261566916007974027660668537600000000,8
stendhal,2010,12,164825,114891,4524,7.,286046,49934,1.21148438029000290980634661554400213221793472809672472377002749029576970493221971041277945688625626405862670016655762224991527313408000,6
jfreechart,2010,12,160,18,6,0.,177667,142,1.0007998873398567485343846115280343324655680000000000,6
Mumble,2007,12,211050,185959,597,1.,50905,25091,1.97199194233532647871303596756772588342668798333711138514787267630724844253623894783164199567780544000000,2
foresight-linux,2007,12,26557,22603,152,4.,72876,3954,1.0778101384968967593177820602888168050149813415205823092043848622742949951475554928352007714236107647408320603967149248907729357956313619686400,2
systemtap,2010,12,77572,48605,1114,9.5,124500,17892,1.16782980639525859506694164774196031432369629773460342549147470487231897522728448193255398237831326254117008842225504130004993908377600000,5
openredalert,2013,12,0,0,0,0,35249,0,1.000,5
mutt,2008,12,6239,3930,283,4.5,90039,2217,1.025244244037075277216806164812255548830362419364896458183802163762415396517389060534005044012054776204460642113579933044457000609996800000,10
jboss,2009,12,523726,557142,1479,20.,688387,-33416,0.9509056076008119281857906498014474457596542062852229343799903688956060567381720565515879369947498712290257158025426936070694869697076736000,3
audacious,2012,12,18411,25253,839,3.5,175626,-6965,0.960100593476390129639860461633229649493572993580316176945417703491970440054287142764606220627844712059885233880072902976399756687777765636800000000,7
theunarchiver,2012,12,185089,134256,366,1.,446297,28844,1.0706264905642391437123176354854163756190998357704375576604638856852770071577416058033056948039664647253881856391748993928886305761587770771592960,5
exist,2011,12,631713,362929,1533,10.,906092,268784,1.4217489816945343129807191327178281253758313196338811509321110488733356203797020641218110244578498114650746944598222485243282545920000,8
lisppaste,2003,12,0,0,0,0,329,0,1.0,0
datanucleus,2013,12,38101,31311,535,1,658584,6790,1.010417401817094543791182152861659040,5
marauroa,2006,12,9225,9232,148,1.,13604,-7,0.9994466840534651488643633124959573251239436463832804253750043316550369781302421438333826897534962397163301178341451729608816386099200,3
smart,2010,12,12249,11226,190,2.,52336,1023,1.01999335509548698615964750278872497199550901231563703252764539355131326023887598393862875777538640023074665532050576081546628538410808594582572800,8
Shinken,2012,12,582812,208921,3405,14.,210168,113456,2.1731325998948088335015961044784352932596567370655024310265244330183911578397722399473131022060221677252602996909802005007271434649600,3
apache-continuum,2013,12,1376,8629,71,1,339116,-7253,0.979059904323198408070025120,8
SqueezeCenter,2008,12,182337,86770,2416,4.5,473452,95567,1.252899691736699041851742358796568054513706515607912140649703721212785019635721668820601253868832020447293406310109634532498444871804083200,5
anjuta,2006,12,114588,37597,436,3.5,273960,76991,1.3908787677179607282234578403922583968362153952825188206125237554538925148271999422451986722589766080234985973356382109331032697232424960000,5
hamcrest,2011,12,20631,15310,419,2.,26629,3164,1.134839122098588776952796258675966219857694675465935399514287624095934148815104440606671227190529239134976000,5
ilias,2005,12,169380,81100,3041,8.,731437,88280,1.137260420095426582137226816744746937747362716422561753926853711285809696421057070757615237332241442065484599755344078945205707508275200,3
joram,2007,12,48852,7801,298,2.5,130388,41051,1.45950725905652100544294615645463765064527057383905601133228208771433456519177205357778004733890712322700368601697302115612864879821755580416000,7
aegirproject,2013,12,1107,1584,87,2,20692,-477,0.9768659973837316421206399135264452,5
PyPi,2004,12,136,59,20,0.,2220,77,1.035930937932668911524432603706764561010116702987127560011510000000,2
flex,1998,12,0,0,0,0.,5028,0,1.000000000000,11
gtksharp,2002,12,114072,67606,564,4.5,67815,46466,3.6561106671903231929640251568160263110933199450854052046633317241014428113294319300388702247403788890525541611664005624810377853120000,1
aros,2007,12,594356,425086,1574,11.,3703845,169270,1.04788977458634203116261517504443333950427032507038447611775104652025898508973536380798115881399712465902492084696332067232278063823250000000000,11
poky,2012,12,111355,69849,1929,23.5,131227,41506,1.462611874551525996091453448681064183441163395566162277961712194591093541892914709483451217776264324670808160036284240305142829440000,7
openezx,2002,12,0,0,0,0.,1325,0,1.00000000,0
cairo,2007,12,45955,39525,1539,11.5,90485,2021,1.0245341426545822878875701218921512554557112172604029030675349409361368761966104693722913418291663169591196448397815719800980423796992000,5
icu4c,2004,12,155138,181562,2004,7.5,437373,-26424,0.9312644694523019593150066409340205797122532870872235403594405125204625271669187774210743503393293227140165995682793458225888741689732776438400,5
tcltk,2002,12,185060,97552,2331,11.5,675201,87508,1.148900871713091749744959980123704561756126679717742260040098682908021762744728215518242174907045205624224961269744891160300318969039564800000,4
ac3filter,2008,12,0,0,0,0.,61406,0,1.000000000000,2
coppermine,2009,12,260101,113686,2971,5.5,727395,146415,1.25201383864704448545339951898930961670605651107301832559457359417090015100202230408667006816854337786277825877864312214870131036160000000000,6
pciutils,1999,12,3203,1100,51,1.,3113,2103,3.08217821809683502432521974834212129148437188306765166747826069052263974605518956097062243249839549306173820893891596800,1
pfSense,2009,12,422048,299329,8507,11.,394799,111289,1.39253994567036441184815706783278820924687633863934996269555026771140259378913334414651543110517043448688317124977756929388283735680000,5
php-doc-translations,2001,12,422159,245042,1344,14.5,571429,177117,1.449179837349389141777291750383987660872366093986510876578350400041902783223198594248499637750843377225679680141387392392764000000000,1
davmail,2012,12,3811,1018,186,1.,36206,2793,1.08359021936993266123082201859902119161891366888725811225685589647086416311529689638047231790704804332874157864615936000000,5
PeerGuardian,2008,12,0,0,0,0.,115940,0,1.000000000000,3
html-template,2004,12,765,649,11,0.,15162,116,1.0077096902826240630904800000000000,5
opengrok,2007,12,7883,4931,188,2.5,16698,2845,1.205370677838026553216392308387467554739020020016705123288468532664355941296182435503633114956744189189974567044571673773556525070549680000,1
hgsubversion,2012,12,3090,1394,143,3.,11351,1626,1.1671979434478941360892351074167332721848564557775332884124144850467298724319789859608470877124103633266576700460626535565544000000,4
swfdec,2002,12,10643,3727,88,1.,19153,6916,1.565171202077051926406,0
cairo,2004,12,22954,8110,186,4.,42140,14844,1.543815943751667938592453494703045667426292234927955343433437359882079088362155932624853621063212505088881007526789568151292259055968000,2
mysql,2012,12,4109222,1434198,4964,41.,1423116,33196,1.023883509255081637086021094969021268293601498889581046533435130641141603847067938712176003913296712317184595385600000,12
Snowball_Stemming_Algorithms,2001,12,12185,448,82,2,11942,11737,58.253658541174997870251397028880,0
kdevelop,2004,12,230147,61737,1460,16.,437188,168410,1.6360662919868788759649276148869646852107465785062912033139663991380180575162894782147644696244885714209096206925673332874248754399232000,5
swank-clojure,2008,12,7891,6453,176,2.,1452,1009,3.27765237064617784393775152628235952490031421875000,0
docky,2009,12,88673,28326,1587,5.5,39550,37640,20.70680628095214136548357513581781249816,0
xvid,2012,12,6,4,4,0.,67797,2,1.00002950070064186831566331920000000000,10
junit,2004,12,4197,765,37,0.5,11201,3432,1.44175569568530028888130828733007938684075693820853548800000000,3
jfire,2007,12,705226,585169,4830,7.5,423454,120057,1.3957092522641963681561012073196891044375197414359511057040013001825214323866846577741515442272361140185582626166241557971161145374720,3
openobex,2008,12,3358,2327,108,0.5,10737,1021,1.105084396866082607369341262398087179892702126872335274808131400497600000000,8
scplugin,2009,12,4076,7758,106,1.,18432,-3682,0.79999999999175771569437066912826783301969651506149740018542210388678979597437401326271556113467755771596800000,5
Ace3,2010,12,4269,4441,86,1.,14947,-172,0.9883971937394891249719171127673833314938423556387366549872363835902495834333409255609935079239818784680757883568467718400000,3
flowplayer,2013,12,330,153,50,0,97569,75,1.000769278109400,7
gnome-commander,2012,12,90,38,27,0.,227895,52,1.00022822733195376498220676000000000000,11
sudo,2005,12,14777,22009,168,1.,64530,-7232,0.886346492295568904613577268913246092303613684224963549754694493713146286053913323665838543167678300802297283275971023947642879808634880000,12
anaconda,2004,12,7254,3444,819,4.,68795,3810,1.05867405867034097682595346884863894915302413028892705931709902364016507745269554861567138832407803690724026492599474096595103079696754799787955200,5
deki,2006,12,494198,143798,1598,6,406772,350400,9.983693980147109608665743876750794479002941807792224,0
kerberos,1995,12,138312,108004,2461,7.,194338,30308,1.18477107849310484236043008474956300637251939360610094152026796291923526321539372053180345282868306041182066820706043813587461863680000,8
mailman,2013,12,191,278,16,1,121801,-45,0.999630484229960768085047449434384838344,16
ilias,2010,12,300343,251993,2841,7.5,1425265,48350,1.03511473111875715958497049904103788630084821819825714538762047356903367585792486623458370152831416271247870869978686926010222357496571981824000,8
stumpwm,2011,12,681,1354,58,1.5,14692,-673,0.953383666964102282793706803852384114087299736143757435698758312540725792000000,8
sproutcore,2008,12,54902,52192,207,3.5,23530,1732,1.079456830888619017920,0
jenkins,2007,12,704894,349622,8059,8.,566377,355272,2.6829160843191295772486065880319565444504069676758720942904773336309509359797294200974407866158527875638188634258712612763420120800,3
handbrake,2012,12,82809,93430,1556,4.,395914,-10621,0.9717400327839781239939120229431500094026748009574793669465671595037836762485926186842289229705392688415918631596183771860799310121341699920400,6
wordpress-plugins,2008,12,40796,29403,872,5.,68285,11393,1.22072613141724853936759363912297580234854251082204508298614494658266708423435124182323566589916357156597767365853486780481030769564672000,3
hippositetoolkit,2011,12,69837,191539,1391,6.5,215796,-121702,0.426112625290068504366856344721665343446354181866406958324477000457870169655828259094350674348342646218507792930706011409224954465280,3
clisp,1999,12,622098,377632,1896,2.,1133416,244466,1.275005343387055106151466796894736812482334803107445099375498830117418154580869687562662644791319975013552978929084324533579051886116480000,1
nutch,2006,12,42338,33047,642,4.,120296,9291,1.08369893248610586234069090541370571611573083648335030149605492213919155590464933991612336744129439733032678751251405550406197328843558912000,4
scorched3d,2007,12,92309,55324,544,2.,285403,36985,1.1488821260897566209269367411798412014940285486505837236410190941453629695830015736254815704424015665873170939836756873372196604302842185440000,4
py2exe,2001,12,5131,2588,130,1.,4876,2543,3.61894953636427740316833780915624067699104812168954444239903323334570000080000000,0
smf,2012,12,577055,304128,3576,6.5,186361,185886,392.3389474238810940808289655114813011030236404583292525538836871868311604487941955686054936346297455695800644767449506479927542115409920,0
topshelf,2013,12,381,55,15,1,10841,326,1.031003328573245808985600,1
brasero,2009,12,164129,148895,1191,3.,110935,14224,1.14707737484995239045098904998297326902146519800683543425983583522473882897232382567389462858383559375707162960915966546349349529435699200,3
trac-hacks,2004,12,0,0,0,0,187,0,1.0,0
tiled-qt,2008,12,3675,867,75,1,4118,2699,2.9020436927058838396024642418490098762860249182283412719350224250,0
cpan-mini,2006,12,113,84,12,0.,403,29,1.0775401069522736663273534851543347000000000,1
pkgsrc,2004,12,217702,118162,14534,58.5,385454,99540,1.34814664548360851722951145042260954530490032304157101901151556169947799828915741318416170627720007470967632049441421283578602435264512000,7
rdflib,2008,12,0,0,0,0.,30800,0,1.000000000000,4
rsync,2000,12,1748,653,130,2.,17713,1095,1.06589240582414929479847688095291437031727302362904703098569760680804775476191123559442855538252549120073875673043693440000,4
evolution,2013,12,46108,37222,842,10,861884,8886,1.0104173749531558909480857156860767722,15
db4o,2006,12,1112344,817932,3215,7.,551326,294412,2.145955456045201064304413661570803058369307635543235130462720614802736986019555068322936043189055955502618515246726587368013121847296,1
mandriva-linux,2013,12,0,0,0,0,1160446,0,1.000,14
google-guice,2010,12,4660282,4208562,730,3.,878036,451720,2.059589600165274431234107721285607711224314674856500603110281957142027667489894787065722246514383949236532879590828325085497600000,4
auctex,1995,12,4858,3331,43,0.5,11546,1527,1.152410420207640958611548370507334259682191229843599354058078736736256000000,4
n2cms,2008,12,813671,575004,2254,1.,336594,238667,3.55272474431814525246913794092201217382628454781984374035014049206307788094134921769658792289483419907980845354208028703174400000000,2
commons-io,2008,12,5808,1929,140,1.,19549,3879,1.24754307594790935238359497835576596753255768923619123255602624805587620131339919660666000000000,1
diffutils,1997,12,0,0,0,0.,6927,0,1.000000000000,5
docutils,2010,12,16090,10804,168,3.,46066,5286,1.12962236390701847113091990277899722399692827902485625955608320022472549984862265122892630590097250374894514717008005938101622694695360554216884510,8
lucene,2005,12,106172,79964,1048,5.,171259,26208,1.180681277616358779167036486901599148495363912664496986619507653820959125000929188865898622344022885851047571092004595229417651220672860160,5
compiz,2008,12,326915,300666,3185,10.5,146840,-586,0.9956525609829948689525497978126899011623672758882723278853178582505502016876094371340766779439353684372160688637703326340517396281771652608000,2
upx,2009,12,38211,25740,116,1.,119831,7834,1.069948302182736579234480116878409727111872948347164383690650068504002332160946960000000,9
ffdshow,2007,12,395621,270790,1210,6.5,1280029,124831,1.108060263272792894612170073373300756787668119135875991602000694428239159824446390807638445982873929798120684566778610413193746606346931609600000,5
derby,2010,12,61644,20688,605,8.,691902,40956,1.062917661377287343302252553771273207969871151199681644011910694979479432923590371856894566144531315104224731151336516176858431171421184000000000,5
commons-pool,2010,12,19206,19989,201,1.,13224,-783,0.937410071982219575504232407719753750028313793433044685167352974028084236781451929402223461393801109787200000,2
jcal,2007,12,760,95854,26,0.5,96724,-95094,0.0165877267498997039507707064053924908336849600000,0
screen,2012,12,263,195,9,0.,43231,68,1.0015754233949776521139072347307247952372057131634995000000000,6
agavi,2005,12,6454,3173,167,3,9611,3281,1.518325434394178964012251561308835535114903376941543358877421750716668774872992256,0
proftpd,2011,12,104134,36417,776,1.,436710,67717,1.183518386523449595875185761219580231196500583812509157150787328402505245333784496698805072663620467709842274769546172591034066980578664000,13
mapfish,2010,12,2671,1415,40,1.5,155026,1256,1.00818427654459911136576097129227985488073345482248442406402591146156314878188308504278026610294482831123981817635886400000,3
autoconf,2003,12,7395,4874,230,3.5,34930,2521,1.077787034464017372247584487634712799397608822032515202274986861598866016339047305917655757449134692897860449577078439413105481523200,11
vip,2012,12,32,0,2,0.,1200,16,1.01351351351000000000,7
ntpd,1998,12,0,0,0,0.,133,0,1.000000000000,3
pcb,2008,12,10642,25404,234,2.,100558,-14762,0.871990981621848797296515227214670306313823272024528966341544914873279805566873507350805644491346959085740644771135636046971147084320000,5
eiffelstudio,1995,12,132652,48556,1951,2.,347282,84096,1.31953067414105401476388657370643870405633888733310813423867275748225069190036900163080884172745764271744052149519172181725480690064000000,2
bibdesk,2011,12,19731,28047,294,1.,549653,-8316,0.984805935839956047212372492777719002389799424820929708936496401463480396096512416515329200810060779019558579680590806513702580699198351576074078651924000000,9
wxperl,2003,12,9545,4744,350,1.,38953,4801,1.140577418600651691100651517175688042474817090855280223124111203570849495245635936436162651144397511440391837751470002196633714096902224000000,2
poe,2005,12,4188,2764,129,2.,26141,1424,1.05761216976091274675748101408448846817862668486169865865496962297328143498866032085954632839294225475141424474013660382244873733229624808172800,7
perl,2013,12,51234,42016,696,27,4559636,6705,1.001472677710244068698929518191540543600,25
SubtextProject,2007,12,88251,27219,854,4.,494729,61032,1.14080484299344016661146666033475634768997323773035513620664215585229119424352224900317776523592984236661427303017108813066028316544258230656000,2
fusionforge,2012,12,121964,97054,2976,6.,519161,21908,1.044058054949055266626464928416151534806595136037719329528631873955814572915863446584898914729656755081291151182720687723329879552000,11
googletest,2008,12,14061,1293,58,2,27856,12768,1.846235418846068555168548283273412272982724725597108000,0
sling,2012,12,44549,23411,885,5,207602,21138,1.113362364853510051730678954184966384788630075271048317817606254033887663444026738263297078526750294115987811077931728820232000000,5
fvwm,2010,12,283,172,51,1.,251688,111,1.000441225573629972622706465831430038115732797954505058349458286789535986646441780742900042958820229933785616992611589502293600000,12
vip,2010,12,8,1,4,0.,1175,7,1.00599315068503084755147240000000000,5
iolanguage,2011,12,315948,87090,251,3.,308493,110091,1.68478605683701835694369288881575361187990012150221527319418161376906384495005927838972776897863826050800000,4
tuxracer,2002,12,0,0,0,0.,27025,0,1.000000000000,2
CEGUI,2013,12,1500,303,48,1,165554,361,1.0021853226222705809745776090,9
cassandra,2010,12,184454,125822,1883,4.5,101179,54387,2.16231407082210449030549439513793845065897944327674507280153016287416263692136265682515855109739272951140898439581942002343342080000,1
openafs,2009,12,95853,374470,1333,13.,1182486,-278617,0.763666992664157238491191302441064539059634663078339850327219309552843790505406939765804138465953426972267367833550205829349556451554852216125440,9
wordpress-plugins,2010,12,69769,36962,1861,7.5,125518,32807,1.3538630798515951630719377583360096643404641530363852922288773964705171422874596148524864193581984997568703711174239003888221823836160,5
setuptools,2013,12,0,0,0,0,10600,0,1.000,9
Shinken,2013,12,3511,3817,167,8,210530,-553,0.9973687716494315109034856811014515938,4
geeklog,2001,12,29537,17320,509,1.5,20793,12217,2.42455690301486614395684279693453080250138,0
cpio,2000,12,0,0,0,0.,6616,0,1.000000000000,6
latex,1998,12,537,258,14,0.,1309,279,1.2708737864112786124300000000000,1
jamin,2005,12,7172,4687,43,1.,43305,2485,1.06087702106100463365476448455465674571181264762474383270771250770850518664586560000000,2
synaptic,2003,12,88512,50108,1146,1.,97016,38404,1.7589423343716841300345657239786979295195158539389210082601743486359845251839478510667048442076433473192591360,0
gnuplot,1999,12,86001,70535,846,1.,70229,15466,1.2887494865879322018692902529514903547342585254255018073132385182602864115375247952414921158244688425215969363425358369906535003688819200,1
jython,2004,12,3638,718,23,0.,147800,110,1.000744803304200000000000,6
filezilla,2009,12,24322,15027,594,1.,243006,9295,1.03977134152758559688517698240188011863686355871684179038720069490578974538353351990777471712176340761651019609637094334441967515057390269646650840,8
gnulib,1993,12,1399,795,83,1.5,10935,604,1.05846481463066777849141709421671670064965869773318196896315983110332231865025684720356130002676680543764827359461872656000,1
derby,2012,12,35722,24469,572,6.,725042,11253,1.01576516309326622920087686511713643480449290781734522060692872314480058478116958593896160352754363472741358174118680769463942989267609403416064000000,7
Intellij-IDEA,2009,12,2282904,1550936,10265,27.5,1622069,538271,1.49665251276131501011778310211240175198813263710775986160908435609303646689250828972915844268949037252988145348138612498439535751186944000,4
mypaint,2005,12,6003,3474,160,1.,3375,2529,3.98936170213520403056532482857186849385482827583422331874692846111798441890674388112928251627929600000,1
perlcritic,2012,12,580,516,32,1.,44007,64,1.001456432196199288564796688979160987353444274531437117271214391230000000000,3
bugzilla,2008,12,58995,44092,843,5.,69063,14903,1.2751661742454400575380624340590707744555148454456163771193612023939676479039957995329797616946363321117898373555788783877627341518457851200000,10
systemd,2010,12,103914,48982,2249,11.,55383,53561,30.3968166868725136303098293879508706287626926736152975074538616727982864074644128941882500782143072704012006661711322391381606400,1
wicd,2012,12,6216,3430,167,1.,26264,2531,1.106644756247366290615104540209774524845502083417398318384011126564487015002644383935655511267103942920000000000,5
grisbi,2006,12,68625,59720,706,2.5,173995,8905,1.0541693026411686293964622195000685117964173623517771290245565321069915733978132801095489654262830216672658664329871360000,4
haiku,2008,12,1124320,640231,6522,16.5,6797215,484089,1.07667976213160678808334779317066426042983378464231529292253203537839442317602855169931319103640258429792997382557343097323764605544475828723200,6
selenium,2011,12,811160,804032,4417,17.,362171,7128,1.0200764414492950307268731214050244783236767097180796505243729838260400030497650042883511242198618998847665631155956709302817754008696993000,1
gnugo,2003,12,22495,14308,393,3.,76749,8187,1.119410168885956911922848878034262736543070531426241733496399937109481107222782900335990176748622349718816236260642479673018962642695616000,2
commons-configuration,2008,12,135691,75803,442,2.,125034,59888,1.91928898166828389229634854565762969280475108618126126490118396557113259408849562521860410864519131792266882970904575821170022400,4
geexbox,2009,12,61431,10545,1596,5.,124402,50587,1.68532141163706748112351602941913400048539246810111751808363159628937852669403492743289198452094001264908952805725322851305017752963930481254809600,6
iterm2,2012,12,48565,162537,419,3.,158557,-126357,0.556508279682947134656897734171081198056009022590860776355643003358126168063910646681302714729875188773156227242459115244083603953295473440000000,2
cdrdao,2004,12,5878,12083,66,0.5,56342,-6205,0.889869014279329387056448586323012421572385332068233224765417079837309589000000,4
autohotkey,2011,12,0,0,0,0.,60586,0,1.000000000000,8
gwt-ext,2011,12,0,0,0,0.,56107,0,1.000000000000,4
buzztard,2009,12,39660,9762,567,1.,147803,29898,1.25357703239753907939982966037217084490732970708665650450099480162365311082103720674250288267586596163044426435239840658600969574313115525120000,7
libcurl,2008,12,35908,18797,1250,5.,88946,17111,1.24085752089853007489469468343056818532328282000918038614676684724260812545244275688980178402798829585333556465981165460721970609093480200,8
valgrind,2008,12,84946,37313,1020,3.,333754,47633,1.1664785178180452556497305577300665175233344562454110595945208855778401919200243227265073539050614007251978934733571005526423791001249909171200,6
fso,2012,12,34775,21553,317,1,216675,13222,1.06498798243450904479645234231505003915222825791577053185237208470951395298887574125424747205603020138996933684000,4
flotr,2008,12,10996,7966,82,1.,14162,3030,1.272188285943479177592434494179488793189677824000000000000,0
strace,2000,12,10990,4574,47,1.,40646,6416,1.187437919951080832632947203519552272826962376065865476179092814508043429903834779987506414694470024102912000000,1
collectd,2013,12,5094,2264,140,3,107468,1780,1.016842025587282440603663356874967116,7
free-download-manager,2010,12,0,0,0,0.,320282,0,1.000000000000,3
template-toolkit,2001,12,47348,12127,184,1.,56078,35221,2.6886896490540003737633649709081309892406259231752567320236906676326670290997552720941574951114847929080590511270000,1
rsync,1997,12,366,164,45,0.,7944,202,1.0260914492384800489816242877348070460000000000,1
centerim,2010,12,9488,9812,101,1.,179640,-328,0.998170112582809608458653443962994636827153298293760773442847786634122620903829242159350310960430704600000000,9
YaST,2006,12,52364,23903,1264,15.5,382098,25501,1.07151209908787234431646026474219199937902641666974033628678767221247542253931195725456820977374437670263832041842165374497636872539428754592000,6
hugin,2006,12,86418,58666,407,1.,97774,27752,1.396332581162170242300552182324491122233411732857980978139393659406663181236505882669752959572305201769263033932883844447600640000,3
gnome-planner,2007,12,376,74,20,1.,89894,302,1.0033708366821574733886801009387923551831354900770658892496627322113168248992920000000,3
fontforge,2006,12,90245,107825,1041,1.5,464258,-17580,0.96192555337866943809967059454983333838750066345788818003885088428826393239567783890093736800047334477403126493609402272939505413847450000000,5
grep,1999,12,1139,768,86,1.,14268,371,1.026696409297410993111799584305353138809437260245953518393512247950027194895224809824000000,1
udev,2011,12,9511,8684,350,4.5,24331,818,1.03478926550570713310016129047577027930117934965804884022558539788219843479221356388949401328034177852530545082460636394806924800000,8
amule,2010,12,97013,98638,532,1.,206903,-1625,0.99204418050255812233948557747205446332449232637205313784638592891353662916139106183451035820021051587582356223870900409417412698783419840302720,2
strigi,2006,12,60446,40001,1133,3.,33261,20445,3.738414144238800822015343634379626008586396440803997230678089213649408607457681356800,0
satchmo,2007,12,135764,42453,729,3.5,97652,93311,22.49527758367774993544020455684071898117074446508318998244978215354865989080596033844383840122266194664000,0
inkscape,2009,12,568709,518238,1500,17.,476582,20218,1.04430235513742545402360301809885689013310501067580023685143238863329512844644648598470573298701284257154635482781995365664524104615611423824938400,3
groff,2006,12,50024,34743,166,2.,141564,15281,1.12100599447134441511601625215278783901934384373088834295053207541199599629541115047928182572635581147847479356114799815858743817960102556403200,6
migratordotnet,2008,12,198176,35869,179,1.,161511,151891,16.7890852398277359047770323618116572756733289015712481191359009185153924812855478713376918815219811174400000,1
auctex,2012,12,1858,254,47,1.,35165,1604,1.0477935699199623816243601069622130845285752319018686523675427726924594240000000,21
quilt,2009,12,6740,27,11,0.,9768,6713,3.197381342172919254994212593674816944423736934400000000,6
grisbi,2012,12,17935,11736,208,1.5,268900,6295,1.0239713638336262288217306952375582753328568083724342138649267039066927931903546689336560737903642388887130912017829046183677028146287817108566800419750,10
gitorious,2010,12,43719,22847,332,3.,252157,7905,1.032364115748370747397339236531760242602255650034605603087975453380444788088292946884961684166658295044311800863488953529378290980806094698848000,3
netsurf,2010,12,43428,28472,740,5.5,128038,14956,1.1322580074616871142755094622548725860964252260204638341157721923678679906539852212277409886315320315509002960678714088691504963182987038592000,8
apache,2002,12,672237,421334,9653,21.5,697447,250903,1.5618774409321774760478174381320295026370244100854093738503073981784340755393412101860094950894731061777931940192898523353144068758568960,6
i3_wm,2013,12,5630,1720,201,5,64727,1965,1.03130875370025691562605605579175152,4
acpi,2004,12,0,0,0,0.,14813,0,1.000000000000,2
zope,2007,12,144430,33709,1404,13.,315463,108958,1.52762887097691365177063314185750745988186319934245602713238934090774501785215721890287555860654670548024999616785244224554900200297136128000,11
nantcontrib,2013,12,32,10,2,0,34090,11,1.000322779424300,11
hibernate,2005,12,207623,87357,2519,7.5,544611,120266,1.2834156170222871340547425053819175539627643402300615277528679317535654942944151475947946245045870852925035557553395153515792723200000000,2
skype4pidgin,2010,12,4224,162,44,1.,9408,4062,1.759820426516960722390092659445116223671623644511761483108902699337707372100055780813361678919806808700174126185521520000,3
warsow,2012,12,0,0,0,0.,999,0,1.000000000000,2
libreoffice,2001,12,905873,394365,19287,69.5,67032,19059,1.39728597340041642834747636570488799042066901797003506870987231773492489595515536188666798043375764024000320719362321098461382485447691739136,1
jsdoc-toolkit,2009,12,4735,4502,41,1.,4572,233,1.0536990089825373957404458268223362047196756984056355946265118849467582083522071040000000,2
claws-mail,2009,12,6991,2826,2,0.,156120,4165,1.0274094304200000000000,8
bison,2011,12,2289,2150,97,1.,32661,77,1.002363558228738826575843253535044358102412375082773531235436555819271161255907896672334501030907061400000000,20
quilt,2003,12,1729,435,80,1,1673,1294,4.414248020407147916897102518839639080201264627852165818453402563918349014949155000000,0
john-the-ripper,2011,12,12479,7246,220,1.,27776,5233,1.232134143634411127714681674012026158604399597943967113072796174289162277142691816145660314475912298112000000,9
exim,2007,12,7221,2778,137,1.5,99621,4443,1.046680955679341350844787547005313519071873501955103609814020154578749185550670656236765489178743895296709708975160496745758717828534233522426926080000,3
go,2013,12,107153,131796,1262,55,731637,-24643,0.965200187532452454891837808185600,41
elgg,2013,12,45005,143495,797,9,171711,-17810,0.892993829580445620229674222279150,5
coreutils,2002,12,84067,25589,1083,1.,168743,58478,1.53034054323964037969409797246636514169229583996154529602798543030415873429353228455793502848901027636856452017492437397810700946082560000,10
swfobject,2013,12,0,0,0,0,2397,0,1.000,6
osm,2007,12,496713,291897,4252,23.5,291259,203394,3.5675225326548260156364130469525266149512018568709578114805609297524759586960089276234187189406969710489998236680144305527808000,3
coin3d,2004,12,376582,194915,4715,8.,2320508,181667,1.08493712248643281070260066285207714423181569036626401739705692118991912047159132272308610416230912237161330024699981421942604539129867927552000000,5
bibdesk,2007,12,65936,40479,1714,2.,116522,25457,1.2795475758840082144133707265845818261716374498566880407319394099359577795537345845804786928945374455447172431455898166498982414755399680,5
clansphere,2012,12,80951,80157,172,1.,91473,791,1.008723559123323468052262406681884878914233866935318769475726793470892072780093169382301508764457626806516237507328000000,3
stgit,2010,12,1795,714,81,1.5,18508,854,1.04837430610266806768454535137126299504175340202607196393777091715522528000000,5
infrarecorder,2009,12,20208,24400,254,2.,142685,-4192,0.9706633634923904200927443427574769883533061345024955783594886848914733889244096686374129130931200000,3
hudson,2006,12,10177,1537,134,3,24456,8640,1.5462822458,0
cpio,1996,12,18,10,3,0.,6616,8,1.00121065375300000000000,2
template-toolkit,2010,12,4,0,1,0.,32604,4,1.000122699386500000000000,10
libcaca,2010,12,3722,11526,314,1.5,77916,-7804,0.898813614299962770251758330442840893370413234010716456865558935269169021861393888539293289579220992234452086258091357243079305045076480000,7
jetty,2003,12,40889,29322,478,2.,121895,11567,1.10523873643458619551105234562888431524738340202789016521037961308177772230207093134833287681563824586112026793061749911734747862576680960,5
html5,2010,12,102118,95591,1259,1.,68704,6527,1.104974508252089821879368393153526871286606523417210012191681943261235239283592254803181587047163674687044667823412975644831289720220000,1
doxygen,2003,12,15622,9232,159,1.,161827,6390,1.0411099030476390955095962039874729862867881030159574663997306235323300870538102592148057765068275271078120366172020103709813402129028619936640000,3
kompare,2007,12,908,1103,37,1.,9109,-195,0.9785902503313592970435314217604050714958312529999304000215032582697113691000000000,2
radiant,2013,12,4218,9008,96,2,27078,-2947,0.89958087709168987271060,5
cppunit,2011,12,0,0,0,0.,104484,0,1.000000000000,11
stonesoup,2005,12,774,831,6,0,104118,-57,0.99945284377250000,0
aptitude,2003,12,0,0,0,0.,12436,0,1.000000000000,4
vagrantup,2011,12,25503,19315,652,5.,15467,5876,1.6126576999041961190778738858303539505728226095370466995719101512349894511347240235751097640500590541485242494319343777873655469670414827520,1
diffutils,1992,12,6301,1278,39,1.,5641,5023,9.1278317143505390717504777729956108568868302798137788553035264000000000,0
planeshift,2007,12,560976,74351,2121,10.,767538,486625,2.732297899826432164241636912092234529296684762112642379221379434920089900454125985155788768667374361670693069524781120746140810509516800000,6
orchard,2012,12,172183,92296,910,5.5,184473,43272,1.306456753117670514598045780868191136412009258085520151029641547474721729826075198464000000,3
template-toolkit,2002,12,19164,13816,217,1.,61427,5348,1.095367167158041034108750457431704491689528632988713248169086204962946538072785242938507487852096139537402729333389896413395918471577600,2
tcpdump,2009,12,2499,1880,96,1.5,82703,600,1.00732466581234533552071723541527644934995235294341842434551418953651734483953997947676009368235627384763865483316314377639335642444614860800,10
comix,2006,12,9738,9541,30,0.5,9198,197,1.02188645706000,0
phonegap,2011,12,786574,294059,1207,13.5,360202,315842,8.119972949873162024733910179392553916195331458316403061745059093166961010041616580804631299444063112166889091228536718458880000,3
flyspray,2006,12,202544,111666,865,2.,164531,90878,2.23423558018767124812611233663105314649862795428157512401598560031223421152998976250745248325184992657769450231445184228763451510804480,3
pcman,2012,12,37939,23459,1079,3.,56545,11523,1.25594153969010987309354581562954861229703162404161475818096102899478174082844442285878548280676924000000000,3
cairo,2009,12,109072,38881,1161,8.,184373,56311,1.4397166996856421475216653901890500282063541948836028485345195442964848640304879450693785649666623688159267353825831115690492927256183876000,7
zodb,2002,12,38150,19184,896,6.,37209,18966,2.039631639519594354204021019983531733677417179482997941173266666817815796483409492659009599886156698991730165977993075598496808960000,5
itextsharp,2012,12,26120,13980,141,2.,472604,12140,1.0263647103771489710329064651355271180252734598910451806484562137556543208152590658945067801299200000000,4
geomajas,2009,12,1521596,1413864,1850,3.5,421233,107732,2.5144724822869774106107068245209864581573105073358121809939546702308876287906499039122730653452955192282400159010714656627636254000,2
akeeba,2008,12,178401,90420,571,1,96123,87981,11.80582166474285495496587591077047724651386963912487641899664177510015093813288715428426435784930911834803588134737024000,0
acegisecurity,2005,12,85591,48883,1487,10.,107256,36708,1.5203265861120149590545244755147006407681291244640229992557878557503238416556173330761547808412335076114509329077939602471050347212800,1
forms,2007,12,3247,1844,91,1.,13502,1403,1.11595999667804388052943617735918806993476483069636072832000000000,4
synfig,2012,12,76588,56068,303,1.,1768722,15983,1.00911887052114896191709789454394881013874059290298797278735625670280181294876000000,7
FreeIPA,2009,12,70328,61698,613,4.,38078,6882,1.2206052057929736945820589971164430381815696267161877465229099923788208872167608808352725731971647330412761153053183921776183132866560,2
growl,2007,12,845884,533593,2884,5.,715931,280494,1.709124004903483845192859699082077603973312705471358353369436855709869566836951222074374707190287432878934328272254055989841282676795226816000,3
Test-More,2004,12,2392,1160,158,0.,6834,1232,1.21992145662878778160427907276606655201873165942713252960000000000,3
mako,2010,12,11016,9487,88,1.,9907,800,1.0953288846423005499666669603994507215484697004961382747295119973948036805138909073755217359787515328367545932995264000000,4
translate-toolkit,2013,12,508,686,93,2,46210,-178,0.996123693381709703301771891135150054,7
dragonplayer,2013,12,14,5,3,1,5232,9,1.001723147616268286673772000,6
libreoffice,2005,12,568416,243431,38431,16.5,1104551,53112,1.0505136294162467327199243731966181204603566753177079534755104088222429380485748616758140456736737663031890852263144867552600927980105142323200000,5
springlobby,2008,12,1649023,426664,4426,5.5,143114,113171,4.77954780759314841472948447755927614708064881059129572125030051818425553851701077280776688688672464683398000000,1
wicket,2011,12,87636,48399,1754,6.,220451,39217,1.21638875707830280698773154442541585242463717943445047895707848330414722293914930268459485507720035251975239650346523832939571603869824000,7
sdl_mixer,2005,12,932,655,21,1.,39056,277,1.007143041337576664680765008374486572442333738691950741346083279155974406392294739361760000000,6
k3b,2002,12,67458,50440,678,4.,48473,17018,1.54102686375669920680873053666454341943610531860825858860108084150027707408167842385931137607525122681635228738141583712867949084672,1
blackbox,2011,12,0,0,0,0.,31532,0,1.000000000000,10
swi-prolog,1993,12,5866,4206,105,1.,33160,1660,1.052698412693140536437313361743944671981475848708766943483209343416029967639978560424926822060842079731906191840459685271599517440000,1
winmerge,2003,12,39833,12260,716,3.,78939,27573,1.53679476699092048131067024081446857232483037204744158355062677416368417011916614706355080859889607497060261861613797054403538207769600,3
shell-fm,2008,12,8320,4242,83,1.,4179,305,1.078729994819321843043766368800886618000831025442046595370285551903545939762032260973464946224832202864130270724017978187816299200,2
htDig,2007,12,0,0,0,0.,254563,0,1.000000000000,10
dunit,2009,12,63,113,3,0.,74285,-50,0.99932691660454983194280690000000000,9
geeklog,2013,12,12289,5271,179,4,372062,6849,1.01875343977670538864042381472231500,12
libxml2,2004,12,195750,48146,896,3.5,443222,147604,1.499306537545041035718892163106030261317904561182564152609322983922408170257913615729790806868075066809641156865034806527784246885510368000,6
unknown-horizons,2009,12,37220,29043,1281,6.,16836,8177,1.944335373552137272737670230441032681571252308985194865955023039365455602921403953198059855125534049941884393531654229462398296054400,2
jpos,2011,12,33091,727,108,1.5,83493,32181,1.62716323668838551335652121745473125483835304227613702119069741200098916111744504493340841983506006261401851715056288195014181801877854400,13
telepathy-gabble,2009,12,153107,81051,3891,6.,89245,27564,1.4468799143995872371082398134787099488878713860230496518498682589193878711932580582283226578986288249535437923727075884287302412867993600,3
velocity,2007,12,12512,10571,116,2.,51178,1941,1.0394263776901671071277358095353049148729401889058318780668422064645259243379663337391424044415562066290434845157775360000,7
scribite,2011,12,244502,33424,238,2.5,212011,180221,7.2271863448361464389301530887142999321217168186414792268411723099499045919309610602012527321600000,3
Fink,2009,12,40185,17084,524,5.5,322371,23101,1.077191165165983457570590013436532347202754440002177569973439155556122349305283396515747228873803100784701285405401619593709966135586437571796916000000,8
zynaddsubfx,2010,12,13141,12069,201,1.,38185,850,1.023344593669855120454163880970898732088477079440767079221295665148514905319275253760000000,7
bash-completion,2006,12,0,0,0,0.,10,0,1.0000000000,0
cs,2000,12,222825,163748,2427,13.5,200422,59077,1.4179631398212002625995881246667154355755490199544652416227483393366260146358212596040663521462828550119332389450779479098677077440000,1
recordmydesktop,2010,12,0,0,0,0.,11071,0,1.000000000000,4
oofem,2009,12,33981,16165,234,2.,165177,16181,1.10860023087707447501145418041854444540531372545681263806729090231662753646374642931422190927638764352492827311763218413084649496000,2
gksu,2007,12,264,94,26,0.5,79305,170,1.002148227712072137211925486820640283579789576625769641801142978560000000,3
xmoto,2010,12,263961,10614,173,1.,810525,253347,1.45469670372741958449340353100298328326265881360737894306638439817913544059081717632393437135853047732848439002127510115675697338217901628160000,3
dosbox,2004,12,36714,37831,692,3.,67365,-1117,0.981953891146615028209412404779540449332391282814919149276556362343044682722157871662549930467361982781440710250913851877061110193758720,2
heidisql,2009,12,34992,26077,655,1.5,35911,8915,1.33023410871039036852980488999819638768244528387721583871623425801622778237144307992623814935174724461730262653222883922123563827200000,2
sound-juicer,2003,12,8038,3639,255,4,8108,4399,2.1860339714189810805893999432935710901425600977760431410124501551828186641875750251991702413034544,0
SqueezeCenter,2007,12,165007,115786,3333,9.,379484,49221,1.14976085001683877200125090478235808492361770603089395488172826754281815314291930201469431919753408544780341417073636622074653008547226624000,4
fontforge,2007,12,213207,113213,1056,1.5,544141,99994,1.2251371730490893785408198313932149536883934888616139503618576085646757548369498877878587355572863829420987324190750703369220229356787200000,6
totem,2012,12,14403,18275,455,4.,53506,-3872,0.9277504105101377623170654832568097697816219945032789310960484018721085568276956248007286209573693194842007530624300569629802632208314348994560,10
pfSense,2006,12,120954,48882,5144,4.,158174,72072,1.83705372702200311045365215303396144391902738556555447382178698244311287742903357092285909961110244642847952551488848478651332572736000,2
glade,2012,12,7576,5252,130,1.5,66126,2324,1.03658920586743323120195924501164707441215711229448708567524144195328719690056127746841187608033219138785423395585844295689204315075379200,11
netcat,2010,12,0,0,0,0.,14433,0,1.000000000000,8
sqlalchemy,2012,12,74755,48149,945,3.5,126453,17353,1.15905591200051496885864769856332467658373121426619098949129011983817394615582823647672912642919103971900183286272934530706884890804224000,7
erlang,2012,12,520870,412462,4106,25.5,2363152,31695,1.013594503350488962731186826790077781043905708000565229116495764845152654867910768827117252315307413295031581207506944472952366721643955002425548800,3
jquerysheet,2013,12,43459,17626,149,1,41135,25833,2.688210691906269183775560634360,3
mojo,2007,12,785198,545175,3383,20.,391919,240023,2.580179859956120215874285637243197175215596204085084320394000777304273328244402555705197269352603287708778580422750708209813258240,3
qmmp,2007,12,10041,3215,166,2.,28087,6826,1.321057335025668077814158307336951198387886258479622734904324498320,0
spe,2005,12,64266,76536,129,1,74785,-12270,0.814363738059988733818908172268813475069000,0
couchdb-python,2011,12,486,173,31,1.,3411,269,1.0856142584288096381857441164439942933123809531260638029156557405965687496997120000000,4
rdflib,2007,12,10563,6258,314,2.,30800,4305,1.16248348744768080086588692563341867740756122377362535344217731720509119400652643226781282084628483320017483537877166600271656115120,3
apache_zeta_components,2013,12,0,0,0,0,1118852,0,1.000,8
jpcsp,2009,12,32214,10760,479,3.,76328,21454,1.3909684003442009212922579123451858629631027229741221359154028882734642327711127484877962161018253476098796134017830316118390989107200,1
tomcat,2009,12,355430,230366,3732,7.,834612,125064,1.176258688632346303888330831179957771484303937609347237810156085767862332387613932508569958969574905928985084229870182657621857755886104371200,8
rvm,2013,12,10394,6506,422,7,17788,1841,1.115444911263800945241511330619775,4
MvcContrib,2012,12,266,21958,23,0.5,718037,-21692,0.969784176672387686312161969701869202850544359075793256875994970552320000000,3
kdenlive,2012,12,69259,55569,806,2.5,96846,8240,1.09299595964312434466803302361109209345912264190097969714445205265768497783322112949448624641431934934222649011735552000,4
sympy,2009,12,73863,33702,761,10.,144122,34121,1.31018808920918904238075900658235278467115169233951822497971343477472293439094251801218625009604640587075392973360229757569802928998400,2
e-texteditor,2010,12,39098,12956,338,2.,119942,9016,1.081279411497361716455543237101303444653299251963861284216301094445302740631332670197693247812509738291086400000,1
gsoap,2010,12,16830,11074,13,0,506538,5756,1.01149402334808733936793000000,0
pax-exam,2011,12,16318,18532,238,0.5,31568,-2351,0.9254384573876479325772775230071792158843096896650698667160012554658432000000,3
auctex,1993,12,4567,3263,91,1.,3107,1304,1.7232390460548643060883187564213805813511204633394551507567240041325301149760000,2
commons-logging,2013,12,13342,13804,134,2,19534,-462,0.97640208397266318846078869091559680,11
cruisecontrol,2003,12,51135,28331,275,3.5,53182,22804,2.345606892186470162053318384839050357058928077958012277457418994913254323321130880000,0
krita,2010,12,199798,1018651,4780,22.5,606553,-185958,0.6828549500772398266983876240906988432022029048945525715255816024734126566723514194310393304839860757430908036855597712916273734325065260800,12
atl,2007,12,427450,61036,567,3.,546244,366414,3.0375576933245622367087179313766291755297416637520224332132117704645210207255917893866819788910039004534138545329160150878429244398534656000,3
teeworlds,2009,12,17889,15399,169,0.,75965,2490,1.033889077921559871833388401672019298298557529000000000,2
fontconfig,2004,12,2102,488,56,1.,20041,1614,1.087588864162102092477049789678699705202872795664000000000,2
logicaldoc,2010,12,449958,235909,1689,3.,757757,214049,1.4076696727410957026974737646070218979936319603829095209389873141071537471553945195176776289447655389480806428697432425925348181666000000000,2
python-ldap,2009,12,1511,336,62,1.,7309,1175,1.191555265695245962603162834497726919735901643689917495465114164582939312901378438351758529822119456380089348800000,9
evolution,2005,12,160284,180150,3504,29.5,979402,-19866,0.9796977451429990823064923952006421350099764376931941167950517309877333217223748839474461377870507209473692112196891863281979806974328000000,7
osm,2004,12,3914,2591,26,1,58689,1323,1.02306244117,0
libcurl,2012,12,19225,11724,745,10.5,111569,7498,1.07204696793408659739609427300351994510235058166033774418252719261390702529050405533563976390294343314311625566717551678641513277804802720537600,12
openjdk,2013,12,596285,172866,991,73,5638019,204152,1.03759188884642486902554073522052055,5
thegrinder,2011,12,306303,374129,366,1.,138936,-46391,0.6647976473684104212127840816775784494936089551164418124496640119920700877177560373033074688000000,10
upx,2013,12,0,0,0,0,129039,0,1.000,13
ffmpeg,2010,12,128165,66263,5321,40.,407915,61405,1.177209892941334190355217644888634216808163177364221667304840062943527577081345656858318253396830549163471791195882564502981404987926528000,9
openkore,2003,12,2580,1575,33,2,11654,1005,1.09437505869,0
GeSHi,2009,12,15216,3674,427,1.5,67920,11542,1.2047252474358184693904940335581199838085292868568889587247677501549737747873400868021409122175230472452538474400973610879721689907200000,4
mochikit,2011,12,246,107,25,0.5,37839,103,1.0027294890820622090552087002850734749044926935962638560818498571184693541928960000000,6
restlet,2008,12,313309,255674,1806,4.,189829,57635,1.4359880176167610043759817607453547704075159013578763984279463164225384592502109636155544212270670334294572245673108472862137517430415360,3
mercurial,2006,12,68053,34241,2112,13.5,22667,12899,2.320536445526137347245849854930836968644532167444484254809698617960669432688047880784706449555635387778033569371766861709475200000,1
rpm,2002,12,331302,149979,928,2.,581888,181323,1.4526681063110073509185218441309129790017405350520807554115953921456162533956641368859070128546563670177345341718364585259251146981342873280,7
autoconf,2001,12,43739,52821,823,3.,43138,-9082,0.76442207921432170779551623313612584808190585919113790465754100751919070939888388010013104314273012302310444094008284704622767695996256256,9
zen-coding,2012,12,3554,6,9,0.,54186,3548,1.07006595837000000000,4
gnome-terminal,2003,12,12921,3956,99,4.,37859,8965,1.31044393656136952125348658221678980932799823634855408393536245223482094542274373712026246558831145351614830496278056126413082618116092691212709760000000,1
pulseaudio,2009,12,275316,108479,4142,8.,237274,72643,1.4412473956328242543348025071551314726710864638378271702156353415767796039767907894956533234124586435857040212473270690249921944873920000,5
pulseaudio,2012,12,13773,10578,653,9.5,261280,3195,1.0124734524338311285532564982393600059192879802317219322607797597664407246524144405393516766814590900883435064745024444233967915825914607206400000,8
xlib,2007,12,3270,2498,66,3.,111057,555,1.00502253352872543860128024231294946287092135162306770700318182904411171758187142328095217440431308556540112113723283200000,4
dokuwiki,2009,12,17746,9373,1234,17.5,66003,8338,1.144593774389765374796060832293456805404111355313874816717377317945004089306915586919970684174778210833984589407046288764070072535195011200,4
google-collections,2012,12,0,0,0,0.,131264,0,1.000000000000,5
mod_python,2008,12,346,355,18,0.,26036,-9,0.9996543247816925998756420305912753060000000000,8
libxslt,1999,12,0,0,0,0.,88,0,1.000000000000,2
speex,2010,12,3377,10316,2,0.,90908,-6939,0.92367008403489795232320000000000,8
apache,1997,12,41457,10362,1047,6.,57693,31095,2.1690728627998368415069354047310585726401423821011631758556463070411172329902661379123855068349467201941743732143133171097392640000,1
coreutils,1997,12,34020,18410,1006,1.,83703,15610,1.22924529688413273999159038501026975519318796516090034506730310373432295823047915144824775871391978201033080873522490251129463827776000000,5
commons-configuration,2004,12,33616,11681,349,2.5,40018,21935,2.213017751414164309471424556409649955325877078057484954259132037302003484916657266348037938953293766242072169086410590355552885140800000,0
vim,2000,12,115408,75038,251,1.,225087,40370,1.22157456808936269538845036318323745905839016953040885863056232544597232266904203726147195328813015058136439648711975512262162432000,0
bos,2011,12,564940,423604,4206,10.5,2169485,141336,1.0696871876696054150126173572517279140926691600460176788509436168900711776056154655131028739223705599478890219266299526844800042212595046235454400,7
akka,2011,12,566936,436334,3630,10.,54025,30919,2.338137280217149976325955280902019184582717288155744998103612032564523521942325208708430755586580783005593816414882541530870395904,2
ipcop,2013,12,3077,191,68,3,254838,2886,1.011454562774066985616532029253967165,12
swi-prolog,1999,12,92357,62613,554,1.,437273,29744,1.072986216937444961688525382524459477956124790019062408918992069297312052241090271873888985213436896645192476552272413935656672989349496569520000,7
makehuman,2009,12,118389,70439,704,3.5,90516,47950,11.399045759054209127943376133918985049631581967856399218823957601464184089580084838918873902610863709768648091034464522240000,1
smuxi,2005,12,8174,2598,43,1,10382,5576,2.19221723312167216917746165534031090980237851044436323600,0
ledger,2008,12,149892,124392,854,1.,53090,11866,1.2878979037292048698460881076359727119029295542538424423240679112742613998948352000000,5
e2fsprogs,2008,12,19974,9011,503,4.,112090,8115,1.0780476076073572148835110221235181489084354261693002717336668008307406185543577594045370759133372261720336285481838471729569175762226408668000,11
vserver,2010,12,538,142,53,1.,39648,396,1.010088657901732985131920056778059014379561222214680308989698398227536505775733857726353655004115292229824708369725000000,7
freshmeat_batik,2005,12,12355,2542,56,1,201053,9813,1.051312486924518165509958121654714263525197903255961130379068800,0
jna,2009,12,295197,183281,515,1.5,109981,5892,1.05660540499363721439825774009534898449913617614272856133362905516452764462101436338007146265345364746105792499533699872292593480914111561715411968000,2
qtparted,2005,12,8118,21644,39,0.,56448,-13526,0.7603812358236862913865993424687476000000000,2
RSSOwl,2011,12,196558,178160,754,0.5,189770,18398,1.10735709450924356903861924795557483959332312400000000,4
msn-pecan,2007,12,272,384,11,1,11689,-112,0.990509278875,0
kmess,2006,12,38856,16802,968,1.,122416,22054,1.219744524817674769272562959039160066462932437147729628162642061996979898131775359474822687422679269140869434273239283461930118583855635200,3
kadu,2012,12,95278,70917,2327,3.,192173,21047,1.122991246218734900285195696970673013637408759790964402795805368770423744731502887533999424055771390576824338671205054728471019520000,10
tinymce,2010,12,75586,108408,1220,3.,42032,-47499,0.4683225502685434479658768065708754658204356949073004684642453878579032407576964646115826612282033208547111768748466271410796479750000000000,4
netsnmp,1994,12,19540,66,13,1.,28437,19474,3.17271003005073431180,0
postfixadmin,2013,12,63432,8,15,1,1275220,63424,1.052338842514220448674243550,6
gnokii,2004,12,10782,3482,322,2.,157715,7300,1.0485323937093851556752366814994034548120790891424633716624014257554560742351079727510104451772797146771891273107448081946629586223266693064640000,5
mojomojo,2010,12,3367,1780,127,1.5,19177,787,1.0427949972796434877195309217827901079898120347001153999569324480513020856832798170912000000,5
googletest,2010,12,6829,4869,137,2.,39275,1960,1.052729278193777924637629255104656759900209699217039757424159829226122270819368351382684883194949675388754808855784129826170562880161831321600000,2
red5,2011,12,33193,33006,154,1.,165923,187,1.00113202978580297294286267878537465996377317642348772838386850151385529692883420464698685012735687064967832661135894012835115470903756660075469406208,5
pmwiki,2010,12,538,410,135,2.,6623,128,1.01970746728440463600666039738671474768130283755932240498983531495102400000000,6
amavisd-new,2002,12,7213,1939,218,1.,9150,5274,2.3606811146384832367395650042742038309421313002759833373503396955149406444730797723785287584116863319880000000,1
mandriva-linux,2001,12,421724,93662,4558,15.,419292,328062,5.1062157360100414512822795962866185155346928413970456849414670429182834770606975119239541873718955821803826878426498352401719200,2
dpkg,2013,12,0,0,0,0,56920,0,1.000,17
wym-editor,2010,12,5234,11916,50,1.,21837,-6707,0.692353561769937366582833541270991221114417824307225366927358138954582272000000,4
freshmeat_aspectj,2006,12,44817,11117,1041,3.,537146,33700,1.06693865876316169408151772914801832274197847125356889671789565302197045458814320779184519866909626135218384845223034602195074616502935552000000,3
perl-xml-simple,2007,12,171,61,7,0.,4350,110,1.025943396222365440074780000000000,5
sourcemage,2012,12,901,173,61,3.,86667,451,1.0052310476016033227053139385814349592141100233054798515087371685732829832063648317147653517708611503440202022551314722465819947991847319868652229700244414709440000,10
anope,2004,12,80171,50474,344,5,64456,29697,1.8543686527284962397437558586456336135617006764369504907696711499402290758389555507135467814868800,0
wiiflow,2013,12,0,0,0,0,66341,0,1.000,4
commons-collections,2004,12,35910,58836,1107,2.,161925,-22926,0.87597578587881032355458689279958451073195361877586727346107963340332458943826124769982526113787292362456017247974587012405337405818687375616000,3
PyPi,2008,12,408,77,51,1.,5554,331,1.0633735401111965096867193101672576364318271833129029474528665836878851719832991850802491583584000000,6
supybot,2013,12,0,0,0,0,30606,0,1.000,10
commons-validator,2011,12,446,520,56,1.,17348,-74,0.99572871572902741820605495118242687386175263582429846406193194773597305088000000,4
aros,2005,12,600863,307224,1039,8.,3335543,293639,1.0965313172219814789885599680177478509297092865871104404501801443430209420051877596127940684354767283738374779489717925408351349187252217340800,9
EasyCreator,2011,12,11948,11184,249,1.,143390,764,1.00538627487241371762630241561670238608986761643979094955304211139815090186282809600000000,3
zookeeper,2013,12,4334,1314,37,3,124214,3020,1.024918725353582342669158800249989536,6
railo,2009,12,41550,13518,118,2.,422670,28032,1.071032186457254321893068069777693069754689660000,0
archlinux,2011,12,55389,32536,2038,15.,73652,21344,1.40804465855780281054430894488839664575393737558671884165748507153549102303003065144308656218644578834777051125525488566121846640000000,9
eggdrop,2012,12,142,67,12,0.,304157,75,1.000246643997314362449024685038439852877607000000000,13
jbpm,2012,12,496584,302098,1010,9.5,648417,106650,1.196855843939515753507973963901907745577104444658069714050667390898321135880355005243605522497167230016803361901539508478565095055032320,4
Bombus,2005,12,11299,6719,340,1.,8799,4580,2.0855652997537878266534122932844486419460226406920306614780764518978483679842837001600,0
openchange,2011,12,40564,25723,388,2.,106916,14841,1.161459126559682738677227612434718539077160921824029900978226928896587882956449088150634527722016884540948446391245936783491005643980800,5
IrrlichtEngine,2010,12,33214,22381,265,2.,665682,10833,1.016542744969174488041107774152721723397259428475063197215481411273458440794000274552188783651416455987038419990859875323125409879820576900228712230656,4
drupal-contributions,2013,12,0,0,0,0,3354,0,1.000,8
mockito,2007,12,17388,14352,148,1,8614,3036,1.5442811043,0
joda-time,2005,12,27767,8579,348,2.,71624,19188,1.36593180258101734619170785155320869691178072170770611175102062773620514668106845465138682891426961483948647289079277085599845182423040,1
quodlibet,2011,12,10357,6781,309,2.,35385,3330,1.10388394945442614365263201735726170307390494538551888164893316963259616279768752363700577975713093724702418472107781554508865080190430593600,7
elbe,2008,12,295996,255895,947,3.,219308,40101,1.223769160795571323907353283828440543954123981861588154796440744152978660558671839764042739655513268444436641493555996736000000,2
gitg,2013,12,8218,1573,181,4,14288,3378,1.31245953195398015466910,5
ScrewTurnWiki,2012,12,98,58,5,0.,183497,40,1.000218034743800000000000,3
pekwm,2009,12,3774,2057,96,2.,30592,1717,1.059510605846242064502785270340944880982595231429222569921411373743076624906718291395114847616872000000,3
joram,2005,12,24938,10012,194,2.,83651,14926,1.217184430697909063886549873773923378161718825788032964771748564904696136520719707342487921474262190831841832790925207438912424114105947586560,5
opencsw,2007,12,41501,3649,661,6.,57963,37852,2.8821540452058203690188399307269397357818722283969794028902461153460646618621907175170031899803627268071813233918280867335507018164390400,2
vuze,2004,12,235414,113655,3551,5.,183148,121759,2.98340093496336681641087480960614944769715534808174349865154772093321238590597542224465789196262383667545613242970488057696000000,1
dom4j,2006,12,0,0,0,0.,73530,0,1.000000000000,5
openbox,2004,12,607,192,78,1.,23365,415,1.018082788671133263636740698409069469417116347607798415515671037693859943444796267091139857116546234610279249121920000,2
jabberlang,2013,12,0,0,0,0,1167,0,1.000,7
pencil-firefox,2011,12,33452,4047,50,0.,60044,29405,1.95972453404681055761670000000000,3
django-simple-captcha,2009,12,145,37,19,1.,385,108,1.389891696736001485420872345207883269209538701623868063840048048488203521070160092737827200000,1
Gears,2007,12,302283,172655,743,1,611281,129628,1.26913151166274390730658773733349242044598744825210692381939938704977027041977600,0
rsyslog,2012,12,56386,24478,1558,5.,83925,12562,1.17602959516771880411133932882605411440583110350288126230849557883617263497533708787004145959850654781554043743211497280188484905441792000,8
equinox,2001,12,92847,59915,783,10,143868,32932,1.296855844816982447628910544252349556375822058833347373030908980691386782804224,0
flourish,2012,12,59546,58573,98,1.,56106,886,1.01604491126489932054801272318499774960207822052187115199062755637710035542032000000,5
perl-xml-simple,2002,12,2350,1810,40,0.,3119,540,1.223232740840385583183360907484359128425518400000000,0
apt,2008,12,7859,3014,380,2.5,47246,1096,1.0237486457174002202449177693915143720498448652164211326410266785927786543613482025754666722650564852354227500508278332800000,5
AndroMDA,2008,12,5292,4908,104,1.5,328186,384,1.0011714388563578925439260972489307021397542268848807867047314830312622852610812000897129675080143773891729443357256376000000,5
mw3d,2008,12,279816,105600,759,2.5,299708,174216,2.3882637937147468583106577971966975919931079966789842654005754428240038740540294778022642819510785281393379963190224939670232521439539200,1
tomcat,2003,12,15871,17227,233,3.,47044,-1356,0.96391217563244368488130373323632840077685731465824295263227394753623234481498364642517524307260632593679518489427141708107359495404032000,2
sdl_mixer,1999,12,10675,6464,27,2.,31525,4211,1.15417002270239953523160,0
knockoutjs,2010,12,6422,11483,99,2,12542,-5164,0.54610178430381471386564272430322755388150214815736080,0
stonesoup,2012,12,166074,148182,4238,13.,334542,11396,1.035265793167251270227591955900123999535825521972156416087041067255441686528747584732332242004913941651015198356408474888532696207729174220288000,7
evince,2010,12,17119,16693,533,6.,76125,304,1.004225391251068340847077453096725211087544543006415251212051093410148747676271407092531116925631623477403735680376936738756323419584614400,11
iptables,2003,12,4789,852,121,3.5,25936,3937,1.178962680124271139349450862695974212786285592532804290007701791948734225205304537644427014229109743583927973401740299896032000000,3
gtk,2013,12,13273,8843,531,28,744988,4430,1.005981975752044583740812000124310896,16
kismet,2011,12,12887,6486,172,1.,75813,6401,1.0922174840140244550494359979682149211505903977274302977308955705709230641240676305232882972818642140235880159695014306654368051063227280159539200,9
yakuake,2011,12,1464,909,50,1.,5988,555,1.102153506350234925697334648258177649696635199881134845672060692174059800000000,3
freetype,1999,12,65077,8969,226,2.,125397,56108,1.8097677841552888970716324001742505313846191860769487351545166605225185434098018078812575193822612257073009792444018248759046144000,2
maxima,2002,12,87816,43348,494,4.,201150,44468,1.29128592110322863196601177294999621339857836353125599404243958370897877203423702303823922926604256748294588279456238577913166327521979478835200,2
wsf_php,2009,12,85,92,30,1.,60423,-7,0.999884054130158291883726894316431335292231473868492879020669149396524227626400640000000,2
lucene,2012,12,641493,409034,1719,12.5,414370,232459,2.277872146701341954923111464778874444986506895383295915026676288114040570341770836243665957551100979654519647014025073163289413714739200,12
pyccuracy,2013,12,0,0,0,0,14760,0,1.000,4
calligra,2011,12,4953948,5034107,10164,36.5,1485416,-3022,0.99782867518959862407552736264499629354240276777376162614057625811606842150133325250236280108143662684101421743849256167424000000,13
speex,2008,12,15206,12781,130,2.,91800,2420,1.02707540836605595232116743877853807718063753229041361834571851333231476513102629545515178208229337619364032892715630598400000000,6
dosbox,2002,12,12238,6826,503,3,40476,5412,1.1543463381233945920487418527692500032557051439833997568,0
shogun,2009,12,238513,232001,1111,4.,105974,6045,1.06049294999313986393265054563746901746067828906336076954112865058990946038501929688793439650751183774825443413789726925572360470238412800,3
magpierss,2006,12,0,0,0,0.,2259,0,1.000000000000,4
python,1998,12,104337,85746,2464,5.,331875,18591,1.0593927505708183760044226514261557867795999055822449943066681187801696616526218754388766336835940044108599147306213216944836078759849984000,8
qooxdoo,2005,12,14083,4683,419,2,35939,9400,1.35431586886992583478969962832574957668622440613932808539151588281262554636824291317448704000,0
libjpeg,2007,12,0,0,0,0.,57819,0,1.000000000000,1
vdrift,2012,12,1123,44,4,0.5,391490,1079,1.00276375409474148988393791537466527987946000,7
anjuta,2004,12,187747,150629,448,2.,206544,37118,1.2190808966369515220595224232464230005373639674964586334855238558772444702245517090492605277112334739269632000000,3
virtuawin,2000,12,163,12,5,0.,249,151,2.5408163266342890059250000,0
nautilus,1997,12,0,0,0,0,1521,0,1.00000000000,0
ctags,2005,12,201,58,11,0.,24948,143,1.00576496674045490941618092321374876576000000000,4
adodb,2005,12,0,0,0,0.,7930,0,1.000000000000,3
matplotlib,2008,12,232735,275717,2794,15.5,379488,-24658,0.934673180453314168496054843329597846513981800790419659943527673787068672054941692702376189652767892924598351651321466043556543250204804280000,5
gpodder,2007,12,12107,9602,282,1.,10089,3078,1.4390243902379654173797694466713818590105320522114847073580851426734759709546264073234843965382230782570591743813524003030915605755084800,2
sane,1999,12,87921,9105,23,0.,78979,78816,484.5337423445207864030000000000,5
cdo,2011,12,2841596,1434194,4191,5.,3514459,1405243,1.7031608243259807383553171895131415000118588946161418948758040164541723337879117453872814641578453155502001443911044756743943353909063040000,5
dtango,2007,12,328368,280526,1709,7.5,233532,47842,1.2576444614094797940289689433265917885028684287288344909859154584635126583990628308911234275291178757342100736384628262785701232800000,1
arora,2008,12,73250,36390,406,5.,45197,34333,4.16025405076856723326002399960891101620349981142214242448473653875065979438929215124060,0
sparse,2004,12,22788,11731,989,4.,19392,10103,2.08763053081926947763771566894458563991336112412754074135798150400237090522928460940043120337632909097075173074975296000,1
tor,2007,12,290798,239952,2493,10.,161265,50846,1.46048234450734975454214407960551672120939854489717532294733900364777929462022852828000320292387536026032881943416864238434420829388800,5
linux-ntfs,2010,12,46680003,22984786,56040,708.,9337821,1069896,1.129403205767564666121306257904091059992593201352317650408093879818282144798021030491532028695944210726183961914946777196135395832318350721600000,8
gerrit,2008,12,22783,12174,223,2,15483,10589,3.163669800,0
duplicity,2006,12,230,64,15,0.,9623,166,1.01755313524342491439986503948312385971987937888000000000,4
aros,2002,12,1052412,669544,3302,12.5,2473617,382868,1.2013837678642766664363946415484956560313291605141668020946039990000199573706807490595754680748596723957694524758989894327654302656000,6
tunnelblick,2012,12,18197,9662,177,1.,63360,8535,1.15567715458360882382753390652413969501457378815750976450399481582623529485481636194916389936992638215476327521509239179056654232514698237324800000,4
l2j,2013,12,4121,4532,139,6,240103,-411,0.99828662903658221190540882708773980520,5
perl,1992,12,28660,6114,294,0.,314308,22546,1.0772753134400000000000,4
libgd,2010,12,52,54,3,0.,144089,-2,0.9999861196899100000000000,4
qjackctl,2006,12,1132,370,75,1.,10567,762,1.0777154512950581662462165693316178265564141979743932590145096041852255096248435200000000,3
imagej,2009,12,142024,129886,322,1.,83989,12138,1.1689329306514516898324541686131337822066749751418758811144401055552335764828519492026766854618769314615777718583661827280813996353238220800,1
ghc,1998,12,87039,16023,418,2.5,108883,71016,2.875406026454269938179608605701773136949091290479126344929637878631678135814505384699716954021293247384714996485151479745276017629520742400,2
openssl,2007,12,28677,14046,425,4.5,306776,14631,1.05008129524989097804884766523899926307202341634076386735386751738494678502998617092116363026903763214548146747687914855322034759680323706106675200,8
psi-plus,2013,12,99000,54555,108,4,691229,44442,1.0687119561866828630364930548717391,5
jaxb,2010,12,7115,21533,274,2.,233924,-14418,0.9377786217074996602633479959955570906569721567306710598238533341278964478829177778728546056840893458121820506201944470280410155195537250028058836992000,6
fetchmail,2010,12,6324,24770,339,2.,48089,-3519,0.926319095479246713737816628296739018968023458329761124284930040899870392787487849675045670026969429668459833546026154914728947629082498276209561561081856,14
piwi,2010,12,3274,394,23,0.,40177,2880,1.07721800681491590373661829942666330835062878244876372640464637680000000,5
dovecot,2009,12,106603,71878,2131,1.5,177263,31291,1.21436302851652460112201179057583088278444138766234431228866809866297997639959506619669149237600450858560290479084434984192174446355260000,7
moonlight,2007,12,515169,339941,2907,10,176329,175228,160.153496841487898452965496717480862060664455773087881373990729062528000,0
totem,2010,12,12116,14686,583,6.,57710,-1712,0.9701383195848261742751180044169662348064072849265631373406426670461490710935061720196278745541237316765868463195498813465230216553468650560000,8
nasm,2004,12,537,584,21,0.,30777,-47,0.998472240281277117802669646336800908727349643655447707492090551520000000,2
gnome,2009,12,3244033,3030273,45369,243.,6821374,104146,1.01590091009687344594351993242590157762355174141613584492629712481566050788867309865232153996096049653970434917346821278624832465057926553600000,12
ohcount,2012,12,629,319,53,1.,36231,123,1.0034064473245676126010064813007817428707327755143616694907926785931108776735000000,4
twisted,2005,12,66367,44357,1360,12.,164146,22010,1.15485169133121083258832917084920166854275473823011912077151308927533858568677765750773728977325523535965890025705712692174629922758760448000,4
openmeetings,2010,12,640812,370652,1387,1.,1410424,270160,1.236927588702832395807819897046400453665382822297332392114002565619752412240861658650143387657100137635275921775820583168512000,3
osg,2002,12,184701,103781,1084,2.,169854,80920,1.9098882317222707026598891964944462113384593765762121422662052853191337414678570761548364172211461389066279614357705841778653921280,1
pyopengl,2005,12,63524,42214,135,1.,195630,21310,1.122246443320247267692860141906414058565274328894617279577343589699251424720987705000000,6
okular,2006,12,45070,156184,1040,7.,97032,-47101,0.511876386053176693959163312025962735782491229797768106745802309020340480440498789467570712381796546298855639387578163245782814597700000,4
urlrewrite,2009,12,5,2,5,0.,23043,3,1.000130208333300000000000,2
system-config-printer,2013,12,66,43,9,1,134522,10,1.0000743428095600,6
testng-eclipse,2010,12,778,340,20,1,24010,438,1.01858136772622036609067596184532266210296462880000000,6
nautilus,2002,12,46176,47531,895,13.5,117003,-1355,0.9884014551580219150006521573438128223865465788248495053305109869780715075694357898958654243783255981377445630079227308620070209630810688000,5
glib,2000,12,92085,28480,428,5.5,114788,63605,2.2426977705386373597620415923800327262668744119615517746303698783706779583519213599692848902444561996190815379723075524922310573920000,2
YaST,2012,12,9910,42286,393,8.5,470510,-31990,0.931483964372832347533139520752595925280713299550530922399048218778021467226238048450969686783172460154566219790319583149917400221857032081235996805228800,12
winscp,2008,12,15482,12381,47,1.,223667,3101,1.01414883424338642437074176082936210916384673606155109128993555096028899308321544448000000,5
gpodder,2013,12,1892,1396,110,5,20724,493,1.0243685433259614906722279001346360,8
struts,2005,12,41975,27492,207,1.,306445,14483,1.0502854008079164593411249200445413809420242733524093187516530421536619349242584947608869895187340156250000000,3
dia,2013,12,0,0,0,0,350820,0,1.000,16
cglib,2008,12,71,54,4,0.,13906,17,1.00122399020800000000000,6
worldforge,1998,12,0,0,0,0,139837,0,1.0,0
python-markdown,2012,12,6643,5444,138,2.,16049,1011,1.067229684795390779859033380372763968359322813574041308618850465909949013818201112899903046871300973072041938549021535295773949356576387686210851072000,6
citadel,2000,12,12440,10331,407,2.,56545,2109,1.038742743770981231416727751009560982221613099737807207468621979304517413429431777274824924936834493425393841174777769832264252534227312640,2
gmp,2009,12,34610,23421,1038,1.5,189182,8919,1.049477707569707740318362016313480414418482232606510329188740774887125783168768042615651074785304510920431378961409827275143948571761795845978572800000,13
latex,2003,12,139,4,3,0.,4188,135,1.033308660248859408189750000000000,6
gettext,2006,12,312087,287252,894,1.,542024,24835,1.04852652105790051497790460910203482184054974822482963241335312804807212768177665569189746346092024386209556350176310938095806796809490022400,6
swftools,2012,12,1643,15635,54,1.,256210,-13992,0.9453855641780506102607166951184717108372550138558047946789040590851620921286791340134637603971790204368515321285222673196862856993369814419626496000,11
struts2,2011,12,20082,16916,245,3.,303341,3166,1.0105471808114998590200404281178603662985860664331446627949146723246615545696387014274577228915319806831465199410020488507010012633386546943158749248000,5
fontforge,2008,12,113823,83232,1375,3.,598717,30591,1.056218884447030292298240372607692682505803931733840927135254199858677874411051152327761063999205402711923095862012415199587757921170400000,7
freeciv,2009,12,40035,19671,688,2.5,269159,20364,1.08185051950309735583558276381206544325150677816291417701836508467339365748354436913189497901916579250801821145904041651122705043020087062016000,11
mcrypt,2005,12,0,0,0,0.,148544,0,1.000000000000,5
freebsd-ports,2004,12,548461,368532,28500,102.,909802,179929,1.24652097009146305836848332052584878901698927469111603871583608475368531521012712602752685735181129673395231509512183634987930624627200,10
postgrey,2012,12,0,0,0,0.,2474,0,1.000000000000,8
xvid,2006,12,3902,1153,90,3.,64138,2749,1.044780009441613242390900871573182447521165907325518309792433386866957070092572431766070087827441485482193507127807181979044345215300800000,4
sapphire,2011,12,129911,71511,807,3.,128124,58400,1.83758820491454433244462404036073825459486938387226082154927576467194400893470371933794574348141409514742217601386771827240689083200,1
red5,2009,12,57576,33277,766,3.,144539,24299,1.202181654815338700865637026605578305592148518904862472613179499819695792648562935368687490172506540200615909629050380897965071323638340323177280,3
vuze,2003,12,88239,43034,1132,7,61389,45205,3.79319080587550530789901738139295896967743643124176,0
apt,2010,12,68190,29158,817,3.,53084,13473,1.340132791338856134889504191603275349647842767239403066124607607124009930360424327641193422878974696523345000,7
revelation,2011,12,15711,19984,57,1.,47632,2487,1.055423082928507481127716047619925029945687922622062593385165844273253814592098799672320000000,7
jgroups,2005,12,59716,40014,1816,2.,137884,9851,1.076941101123332823724546173876942505925827105875311440431689292476066110068299135607143492830722155925536422159681786744007064123072675840000,2
egroupware,2008,12,126575,117107,2716,5.,673526,9468,1.0142577907363032999080329182615137381937356308788973727607517244476610087042559223063082041237128540395883387421938469403979611564417861092800000,8
qpsmtpd,2005,12,7235,2280,180,2.5,5733,3046,2.1336062522631575720080600411360122888994757905699025415790592208434477108102402267954367350173506326861583360000,4
magnolia,2009,12,6755121,1138449,8066,12.,6499605,5616797,7.3624219534641333495389928961812461439230515174936447422438240304067096944218720509539419069131351061171044622019153695784512000,5
gembundler,2012,12,10874,5122,484,10.5,19349,3800,1.244388706681149246658047576221432251098608214782303831749250088136789493493056396302250349490206479423470534330483647672652732521000960000,2
ekiga,2006,12,50785,45939,651,3.,43277,4846,1.13007649983468827645337034543867768067207914080911196983212860572200071911495661329325418943989698627756558329732358448380914730637837041965568,5
caucho_resin,2005,12,174491,102401,334,2,469552,72090,1.181375829636110547096538010535946725599267768427119477549112561851115999223308387355161290448671452041600,0
kstars,2010,12,159411,156411,601,4.,93915,-230,0.9975548562652678025209142264947858954815228064979192179529478009710244332293610319866403242847080483147753859694542307321685028690207438287462400000000,9
lokalize,2009,12,18889,11627,351,3.,22180,7262,1.486794476470170055322360728565426215965212339589978736507851378724550178489099380889212151021348900953754752627946936180216845037600000,1
rubinius,2008,12,1635395,1041196,5905,19.5,1107124,496450,1.8129542113277859332390544471558088939701007986729614485042964578128431923664204408820098278912265825141134808540171349272300866438800,2
openmetaverse,2011,12,15592,12896,106,1.,230301,2696,1.0118450824883944017694718896204830190127375461325049340681753841315025475421814673146462398949707945588777315580176726970540589201042470975046272000,5
kolab,2008,12,6885,21391,416,3.,28505,-14506,0.490785270443594056478828046640226676545627299085232110136977758803261740471403533613896950508124657757212888568358347120130953785600000,6
resourcespace,2008,12,44317,28338,1277,3.5,27241,15979,2.4188421238772576087458477985724097943804518853358750784295046897471679233258300837012045759622101387840000000,0
mintty,2011,12,3115,2837,105,1.,12378,278,1.02297520661271735062111117182783319011452283904021567920581265192196013133478297443172076007224943638311407775499577916928000,2
slime,2010,12,5440,3837,351,3.,40903,1603,1.040788804071252956543085200293777925148941980448312960077377062103624095406808117562691842893135078858944074541580935261730799447939800445091840000,7
bioperl,2002,12,263420,109985,2640,18.,277841,153435,2.2333408357767605427474937771088895543783264145662236031843130246849367586327097895845256304720962203139527041225696196145533781598720,3
sitracker,2012,12,2735,2476,307,1.,119541,474,1.00398095190064284641994001726416086683450126434033420312882531739126977092338323810817823202095857920000000,6
jbossaop,2005,12,56411,154269,329,4.,200322,-97858,0.49387632664021174025165204944091736163430154096798794407977354511619687294694235455261205833071169209338265074387674852129626465664000,3
ruby,2002,12,52505,21219,1141,10.,135376,31286,1.3005668171902275158499350686880390318022133555450895794373696745186276932409601250984246233535194899775275921987997596302985071396352183360,4
compiz,2010,12,110349,92673,2188,6.,141110,7302,1.0545707282104535726447051782465779159706609413911424520740040860193048113735295681835256327932365238017694551063195857917944480408255657182600000,4
byteflow,2007,12,18675,9744,383,1.5,12047,8667,3.56420118331872579419231826156522567511500,0
openlaszlo,2010,12,53097,50202,656,4.,368130,2895,1.007931007087077816397063795005608991438791457110995126576176144666085122477097052177999026702595544730949239951798616615609448664213841365000800000000,4
clisp,2003,12,359019,293843,2542,3.,1333826,65174,1.0513726380484841347818869447311520245216257705067537690922036783940616833105005166999167266933005901336045509078828421004320392688384130400000,5
jedit,2004,12,56650,26150,389,3.,196595,30500,1.1836298503955191924112005648397012907544703481318860178126089900659613881116429258497534644089484729374888428629075021149593702241833336832000,4
deki,2008,12,849081,898565,9125,10.5,723496,-49484,0.9115752380372753933768602814931531527270752399778148806494856790751074959872772985634876262525442966224785449229312210493030400000,2
xcache,2009,12,1031,348,57,0.5,14067,683,1.0510310818855797700198058274136386954181705410021119077264560000000,3
dreamwidth,2008,12,5478,133877,56,1.,300574,-128399,0.5676757677356647945246032362269152932957700946434560562417648248449355044800,0
konversation,2003,12,17898,10057,688,2.,17415,7841,1.8189889284419832717133568502391922467164982910192418702989987958786154454368679349313651089560923408220276778986566010116736277888000,1
linux-pam,2012,12,646,305,48,1.5,113053,341,1.0030272093744147686423444828443355391925194548485691956342148747745608204473234097405595443988105337131044784719085152272550552506961993122501875000,12
adodb,2011,12,0,0,0,0.,7930,0,1.000000000000,9
php_beautifier,2008,12,539,107,6,0.,6047,432,1.07693677648835681346390000000000,3
rsync,2003,12,3668,2662,278,2.,23742,1006,1.044247009147953185762187618621350927214028499734771456092390822575577202477548666927089656190387710221717120000,7
plasma-addons,2011,12,55494,17502,502,9.,115924,24129,1.262857454139975694375993506198327221241635200026572263185551392395859603183074466258625809709196430393658264869818566976171543351701315753276006400,4
freetype,2009,12,43031,19061,347,3.,287927,23959,1.090764789676735380463554050953354690786773943293985092849923942213514410844812779151336592159025595994722514371845584922131922054451047759872000,12
launchpad,2011,12,10174634,5954250,27292,29.,631020,117290,1.2283105911624324165218579458504010828118510025334665834751512097883777692917185140566333196881127918717461972343329867002150914342400,7
openjpa,2012,12,19332,6486,263,6.,497444,12846,1.0265085699853331344887285201866651660634997485972990787488799825401922193220043139198608027155377925267894650614031887388656029610515492060045300000,6
lm-sensors,2009,12,2309,1604,152,2.,12043,705,1.0621802787112604334435477833975690403881594614112692507151738860569207567617363900734360030495846636203659464448130758697496166400,11
xine,2011,12,24541,15154,916,4.,1569272,9922,1.00636290762175331142733366525879408372128836712102997181854950504163123787613804442061255268762406707662519420191583156608210441367831947001856000,10
wxglade,2003,12,11715,5063,222,2.,20952,6652,1.46517482522876483933242645233389341657829660376392285750424442273344677328794964524631660300923651658673729488252021609851506937856000,1
mandriva-linux,2006,12,66081,33572,3049,13.5,546163,32509,1.063289685280657622910875939866169333278834691904361020631913206289553584397973810731987251227260078577702111089160792452471689658633014341620000,7
zope-cmf,2008,12,4666,2805,226,3.5,53372,1861,1.036230191178254358259820879474270497622508087251675983662545666095268189510235244960227667019101992013121240449633733646466182403704183308228689920,7
zc-buildout,2013,12,565,330,72,3,4373,141,1.03331758034299895266022222421177540,7
indefero,2012,12,12839,4949,237,1.,60003,3944,1.070354447986505438828584557752991741360000000000,4
mockito,2011,12,10113,3830,135,2.,49958,2690,1.05690953709740376071253745261143073491737562305071623009998562087687191271683515430778826329992216213983862785136520000000,4
recordmydesktop,2012,12,0,0,0,0.,11071,0,1.000000000000,6
Spark,2009,12,16256,11848,122,1.,89284,4408,1.0519345869311632383122118472628195050381226194050339157465134077604906138824398619234578305676500545895374523100216322150400,3
mathnet,2010,12,309240,310599,342,2.,279486,-1359,0.99419553235814236785496409484512163313811914904452593115351292729773764535281089003294841980629172926316235986728010689258352590848000,1
openmeetings,2007,12,69057,44807,436,2,58756,24250,1.70277632883481975548416316587678930142734135247247254427944939501485547481310850477841667790960000,0
worldforge,2011,12,96228,103346,2289,4.5,1634738,-18086,0.988684609294128611165279205115980577109553575348776297179694082356158309641214428090110590970686630987150733063849450408083044191644637975563225600,13
axis-java,2002,12,171225,91826,2744,11.,126692,79399,2.6788742518801722647650268758326908919841730404639928799152712562010630698723135156952240567222511727951844561850319122432000,1
svnkit,2011,12,186855,178484,856,2.,168935,8371,1.052134974219573240935670458407034944932267181287777652459059006320548786618433921851644109953819588830251793849111646732363131043854193600,6
annas-graph,2009,12,140780,88805,167,1.,57380,51975,15.2475328959890737196386157511957130221814927780413151348448317770902599025547054286995421692288000,1
geomajas,2011,12,355703,261003,3009,6.,345773,94700,1.377181138561295920819147962452266320830269620926736401764150437814121946146797874135267041970867364291950661381755684306018906112000,4
GraphicsMagick,2007,12,41717,39888,513,1.5,459477,-353,0.9992317335393609102155089297800606407681974499939259453116552506958753624975493984440738308557472540738462612135325346705972339293654400000,9
python-nose,2008,12,10914,5239,186,2.,41916,5026,1.136242884257926871685483083563878641321110490035696824938565730250060479485536177032910039497019867416817058074381633406163510272000,1
prism,2010,12,8409,564,64,1.,17361,7845,1.82440100880005866693024746460368834100213134058310668438190467472803889892230754779553626221752771544857600000,3
gnutls,2013,12,4611,2766,192,3,141937,1845,1.013169916910840072895745332483294976,13
gEDA,1999,12,78220,25575,269,2,109903,52645,1.919434838870954743981819396831807895753597351653315300830883353547006298415600,0
b2evolution,2007,12,98661,94186,1900,3.,102958,4475,1.045439314407345713827685848215950394235949163393101355283084557854300827071370930400657899471284568136625047228244509652188671864527667200,4
zsnes,2010,12,0,0,0,0.,116760,0,1.000000000000,9
wicketpixie,2011,12,1023,106,93,0.5,43548,629,1.0146555138745542010195829488590136225552217393762597348467935000000000,2
wine,1998,12,181668,82806,886,1.,248063,98862,1.6626094999598389830971044322357162612056589122514088123116709638817986444967776859126684862455276588961089821250563302574897822536960,5
freemind,2013,12,830,273,35,1,124031,387,1.00312995373853857649614725880063684104,2
coreutils,1995,12,19294,9027,499,1.,52096,10267,1.245451720091964230089285483786489833464540370599435359504411931845478813821153982176338452408844643630077747050188710593989575954256432738560,3
rakudo,2010,12,34084,23054,1759,12.,19817,6703,1.6130418876294391730685254771128048082209868267305371726713327679676233315935386049854013118944070255386024026768174519177812188512419840,4
quickcheck,2013,12,65,38,7,2,2725,17,1.00627769571681951795145720,7
ntp-pool,2011,12,11680,11438,260,0.5,27345,-2924,0.89307003111668191074666957046827605628310364689275381840000000,6
stateless,2012,12,0,0,0,0.,19356,0,1.000000000000,3
deluge,2012,12,11702,7436,409,3.5,84685,4255,1.052903145589594863942139942310837881872303714237014843760413739721881417128179147465255216145505448887369510174366295475615915777692818524724633600,6
jahia,2011,12,505672,499428,5172,10.,375863,6244,1.01705400526085746756410975441183386838032772878401015053519903693119447106017774400730338009290036380136931927760403276661882579972096000,2
blueman,2013,12,0,0,0,0,17639,0,1.000,5
plexus,2009,12,34274,37301,1068,5.,501393,-1643,0.99673383217195231176939948336423014254507706182739571459646391314550341568082796180269880758437203471473163202294501841021456752284579307520000000,6
cayenne,2012,12,18294,39002,408,2.5,257771,-20708,0.918024804745670826663901665832697326647438148151412955166719400657462997977724529893556908154509980172831058762105132279614368099195189565849600,5
coloane,2012,12,111432,62017,578,2.,106047,49415,1.872563215097664349767309977086113504449513382040752046416633959583991924703349673679368021902530564311567981474602505029798528000,5
bigbluebutton,2012,12,355700,95070,2750,6.5,237075,96365,1.6848482695113261598207158427580076734028918679419273617461815799516057137444568048691912042688512343246332932122592968617443814400,4
mesa,2000,12,120906,50650,895,3.5,220213,70256,1.4685076388493566481545708929413880386246574936080056870849793028073129687766613963757325408168864774687142538572519113852937901448960,1
compiere,2013,12,0,0,0,0,1083197,0,1.0,12
connectbot,2013,12,1,0,1,0,82262,1,1.0000121564289300,12
slitaz,2007,12,4748,1217,94,2,4815,3531,3.75,0
tortoisehg,2010,12,163764,124846,4435,10.,67267,30197,2.114115997637550741684733842809273070489729428548123255518022454354532376078143700827076126664685330238467794610330650434687438848,3
activemq,2009,12,583242,308994,1267,5.,1074233,274248,1.34281642776036854058010050328413283896137612657536285819442668034290272139407375243079059741449481876867467643003511505895461290285670400000,2
pidgin,2010,12,292834,375912,2088,14.5,361195,-12410,0.965616887350006393745094035715781948166756079461168216627824075567413200804588338884337041458373241033567049367931499520000,10
mesa,2002,12,47383,35140,631,3.,316412,12243,1.04034868009346607062737856468555883842824360697918179743185796262649465783095723115453266840850820583445931763464959877432712874358752169751449600,3
mythtv,2009,12,1520553,602001,3814,16.5,1981715,921160,1.8765130545625608243620242424092637765871933554523382270535550056720208199949586685396584297790851337468999379975265759746521306916112000,7
jquerymobile,2012,12,151503,108474,3478,13.5,55856,5025,1.19613583132989380930470795915484624624397596555032953543371245067921711098196067571975907196568537953398381473478381029247636593920,2
gmpc,2012,12,4889,6227,126,2.,41223,-1338,0.9685479889984991656743910691704422468768445101493088423422909987521458682830473606236667080039264945616298285752773290430371202000000,8
ratpoison,2003,12,6988,3321,132,1.,10804,3667,1.513801317079360823884457447121872603224510490146907560898560824838256240694595995004932304174734885691149930686035938009600,3
epydoc,2003,12,7117,4300,217,0.5,11349,2817,1.3301687764039750518186910671910085244608765000000000,1
pcb,2007,12,30246,23930,313,3.,115320,6316,1.05794282779074601608578377771262444975667402911542143194517762513748196022663352901259515981175630272316318110341827427745438208000,4
scalacheck,2009,12,5448,4937,74,1.,2240,331,1.173389209004162504803340769013947714506836086880332027009667265754031255089868800000,2
iodine,2008,12,1347,832,61,0.,3929,515,1.1508494434683900766377822689658440791134914648905921898400000000,2
guava-libraries,2009,12,2,2,2,1,6807,0,1.000,0
json-lib,2011,12,0,0,0,0,34204,0,1.00000000000,5
jbossaop,2010,12,5173,15048,88,1.5,665408,-9875,0.98515780819756604511990981165672288847328999405796392263151881605343031022047633302240396800000,8
foresight-linux,2005,12,25683,420,113,2,25739,25263,54.073529413603471879433765191882068017084752021913564052384642273265681581020287498816449996901223008010388432495221701200,0
padre,2009,12,498201,262866,5848,15.5,254057,235335,13.569971156477712412769871660758758255354418959303212168788557554454378361127253123615182875966013472617497589905546401365168000,1
gnome-planner,2012,12,394,314,17,1.,88888,80,1.000900819746010765533260183290343011786613028886771710485163223774349786580665568000000,8
macfuse,2012,12,0,0,0,0.,87745,0,1.000000000000,5
android,2011,12,11690481,7600428,53336,171.,12760824,2005330,1.187111440257410894011252471606730754419201014970118350851662450236506126290886504115292564210834256287584270082986609279725760070244814400,3
Macfusion,2009,12,0,0,0,0.,8499,0,1.000000000000,2
opensso,2009,12,476626,201207,2816,30.5,1745612,275419,1.187335268231427201161790358386174467933978388084151607639464660216071638155901039724096737965278246586873260036264060240829395686775073920,4
roller,2007,12,483181,338319,1041,2.,226290,144862,2.7790195007678038157027785780580837462641789331924511171538971521542502664605235026353224756167662220670796800,5
geoserver,2004,12,175256,94239,1231,2.5,120622,81017,3.40756589628146142112758687245607045899041884204575854318328935072096417735147762704322577530859547238064651520000000,2
devkitpro,2009,12,36678,23170,718,3.,200568,13508,1.072212124446926299966259562112386198442107517542386026970531010123625483719102360284186936134176543591290013673096972939172488138605872753280000,5
alsa,2013,12,167,98,20,5,302096,69,1.00022845639628786475679944395105358371908,15
freshmeat_batik,2006,12,52632,27896,217,2.,227441,24736,1.1230322352761452501134932530698235287627289601161668843030477348317987481015134467328347787376093891429285481366873036800000,1
foresight-linux,2012,12,1929,109,52,2.5,60078,1820,1.031240344678495962567887054622556688643328593212718674581019140034764343321354711163929300924503226548381500766587686016000000,7
portupgrade,2010,12,39,16,10,0.,8699,9,1.00103567318800000000000,4
lvm,2009,12,28194,13840,802,7.,88725,14354,1.1930053381013656233935951127180709171704954025117890869658175817963609657514941682271554067066674914275646376596702838865276269465861120000,8
izpack,2006,12,564501,473266,654,4.,1781687,91235,1.0545203126612453549194673988868628466840707511556638947866602944835745420540151715937678985848307172053307528170829268311948209436715501300781250,4
wesnoth,2003,12,29215,8091,381,5,33355,21124,2.727086910264518343163203923896,0
pyrocms,2010,12,5233,3906,189,3.,92350,1327,1.01457873285032808893130,1
stellarium,2013,12,13798,3988,250,6,890213,4928,1.005566568958577428373372333087648730,11
hyperic,2009,12,1951533,2005659,3488,9.,1487752,2845,1.00197652348531145120175667060625311715311688258831028060659499906144864191566864816804442308363768838452348687500624134680242835254590398704000,3
ree,2003,12,162176,45304,2140,16.5,252248,116872,1.86331402908993571765565279644127833589033482598411519961425360673647295939218976242844399926922886762409655715460191980020954880000,5
opensuse-linux,2008,12,599525,585544,6853,40.5,973183,12623,1.013335995673442519692529248094561464512393267950155571997771005468347591031922917152401434666853546268112242494831742841453799453622272000,8
portableapps,2010,12,44191,32232,831,3.,21412,11970,2.2677398857807852430339748647875470334706479629672701335157797292554375035759177642710574327860320711374448427752621734652809928800,3
automake,1999,12,6511,2896,442,1.,25442,3615,1.1656205617021287525135642197715315138487682371686235362885385860328549151861532268539435548043618458506034061312000000,7
gnulib,2008,12,48613,17357,1390,8.5,322092,31175,1.10716114906090027196324742868193231795531620256877632239878871860662141785385368593049600088128738606472178023537689103320963670357607310080,16
googleappengine,2012,12,424663,20643,88,1.,698000,404020,2.37431117767322996118715529517038477277601190315114500011739331529558038141499093691710903660662110463418767400000,3
struts1,2002,12,132377,97560,1384,7.,199442,34817,1.2114927866015262234796753690902989582785296519269790751495573392024436059534502646585568627005567235051925112022483997692451288781376000,2
chiliproject,2008,12,22814,9974,1169,2.,60941,12840,1.266938317309275347088927349659182566881966051887812587416483791671060529309049023478726171106587791963302597578135810519788225776768000,2
gnustep,2011,12,376243,328365,2485,9.,2153401,47878,1.02273924341361337277720701612956839534868727528951086006645029951311058856842052977098489750254895034208394160955664925072883918198913342402437120,7
cvblob,2010,12,2354,1254,89,1.,2584,1100,1.7412398921171869526176762538879686742933842943238383826948904419987915217017817795768862844729673525262078115840000,2
CaliburnMicro,2012,12,25151,19197,134,3,30983,4088,1.1519985127474864722560115049255650151102038689697949382158542406952674741413847414291240328640000,2
pharo,2009,12,0,0,0,0.,350139,0,1.000000000000,14
m2eclipse,2013,12,10787,10848,39,3,94858,-61,0.999357285849939566039471781778905184839,2
elgg,2011,12,130935,87150,4275,4.,157186,38620,1.3259924537386100520363194398073757708810345061629711622541409796175373881234206466947250932006103854206493910710605123214217614249466572800,3
virtuawin,2012,12,53,15,16,0.,6676,38,1.00572461584800000000000,12
cdexos,2004,12,1941,1049,22,0.,176116,892,1.00509062685519794799637860000000000,4
krdc,2012,12,588,578,22,0.,8312,10,1.0012045290301695032732374386856552934347560070000000000,7
quilt,2006,12,917,602,84,1.,2587,315,1.1386443661945026573313827438343268904083178034511032746899326676097544674737327800000000,3
tortoisegit,2012,12,538842,132401,1686,1.,620258,207863,1.5040386036932333910444579255336232192414166144877215228700268807797004193440416495336963523516737629308282393208188786529162106231150053699328,4
tunnelblick,2010,12,15221,7241,385,1.,16828,7980,1.901898734100581472176272451535225803231642438177212423930819942243868489362406794620762128773390904252800361817048000000,2
hg-git,2012,12,5947,3550,244,2.,8882,2172,1.333231052512801391410526209731669253694091928079334915924110769145912100660880070444396089481312045113619974850729200000,3
Axiom3D,2011,12,233568,170824,508,3.,292364,62744,1.2732514589685671063117090673381626238578011493726705614973298295162286545587310828378771554600278324854781728083241413381190889600814339659357184000,8
sbcl,2006,12,117711,27090,628,7.5,340604,90621,1.362508650603339070774502487538503897506455688040697953113388993996396796349427857008067235129770547707309713008385086293459218119807467520000,6
mariadb,2007,12,1591299,836243,13526,85.,1013290,39813,1.040897730509197794347428633264805713099362505432326675001039232778796859398021805927840888832000000,7
pywikipediabot,2006,12,34874,17412,1583,5.5,48670,17462,1.5595360164195847742909024610742540428791659925884830166011036034634717641383824644902843123705376829661962602137009281791825137120000,3
googletest,2009,12,17849,8534,199,1.,37171,9315,1.3343983342934946273608873724885162585416467801326807464943877919169067462615841015377196514525539638437218715584061271696279468277760000,1
git-gui,2007,12,41962,26878,1102,3.,19892,13554,3.138529504613536085804169277522104274557913905052581378067831414713047622103867898048648263321467011458491322928072448000,1
shorewall,2009,12,111117,135763,1681,1.5,1011284,-25378,0.974853698028601019718179500337935201749596403728067437052853568297916025763556690328897503030223864466555775063430272054335420100377860654646941440000,7
udig,2012,12,653838,238327,1622,8.5,475613,157555,1.4953656251265866158190661519684986967260912771739788929056837057687377238308589397589881590722353482816000,2
Riena,2009,12,93418,55903,1507,5.5,137068,37515,1.37683445000280238156751743892617053471313486798111046441865506486539047570908013421835963241870184069299450357843096212782916997120000,1
opensips,2007,12,93522,63842,1515,8.,195684,29680,1.178790872504514830766329377839189758897039931646344173462097700750774144927503651684437312918863387033482858291248435954474236520693760,2
game_0ad,2012,12,8203717,3690782,2864,13.,6597362,2257106,1.561015457412852496706641439613246518399383701466650710202102095953035445508242811206217088427546898482992126429657222137458821120000,9
hugin,2007,12,603445,576006,624,2.,128626,27439,1.28063697921083997076440211973575316401836987687556927014848895130210049092161559762509220728206967236876062973898187985849472000,4
libgcrypt,1997,12,5888,2180,40,2,20780,3708,1.2171977507,0
nuxeo,2012,12,281018,212386,3004,22,1431608,65879,1.04823724178967809815011360807464933565459144000,7
yum,2011,12,25670,8154,1232,3.5,137000,13360,1.108055645419112753710332422946528766023925109738210571238717251756105443547176950588609542628200749101890045831632021150026320841718007275520000,9
ganttproject,2004,12,33287,20734,438,3.,27319,12553,1.850128673947260152486087693254339428771468636912400556720963080730112179323090094501570298616897862936183852990099064575151223603200,1
xine,2012,12,3016,1888,258,1.5,1570142,870,1.000554397198259168645840213993702046607095786084690203700131946763566289753696780800000000,11
evince,2004,12,41322,17047,162,0.5,78157,24275,1.45052150993631227308302980330839877619705450355356901524304375336605600000000,5
func,2012,12,237,59,10,0.,25143,178,1.00712998197549256255693298936762601960000000000,5
taglib,2009,12,24276,562,111,2.,40234,23714,2.435472155186759034288763167996667378693447206536508867215441939021635961604979276798713756654706802220000000,5
perl-xml-simple,2013,12,0,0,0,0,4350,0,1.000,11
vba,2005,12,3796,2079,18,0.,119914,1717,1.014526595425509920612880000000000,3
wicketstuff,2013,12,113156,624619,117,6,1606437,-517120,0.677178105142974290281015619786991,7
mason,2011,12,6033,4316,283,1.,41070,1695,1.0430705900299063954929789027778732240642319718368964560503447530872205078258664946315021432153414524649241600000,12
gnash,2010,12,357655,367106,4072,6.,329724,-10316,0.966854095041484243522094653436626903940411400775519187943124245313691071000296671855114972538431786536313547100959153687639469803076150831488,4
poco,2011,12,98491,30994,235,0.,588198,67497,1.12962717567098030221490942159126011124726065345407205496737560000000,5
ecls,2001,12,153731,83015,253,1.,339333,70716,1.263259585199049158737555941670605577773453088061070781641304848000,0
jamin,2004,12,25082,6394,318,2.5,40820,18688,1.8443882161700029513952414129803399431094813477147010025817050788617654194989776522801031342398281320754309902768505834245174354707620146380800,1
libphobos,2012,12,80676,48665,1562,24.,242473,14565,1.0639073661309650123201151842145744190109804139187752984123032045605330820971590226989822888654435713620027426250757623484173944026274091341824000,5
sonar,2011,12,360759,353952,2269,4.,303167,6210,1.02091211858424903158315015362216001413116491130019890213734792212115288714701186789037302962387018433757544368137785877025238725148672000,1
lilypond,1996,12,172416,116520,660,1.5,130536,55896,1.74887459814694066202,0
horde,2007,12,229165,173440,9353,8.,392818,55725,1.16531046328037695486959946869644303118985555866784498828248076962110766380386577318261728743860665340530632968977520619427134121986048000,9
zenphoto,2010,12,131314,131216,3773,3.,152419,98,1.00068046103034102715339220442736390430436644628283494249096790674798394462130767425980243357739168170233582101094521577269174571070976000,3
codeblocks,2010,12,236689,151113,765,4.,590600,85576,1.172256855480617875016966181806635297250329755208334898692343280295642325590608901170184663721814258336168611717303962807051586553771204241250000,6
openobex,2011,12,756,405,42,0,12946,351,1.02786820166850120326079310838977838860905284236800000,11
wmii,2011,12,245,151,27,0.,29758,94,1.003168824163724643539315200000000000,6
aur,2005,12,3360,582,189,2.,5050,2778,2.22271126767668492279260733958893391572830437818925008244305731289156516106868889566777030454433266451245047398432768000000,1
zope,2002,12,120658,67386,3009,14.,214355,41179,1.24297979051941266780223342638439336927206223865338455964972335157393921559807022192379905380933373589013617813008857944474071859200,6
joda-time,2007,12,5524,1520,118,1.5,91369,4004,1.04583071023495966540571879561179798257555877461727742749312878717810100735708141148171961249410913493575370594822394860265898000000000,3
eggdrop,2003,12,35803,62429,570,3.,215364,-26626,0.87648387739993210119932770385483715662958290358442960897700428487121558773657410784877524030713063930921935319223001637724952422400000,4
ncmpc,2010,12,178,45,32,1.,13505,133,1.0099461561474173298434766645192412715141579209214494405488012588562123599727461152818176000000,6
rapidsvn,2006,12,34218,20672,292,1.,45589,13546,1.4481572155955363992396425811611700815574669519497948160191534840647846145514647083039833924663796665333782038985861371888526089742336000,4
ntp-pool,2012,12,18776,10176,454,1.,27583,3162,1.129478727332366370166743777972359174208893503782513654444903525192261577487206626384921009724020433528615272959362656000,7
expat,2003,12,1400,754,80,1.5,21094,646,1.03160624296316954083426907914423591233349778322514204970319268137004602835394879240400444350527564800000,6
drush,2008,12,3484,3634,268,1.,3018,-150,0.9213011543575509019414502025397340455607563392724631835934739345196270095808755785914746362944027637592146333861785302640000,2
gobo-eiffel,2013,12,0,0,0,0,1815660,0,1.000,16
ultravnc,2007,12,6984,4850,119,2,134998,2134,1.016062745571141058959714452621116291127678809075291571950818556800,0
nethack,2013,12,0,0,0,0,207455,0,1.000,28
wcv,2013,12,0,0,0,0,12276,0,1.000,6
jQuery,2008,12,21360,8542,298,3.,25405,12818,2.018352268125284797011996260934127907624487381976320900300238459670152135006064201302553857693535413798544255602379602815087552000,2
mondrian,2002,12,83982,52728,324,2.5,679650,31254,1.0482020246927891851540554725715708472214960639347637660212152496570740,0
gforge,2001,12,30987,17707,270,2.,55269,13280,1.3162733097246754715956874779064509542711725490,0
winscp,2012,12,32975,34882,19,0.5,400508,-1907,0.995067495388451737186924705539526720571089228097247072384933524269670340480000000,9
sabnzbdplus,2008,12,88238,46010,847,1.,63588,42228,3.02804725783924398575276772540372242790442376120494816106735612444860560376168755469982200894782134490601903375995659871252957211933440,1
virtualdubmod,2003,12,263585,54088,388,2.,346388,209497,2.5303927941570913202565374535340195126513096302056365992108958177217221577958816924163074339943837803114245895382939222547990688421969920,1
ace,2002,12,1263803,1063722,3551,20.,1954848,200081,1.11402140568805961883993792429618255968693653999149675869195063592230202769116865418487942247460254046054105718617398029823137878569800000,6
perl-ldap,2005,12,177,126,26,1.,9869,51,1.00519454063965430186183969662456293401363331630597274224357936829047957270600000000,5
mailman,2009,12,14804,22185,260,1.,128266,-7602,0.9401488013172082167295358972489884261063166189098999497475687583351943038081986942100817715240587506852777170984418555633880002919307140327926784000,12
recordmydesktop,2011,12,0,0,0,0.,11071,0,1.000000000000,5
vtiger,2012,12,43620,33421,7,0.,568371,10199,1.0182721455000000000000,6
xemacs,2005,12,91606,51047,732,7.,97818,40559,1.7700442368146327469819246290246299670957840250033899230263547448539039034557185452344975015099781218060708021824675128214849577896618491904,4
geronimo,2013,12,0,0,0,0,523824,0,1.000,7
mondrian,2009,12,403874,101282,608,3.,1008342,302592,1.4287523910658187508238023821731672580180808059539950868233756149504106544326258780141532511077742246372367950865828937867857405408795426816000,7
struts2,2008,12,28795,18594,410,5.,210125,10201,1.05102438926488064824184817211289469660966711780317082544310690413779722469526781724932396433786407714175755070829444514548864867651200000,2
libgdiplus,2009,12,55,30,8,0.,172947,25,1.0001445738541019411706123474253184665039340000000000,5
owa,2008,12,39817,35720,187,1.,67579,4097,1.08791090899191260600604093667586855097098710523962942230171793332196107819932757597056494220251630587996345640320000,2
doxygen,2013,12,7013,1033,19,1,228247,5980,1.026904578730726883538750,13
gendarme,2007,12,28,9,8,0.,2970,19,1.0064450474900160520928067437322980280000000000,4
mp3gain,2007,12,533,319,14,0.,24478,214,1.00881965051098250031430443321761123646332242200576000000000,5
commons-codec,2004,12,6684,3915,126,1.5,7766,2769,1.5541324795334376637188816074280391159609048022383977312826027259523280312783416841150121536863880113791931414220800000,1
totem,2002,12,10290,4092,257,4,9521,6198,2.865182064334038232053027424454021042913561153095560,0
drupal-contributions,2012,12,387,290,46,0.,3354,97,1.0297820079762532465022579554880604000000000,7
perl,1998,12,2024414,790264,15424,27.,1433418,457752,1.469168752480666937236163777226414047777427972678090792076819750401940990541976766946748099736174946518024720221471728292212444307603456000,10
sqlyog,2006,12,9489,6172,39,1,85924,3317,1.04015398211048403498146667910659396,0
antlr,2012,12,78470,57357,1104,2.,40266,499,1.01254809260972548569321149372091292964782584529647940660352269361993329476655273461783582908955570731400374357957806641479893875425280000,2
rdesktop,2002,12,3969,2434,162,1.5,11149,1535,1.1596629914717281366612802665995699617633978458650224341276878438158645635315929345529849860000000,2
alternc,2007,12,1826,1873,233,2.5,26366,-47,0.99815765747217141573971521103525206846261288661596673741609708557151910147182347814433783465583976255407392000000,4
nagvis,2012,12,7335,6194,448,1.,58526,1378,1.0241128298443938676982558783571528194589990095433651603472402500238977500183586782635643371302400415783993584257681493094833735760609280,7
bitlbee,2010,12,64444,26334,939,3.,52225,12594,1.317781534626022167328799078586333601886650659494844357525888688918848150555727799584332593860007052684500669721600000,5
magpierss,2004,12,557,537,54,1.,2102,20,1.01025115324700162930003784377078238695821047243537347280000000,2
jboss-transactions,2012,12,9702,3585,6,0.,376323,6117,1.0165232330100000000000,6
jfreechart,2013,12,428,2131,12,0,315542,-1703,0.99463190909200,9
geany-plugins,2012,12,68111,22506,462,5.,105936,25477,1.31664574509443852607309228888208031914321718357773329766176332910551602450980948225307885327986672572477440896000000,5
bitbake,2005,12,7290,4970,272,1.,10150,2320,1.296296296238948907301003417486730948346902468113682560675468749308221488176151011277852304495423661996189113138468800000,2
tao,2000,12,2170075,1844854,2806,15.5,1074570,325221,1.43400471607668718320363786397241925274551261263783697891408485654632997178034357324426748358907390951436103181604480620394313563136000,3
i18n-zh,2006,12,18429,8561,31,1,10024,9868,64.25641026,0
dtc,2003,12,2789,852,129,1,14010,1937,1.1604406527,0
dd-wrt,2006,12,59888459,36988483,5210,4.,31141519,22899976,3.77860298736596925059040931991329416331978744218895266920699208249317550170796542846671271244215864442973199155200,0
lyx,2012,12,37729,37571,1158,10.,465981,-353,0.9992349653395716147601019942478176608975205901961484193980441023241349224663177176910662317476991769027017676046380964417838790713996450035424000,13
wine,1994,12,71409,38062,73,1.,59401,33347,2.27991863057649219300954171383730586674980523681192728411764031995318136296022781121989575680870896846133619519934368994923020800000,1
ekg2,2006,12,88178,57246,1786,6.,123774,30932,1.333168178209516117279888754077476742329973252394834151407225269480279342667864756438005918477491356139880893099040193908474818000000000,3
jackson,2010,12,52780,22184,681,1.,71636,30596,1.74551656924541849878344653247083931635113355797854581873669514154415499249817744535862876801308542496021329403523577529693552640000,2
solr,2008,12,73502,27047,871,8.,103468,46455,1.81481416522329277229323237614313312458886425142571787001687473735300083634220758144443787850035973982703203516179020497386940928000,2
arbit,2009,12,39302,10534,867,2.,58038,28768,1.9828493337060676708412277026146994571785442673365317082577955482744952989893508208508822717951267658760756587331601151497648665933770752000,1
aptitude,1999,12,2897,930,120,1.,3848,1967,2.04572036149149663605,0
hedgewars,2012,12,245725,115236,2231,7.5,164002,75125,1.845269304898896241932536791842697285001738680987704225021251054176984231603050714242980766540917851603516598024173986161348601057280,7
cocoon,2003,12,1251509,543332,7587,20.,742641,708177,21.548311275659311357976122032808355501689083309424011357304179433106230025253150648712311570516860605435139316311996736000,4
vanillaforums,2012,12,20617,17899,21,0.,76815,2718,1.03668164703427649653729906900000642080000000000,6
cinepaint,2006,12,206943,94501,472,2.,823759,112442,1.1580757946236388897310423744493593409817610473369218879510443476320632867567257601125500073541305509380883539957466477306673577386400,2
turtlemine,2013,12,0,0,0,0,15230,0,1.000,1
vimperator,2008,12,70459,64026,1662,4.,17035,5398,1.463865257368415405206910561558703595517453307976755861741427039206993546639418997744391198389768349497978603187245495631978692006400,1
lirc,2011,12,0,0,0,0.,62212,0,1.000000000000,12
koha,2011,12,641302,525663,1786,24.,859963,106364,1.1629992199063748290101695721783376467662615070531219301861705261576605445990365036232230601649570322776696250324667524536853323889761883541248000,12
aptana,2007,12,71701,34537,743,1.,177117,33468,1.2329845665393958411238318183464645404777916664700673536977078565082459967518242456338350633068694007897963114600556555369408975158952276480,4
openmpi,2004,12,519228,313232,4375,10.5,210872,205996,43.2469236988261178083016608612957498548294856691386931204082579657048195224423817146180257017788392854985760569238323200000,1
gramps,2007,12,145119,124875,1367,6.5,193801,20244,1.1166417949138521106375507813310868710779130964337252635428790082107819768024731673755586274920763162925681774067715447072644134231874624000,5
libtheora,2002,12,0,0,0,0,11822,0,1.000,0
xchataqua,2004,12,21564,9667,281,2.,256355,11897,1.04866684665919274682559399399848805961133393095494774338248484658996152194066674997186444401699607089380855302696873713046092286593913873960753160192,2
gtk-gnutella,2013,12,0,0,0,0,387635,0,1.000,13
emacs,2008,12,266441,235837,6586,32.,1449423,30604,1.02157005227308965600227742377959354475836359876735563946564839194893422938569542641214491359481993779114599557801671368763933965873760942686208,23
mod_perl,2003,12,14146,4644,816,3.5,53109,9502,1.217900795717307383258497231156902433711540904164421304347009431425049272125257143463231468425617737431154770948476874581704123698624000,3
zope3,2004,12,401634,432142,2552,15.,264627,-30508,0.88271702241144004108185985466157317397384755642881227792459717106863229449409314523934296332615888681331622901374841094410275601453288000,5
Jitsi,2012,12,80322,122253,773,6.,393934,-41931,0.8880825282061579599479778390387005527606126396023857290903176666070313987977385112113488619539999395400487950394186422179510601936547040000,7
pdepend,2008,12,313774,115854,3738,1.,20963,17263,6.4526216058149675618359048031223378769777507059798978235211346925714412322172112421907200000000,0
phpmyadmin,2007,12,292723,402574,4179,2.,195974,-51845,0.7172024066530058212365889455033963401623205351221113325947340122673045489072390157201575400026362337492819349202226055059965376865927304314880,6
smw,2011,12,28330,20199,1959,7.,39441,8131,1.259693388689600795323183976149531717726339773739398369862508783080522274432713500526583026293996049692152920156090900373341645791744000000,5
psi,2008,12,71973,88961,783,4.5,313803,-17277,0.942441273595086991171714107889751971476157881924780123613840392919549154568620308541662600895044519084242308492319486948040945081121150400,1
brlcad,1985,12,17079,5562,328,1.,30061,11517,1.621364985210508212736427918861107021130889364380386176635473880681860966274955310905636421924148852744720845719134880530432000,1
jython,2013,12,64763,8636,185,4,1117786,42988,1.0399963527944963780699197562698968,15
brasero,2010,12,5934,5137,237,3.5,111844,797,1.0071843872535040660782192532228191217590459055705603005061315292328993950544125803256368790382039603399037774611408917499159552018240809212920698880000000,4
notmuch,2013,12,2396,2180,59,5,32915,211,1.006459710997088215506126379084068540,4
mobbler,2012,12,60,731,4,0.,38417,-671,0.9825337741149859670421422742884667492000000000,4
pylint,2011,12,1594,900,80,1.,19466,598,1.03182543905626401237329029370070966394960114614060540689551817046020553751693484544000000,5
python-babel,2012,12,495,212,33,0.,7008,283,1.042081784383077401700030000000000,5
file,2007,12,7660,6062,78,1.,48771,1598,1.03387531002575373869966899081700915871118897246926810704245485301001490594797039344826474041434316534223386905600000,20
libgd,2008,12,109607,21699,183,1.,142758,87908,2.602698267731450921807598921323241157311382840313462342119239804668926343808498773385040265469300355406387783447885912645241204600000,2
iproute2,2013,12,3339,1135,51,5,52289,2204,1.04400519117658644380711301777134392,9
git,2011,12,962489,362880,4006,34.5,363660,26908,1.079904499447778915454511912197359314874840110295689696726066001598332699672402535405447292275225537708032236208872555620879271232743163400000,6
gzip,2004,12,0,0,0,0.,18671,0,1.000000000000,11
ogre,2012,12,241922,142292,1107,7.,1029203,78938,1.08306945956857791126327183207878519863963614390197120637383580120451749242011501857360210304421724506956962928612702581052667714093944467594240000,10
stumpwm,2004,12,925,380,16,0.,1472,545,1.58791801514678917658553761445007680091699561327726174800000000,1
camino,2011,12,52064,31142,172,2.,203352,20907,1.11459343912213286109034963471025814944485216423544087333266243499250408568510050181449851373270783135837368605407459264234612964968601648672829499801600,9
git-gui,2013,12,2,2,1,0,28324,0,1.000,7
firefox,2013,12,2388888,1356196,9917,310,8735242,512967,1.0623874779234118052923552602028876,11
django-simple-captcha,2011,12,36,11,4,0.,533,25,1.0492125984300000,3
buzztard,2004,12,36549,7563,597,2.,30120,28986,26.56084656399813766616657097063947825599661251978223489235451866223154636157308924751482880000000,2
cs,2011,12,212710,123184,1251,6.5,2156837,89526,1.0437241150285418937553648843474744013373594107045954869773690847777788457187720206599840004684108762304517430109958007857589779077632351339380326400,12
dillo,2011,12,11530,9519,575,4.,48815,1523,1.032227347749357224139371115934254354864091756244183614995419158246025277784152126070593863173763011034967623174873661305897338245577838244664864696396800,4
cvsnt,2008,12,424409,61227,526,2.,855948,363182,1.73702731115479801402442165446580728849867469187555780834586262585111213555952824833349983870131110125165127598333995765555883230190192249446400,8
vtiger,2010,12,145489,40202,11,0.,508315,105287,1.261239913900000000000,4
xbmc,2010,12,1398172,1306095,6975,25.,9166533,90630,1.0100093190649335333792268557795247469581738038014598985143699393507532632472069928528907703033611490021405369249462910322512204786219638454810050560,7
flashrom,2013,12,468,350,15,2,32271,118,1.00366995303701505604185918418814580617,10
buildbot,2007,12,8089,4602,216,1.,27155,3235,1.135242474906666437566942480092359769584869793878421759467176219010164526066602706102624537986098252872917656513171732559674130653414538240000,2
magnolia,2010,12,7362339,1680537,8596,13.,12161315,5661710,1.871085242784316459105757558062299201446744141798298285037282139642202346390116321884454252015785918721551015462877139823376000000000,6
angularjs,2011,12,146334,49281,876,6.,120356,97053,5.16482856231353171116934166419324237034342989320280361516762195717253690433264380162618829394283643253688339585252532824894663680000,1
geomajas,2013,12,82654,68189,607,6,420516,14465,1.03562360393227361524552391519413320,6
netbsd,2003,12,1479677,944526,14709,89.,8066764,535151,1.07105396944652468249284870023826795482462229563541567197705738510194892794290705003984120174296365397923219677141881148462379508507633693312000,17
cpio,2009,12,837,655,28,0.,6735,182,1.02777353883497169058848286770545046803513696563200000000,15
bash,2010,12,0,0,0,0.,179850,0,1.000000000000,14
passwordsafe,2001,12,2179,1805,14,1,6871,374,1.05756503001,0
apache,2008,12,400862,299043,2876,15.5,1314076,101819,1.086641637754489623032292691053393469055047574690019094427279178371163955424424989561294547488206567235325431123448437701047017804917793280,12
yard,2010,12,16193,4447,551,2.,20326,6170,1.4358575868641908539875703090774621675390118523995325549721928390517667829963041666146327882479381484312536051200,3
sourcemage,2007,12,23670,15854,592,12.5,58163,350,1.0061827624621656210034098352945745726829883165584395632861035553521679782506585218442474079734969705376680274453697184021554128360855584870400,5
comix,2009,12,375,168,32,0.5,5880,207,1.0364886303525820143630333413483413700204165499600382124544000000000,3
openobex,2000,12,2097,1225,54,1.,6408,872,1.1575144508913149893992916665948960,0
config,1997,12,251,83,35,1.5,1601,168,1.117236566638810474116415957952094899039294692463297958152209819627613885465688000000,5
kid,2008,12,0,0,0,0.,8070,0,1.000000,3
Tvalue,2004,12,145991,64177,375,2.,230875,81814,1.5488625462336116770194036466731495009785155380665857179445771877085716650045770233954811373561809663114758930899181154925212349200000000,2
lilypond,1997,12,1273440,986748,6744,2.,417228,286692,3.19626769627725531123819138588055512916092076410965326064256724662745258005010232594848607546642639110538339403505094735445120000,1
gmp,2003,12,71434,40227,1158,2.,242048,31207,1.148012009054730996178566326485718024743241595030907158625888337418473600169368098362162518424678706251139451854404056879617065469133358720,7
tramp,2001,12,6006,3241,118,1.,6855,2765,1.67603911983031085006872699031144565989106577456967193316552042511275286970000362816950946784178553052446563586573069604960809367004819200000,3
websvn,2009,12,23183,11188,572,2.,48712,11995,1.326687910255561075479814446764517048673675737276523724214256360239278613853079622039111265560411665880894136856741189713920000,5
workrave,2010,12,24130,17333,287,1.,84643,215,1.00265540281384049047171835699465733335694085057882465886193430112117107383694500438548920860386494570208070627814633705160471101440000,8
geotools,2006,12,0,0,0,0.,226318,0,1.000000000000,4
yum,2007,12,45256,26208,2544,5.,62028,14248,1.298200083723135910512265635938377865433031809179618516260932565987838531442424710715985630479870435624508955510525716052438241241697662880,5
jspwiki,2009,12,193605,185211,504,3.,98024,8394,1.093651679127103895033558175816935003633154461062236707881551739402548745380093768984479833004515575373437390687212316854335315692748800000,8
JsonNET,2013,12,15896,8009,49,1,80041,7172,1.098423197790617679767316459522126,6
wrms,2008,12,17981,13796,664,1.,46177,6249,1.15650671207727368155478049422081775940212245689884057193337892567231704601463740426633430000614363150661632000,8
diffutils,2012,12,848,639,44,1.,9723,209,1.02209535891038076943184727804637039990087482414758171904000000000,20
grass_gis,2008,12,1275726,1324056,5651,10.,1206926,-48330,0.9595812439511739877608652975188695135199969054314938939433020807148510327094799102664113261304501037424783040485877378863854261980977152000,8
centerim,2008,12,13784,4580,388,3.,177752,7394,1.04340271663392865791800365895024773396222424624373154958649577536406504586882943152284305074173216332322156740709597026584153719833600000,7
cglib,2006,12,804,752,11,0.,13933,52,1.0037574969289364300508246935177710038260482480128000000000,4
mixxx,2003,12,1003651,802092,8027,2.5,1078399,201559,1.369513008933749867253371894192931107090533259389905457095717392675754437053550882484850136492991413912081672379848207131586237013504,1
ibatis,2007,12,44252,16019,98,1.,111087,28233,1.340756028705492209954340211000819234687212368131790185495399220315838375302105521631517057946026347919231360000,2
agavi,2010,12,7619,2689,96,0.5,288410,4930,1.017390997601929511330553793254962346913918063476083285619493665008667048849000000,5
mercurial,2012,12,30875,15734,1885,24.,78009,13587,1.210906212172104655705381985931176838979083102781890152140499036536375130446026498827316809089283812714492348009774530872881707398279116800,7
turbogears1,2005,12,264575,201983,1410,6,211071,62592,2.76335361698301018110500687964,0
libcurl,2007,12,22926,11320,1057,5.,71042,11606,1.19526886061228643656555925723440145430840287289876736137221928358562965849224306626300494151784961843661681466761517980016786538496000,7
powerdns,2002,12,3016,1662,118,1,27558,1354,1.05167150053,0
rvm,2011,12,28290,25271,1574,16.,17400,761,1.05644563124964798653154992706575809163219552780077154535614885042670221925936538109320093200668471243442815375400799574869035748262400,2
mysql-python,2012,12,20154,18962,66,0.,11818,812,1.07377793930191449511760000000000,13
snehasrinivas,2010,12,15,3,2,0.,47971,12,1.000250213724200000000000,7
eclipse-wtp,2006,12,1854492,1082680,6336,26.5,2887086,771812,1.4409747000552527907602388298804834388503686098937920636933434291986386741498065294439518044216910717375914547092063967679808000000000,3
maxima,2011,12,89924,45690,409,5.5,523235,48749,1.10274064988394484597735096095456130945839953751612054219241052790089766502060398980515840721310394637166222342003931953918000320445234804952985840497920,11
rockbox,2002,12,94300,47445,3024,8,54124,46855,7.4458660066241131528444707623452063296655013823550928606703657494912549588027884582389015667200,0
msmtp,2011,12,4312,34306,52,1.5,48572,-29994,0.382585426059897314206530836645340232703744627080375490093398069094368163120862234714970650102988800000,5
smslib,2009,12,12283,10517,254,1.,17750,1766,1.1106308337996566233848818205230298159954666880590011850130429351919084081174830057065364456831180348524678234587246766598848000000,1
vim,2013,12,3975,1082,128,1,1719203,2893,1.001685592929017533367637954029448554934,13
cpan,2011,12,1954,1150,128,2.,20957,425,1.0206993960614838399355450743410881356465798814219833192876539250859377230969856289106388276385776157822069420800000000,8
zend_framework,2012,12,5812699,21853000,30610,59.,4887336,-2546531,0.4778949160033559159803417750009246751931109926238660985853326567089960115802614177690404641816879381649721138455954918071400835828795057130000000,4
HtmlUnit,2005,12,16537,8896,555,2.5,37706,7641,1.2541493430892519736196860249757646691331464052963707718435457492491624190169809971186076394971674394426652177054869627928578251155616000,3
kstars,2002,12,22960,5013,256,6.,43783,17947,1.694650874779193172922184168297855982762508679212712975438885442360901448716738306569986111967323917558547053569638400000,1
phpldapadmin,2009,12,118241,95279,371,0.5,53282,22913,1.815554369128984413892481769493497897578120305575802329604893223516983564288000000,6
cmus,2011,12,7239,2232,280,2.,33680,4944,1.17204899777914007727826240853451960433120966184727581561175491522928531496424485224618861698337238229602201003832966956646400000,6
opensub,2009,12,15546,8234,59,0.,10578,7312,3.23882425000000000000,2
cvs,1996,12,49027,29494,1005,5.,73789,19533,1.36001548219776313102223607589988307599628714919465728926589608405517136023534124301811621757478777235594999203190830639728739778816000,1
kcachegrind,2012,12,1534,263,30,1.,80027,1271,1.01613845294556262144620166521536222266002158478671769187942863750255524419240352557628079749124537139200000,10
nitrogen,2009,12,1084,196,35,1.,4221,509,1.1371228448124553731599228719917577481094220800000000,3
lirc,2003,12,7149,1611,145,2.,37392,5538,1.173855716705464500530822872290968020409468291620781532120580759842418595569732390509065260494891479033377629648837795209932917647232000000,4
tinyxml,2006,12,2188,878,37,1.,5845,1310,1.28886438808473054055312349140013669390140186818311659266189094442353076296887822395819520000000,5
sphinxsearch,2005,12,9590,5049,208,1.,7716,4541,2.46059826304342387250688749025208737977464910180489166501000317266990425329796593445392952171809948755685983073988004896000,2
cgit,2009,12,6916,1558,386,3.5,14044,3316,1.309097688335496920102779718587455119303236301330146751500440168835322341536263364304160288396204984174058665216400000,2
docbook,2006,12,145589,28102,890,4.,799228,117487,1.172333774896320616934899643731614475691468051134732137780627829900670399197989398077028548020795875396883022973602066355913854642267251811600640,6
tomcat,2002,12,25253,26272,559,4.,45535,-1019,0.97359693215916198839838724145930626004094287778064292758969613603404577880463186691648445197796931669337381948060387286783670859328000000,1
gettext,2001,12,110984,32222,951,1.,119248,78762,2.945413229373829986655446419636703063874263068470147278521988191758505035602554756733200326943698166556982599466804931676730058400,1
enna,2012,12,412,467,17,0.,29778,-55,0.998152998858503729178241788823153945006000000000,4
duplicity,2008,12,3144,1784,94,1.,10815,1360,1.143839238505733505891724552587882505105616071024930446177845638334396616605157486443533121850646801459200000,6
wix,2004,12,38096,9781,67,1.,66009,28315,1.7511805592068544635250639192538993415658321236823175872101054512046103022796800,0
wiiflow,2012,12,58982,105867,52,1.,118669,-46885,0.58591666224314441766211265650623386283333683034634505857059493949764837210291410000000,3
wsdl4j,2002,12,1467,382,42,1.,9286,1085,1.132300938911322037899554088024465440029867219496695963038795593932778723701852641772045451252491283359207360000,1
pardus-linux,2005,12,40245,6592,65,1,49095,33653,4.116595665800367633632104289551535213560033879063449695384917363335686132198400,0
freshmeat_apachejakartaregexp,2009,12,6,15,1,0.,4202,-9,0.99785816278000000000000,9
itext,2006,12,13950,7854,409,3.,121015,6096,1.053046058526752106991301676171994222002273723766648600774320544234550615008353530048164130132322082508493687251260478797097572912666291694016000,5
hippo-plugin-easyforms,2013,12,205132,4052,141,5,235180,201080,6.8967741934169422964061627729236,3
wtl,2006,12,10220,5114,124,0.5,122814,5106,1.043378529928942155768358720541118856758704412444680258640000000000,2
lm-sensors,2001,12,9696,3681,212,2.,37606,6015,1.190402329783347312443097804885433412818937247956360436802316922836012375251498637994188939019322350310221590260347837177138273519192861600,3
etoile,2012,12,141113,179676,766,2.5,479093,-38563,0.925504582183805928874794081835686731726777841552565909991789829815141371478802322813046830978922099329256744781028938083319089008452075570048000,8
qemu,2007,12,170120,50934,1711,4.,313988,119186,1.6118315006384224418654972400951731037594141754607023903746094575647239674443048071017782358358978763365685431682292429155403777331200,4
clamav,2012,12,44059,33794,179,2,3760030,10211,1.0027230647664441166053619809364622509024725081637779237804236770721274540568954773130190402688000,9
udev,2008,12,34798,31708,563,4.,22216,3090,1.1615601798714971243007562018957575532552344883778636210400002121574283734109487765415676568118150249009540600230881014436950676340868300800,5
blueprintcss,2012,12,0,0,0,0.,2678,0,1.000000000000,5
subclipse,2007,12,86558,75254,592,2.,90702,11304,1.14237134436535627366666213287539447116302124145539227926501540707674776747786153898598130744590757112562727149044665353154350303433542533120,4
yamj,2010,12,22066,12354,608,3.,30833,9712,1.459826712690921625075485731551791732406819057998155371882764132851500757338700210629389366937043039131881471927010638105293472000000,2
xetex,2011,12,420,184,4,0.,1366239,236,1.000172766824100000000000,6
songbird,2007,12,1035184,742330,3647,11.5,426745,292854,3.1872567984579770120267259392142541437423207044297771902482685826064691188021150680131743093721820643804616563329177545823109120,1
commons-jexl,2006,12,5708,5221,270,2.,12016,487,1.045492760385181591073496035463577480460172986314541429738323075160058989821897775371860531200000,4
cassandra,2013,12,35197,18566,490,9,183480,12510,1.0731707317161325143092150775961776,4
yaws,2010,12,2358,1158,129,2.,39581,796,1.0205233982208372386368757100215998998185481897462774936760620430457467611084951481746773130271034071459412008454888895852869253909648122565163745280,8
xiphos,2003,12,117812,82827,397,1.,242961,34985,1.1682165249350428328024123450224435833664306282344497090916965935253914707962351678261674812327303920023537677489988879122729166282096905216000,3
pida,2012,12,988,1042,6,0.,60088,-54,0.999101318066800000000000,5
semantic-forms,2010,12,18340,14832,812,4.,18739,3508,1.23031974263300540318767582192967753282865131804786380746940431601878895627664772857606699349089678453998932184589940598427900041816324110873600,3
yaf,2013,12,878002,428034,94,2,831339,206280,1.35283854741177288496803573803864640,10
p4155,2006,12,5954,950,9,1,57279,5004,1.09572453372,0
subversive,2007,12,17476,14777,154,1.5,76750,2699,1.03644785350350369891372,0
statusnet,2012,12,5916,759,437,2.,228910,2302,1.0101585116152584682468914345184043054350724338703424576076363186294529643035599577612381735824963224023056918999736934491092473690812394439829760000,4
zsh,2001,12,7196,5351,378,6.,78072,1845,1.02424377808320640184246543852244597954651197371366720757612963557819677962002561230368649214732294766284849940124063225472742523173799574530000,2
htmlpurifier,2012,12,354,216,58,1.,35127,138,1.00394409671600320922519251734457634386711830943240549823055069194811410672499038513072997981340458000000000,6
punbb,2012,12,0,0,0,0.,30200,0,1.000000000000,4
xournal,2007,12,2660,602,22,0.,17921,2058,1.12973586332595901975461112070320000000000,1
exist,2003,12,133524,69455,367,2,137779,64069,1.8692036359022829905239228839325514944894367592710533883603267835230594344337210847020382336176748886367126258744441241600,0
metro,2008,12,371827,96968,1027,9.5,503574,274859,2.20175327396712154192509281348226461768965960506756005353560764968420721839266699300454121931098017442160087168409401134155176000000,2
calibre,2008,12,270081,55544,1765,2.,135347,103433,4.24099141437972072634947948442591923209522534913437797559162061233978305140017247092244244278462452497878339974651848115509248000,2
fengoffice,2007,12,6253,7413,130,2.,84190,-1160,0.98640890451653431670080207704693600,0
netbsd,1993,12,1020374,112861,3905,10.5,907849,907513,2701.9315480576220743364225603302168547539863334000039498207147878012411889769973387271457894456693014864800000,7
freenet,2004,12,36393,9688,165,2.,78861,26705,1.51801059102704880359049563337453489557077821323495802685812027669777873805621501704509735416908359493901356661393423070880933378785280,4
file,1999,12,2836,1043,27,0.,5914,1793,1.435088570733800667333224694644738202004829101817920790400000000,12
flashdevelop,2009,12,88034,62535,615,2.,271034,25499,1.1038507748267418787378933169580785412076576272030309700432794521469324414765580998969968271047694514565587256783776537630800645657197446540800,1
Syllable,2010,12,6189,2426,143,1.,2679176,3763,1.001406511816976405369904822883393717968962032833492638225223980026872384714428353556144195922107157662642380800000,8
ispcp,2012,12,905502,893014,110,0.,544511,12488,1.0234726694192005740105813408738032150773021852191508800000000,6
activemq,2012,12,314379,259796,1066,5.5,1196340,54583,1.04780614438828637027443895025911116624332891799504987951654028018014861892248072573744867820617246483661337888178229439032374867124419657728000,5
inetmessage,2010,12,0,0,0,0.,11137,0,1.000000000000,2
OrangeHRM,2007,12,230770,141891,2039,3.,151618,88879,2.4166467428484530495376827224932764382513338315567350207545532721801594482296600720887304066835268725669907417915476747478099161344,1
neverball,2013,12,26,18,3,1,44395,8,1.0001802329510604435443930400,10
helenos,2005,12,43455,24869,926,4.5,23943,17778,3.883698296851795290675699530114903255699821329153998063491938729017759590146311253082761655296000,0
eclipsetrader,2007,12,56150,17267,168,1.,219290,38883,1.21552933087577239872100685462745153350872432756330371751170348263423401137691655332661880240307121806481264100288000000,3
suricata-engine,2008,12,23647,26770,118,2,35532,-3123,0.906354013611150227578064088125013959096212290642548736,0
migratordotnet,2011,12,0,0,0,0,161774,0,1.000,4
nethack,1991,12,1416,749,6,0.,76337,667,1.00881458966600000000000,6
libgcrypt,2001,12,9361,6107,130,1.,65858,3254,1.051977509424291708618616336091347239286829006192945643681174248257300384000000,4
joomla,2006,12,1360543,1108580,26872,20.5,704303,251963,1.557021267148902558209077444822678128579035335039227398805936286023998196325141802653585338058098517808508867562273551075501059814267456000,1
glade,2013,12,966,1461,48,1,65371,-495,0.9924817739977277237323306041715129500,12
latex,2006,12,51,22,13,0.,5218,29,1.00558874542315591672488890367999401145000000000,9
imagej,2013,12,1630,703,66,1,99384,927,1.009415277734965093426100775525189914,5
ecore,2009,12,15606,9772,477,7.,70130,5834,1.09073659325090123685434075242133509128542629849443158759174389104571456037499345148813362011026947655445489328197219389492245431407588638720000,6
looks,2006,12,5709,3754,255,1.5,18367,1955,1.1191201559734858221310237754980272968117308275891768601658328200637797375817062935075498562406380354691755369227062240000,3
firebreath,2009,12,316085,292893,302,2,28318,19878,3.355213270329418579950473549574,0
ispcp,2007,12,565212,414583,1328,4.,533060,150629,1.4813566146437569688732346996215573131288499626954606086084834075734901427525006285139180838566025319160825613650153891642737134364563456000,1
facelets,2010,12,0,0,0,0.,119691,0,1.000000000000,5
rabbitmq,2011,12,196172,360252,3080,12,107479,9505,1.09701553472863641245937362175857808800236628568537391778110562200087494469480140,3
log4j,2007,12,132956,160566,435,2.,102362,-25598,0.7237188620168073936871588183843986181392338483993151526923592415878616103865389806678336895819847479705600000,6
vlc,2003,12,215235,134054,3667,15.,217796,81181,1.594231965676756115050477536277738957395137566011411034163795594609292512589148189906284990124914681540220067651814939467892525120000,4
tcpdump,2000,12,16953,10946,423,3.,41503,6007,1.16923033581115377488832081368658356680044784510035827354220972175643822408734124017200987389047700208405753731492999785596259111088640000,1
maven-android-plugin,2013,12,7564,3467,113,6,16880,2370,1.163335630600786763682565358325120,5
commons-lang,2012,12,2892566,2881975,306,3.,68721,10591,1.182195079987772545766406105738777081122852003262945949742497197733720260324299901381695448646747766086899492465274324933569223985022514176000000,5
restlet,2005,12,99638,164639,139,1,10389,-65001,0.1378034222,0
openbabel,2006,12,501631,213778,622,3.,502731,287853,2.408792811663489912693162466886598977239930914447967168145262591666493920696989132158506269048898324889675691692131571472563200000000,5
amavisd-new,2008,12,0,0,0,0.,7745,0,1.000000000000,7
metasploit,2010,12,614543,281894,3198,12.,708926,332649,1.93952189156916841437702284638212425610445158147591613418136854003740209219124002843133858760070496604400697227268056911573063808000,4
kino,2002,12,46488,30775,271,2.,49912,15713,1.459471314110876301359336092597800901494971648891156599891955099803749358584660384814845482442578836898884199139818736165120000,1
clip,2008,12,8450,6358,245,4,6256,2092,1.5024015369783558132154765799972545179084709094691343778790496752042317116225152,0
venkman,2004,12,923,391,72,1.,61065,532,1.00878859465125301859709500004739347709739555255935437481124270770301054789835629036305200000000,6
spidermonkey,2009,12,29192,5149,282,4.5,535397,24043,1.0470211588379699895649343866879261570349832854871361308033487747497927048549901579190265168308984315769914434797860715132339325851659780736000000000,11
aspirerfid,2008,12,151581,72159,114,4.,110497,79422,3.55581657289383256177023797736889579063446,0
poi,2007,12,16072,2867,276,2.,218832,13205,1.064218220369996640298924836308449695023779500553906636602773675620945382363569786377513360726415788606415972649935012556573409614335810383795600,5
joomla-platform,2013,12,3346,2317,94,5,154649,517,1.0033542677705347718472110314354465320,4
fundroid,2011,12,68639,33135,922,4.,59798,35504,2.461430805904317444226620380134550471448468931125110470737886527180453823523378345165798986958892417546419880954549187593511650000000,3
xine,2004,12,383870,241441,4676,14.,1465537,142270,1.10751420536529442073254550093596503605419219171828111120540329664981099333471255551608161093022115106454942864886286155626928629836388198400000,3
citadel,2006,12,164177,156390,726,2.,196305,7787,1.0547847865242511991669007373028925636270065716376273688789863920557726031643023081677236380308546849730517717381797265149030755338468352000,8
jnode,2008,12,721484,537959,1304,4.5,2172660,183525,1.0922637226713301605710938467724685774674969251242439325836425966513380871251051511469039729242773174113352401493513644446346537188827275000000,5
jruby,2013,12,36079,19622,296,14,923658,16106,1.017746641520127111573293211744761344,12
merkaartor,2012,12,106174,66262,138,0.,594120,39902,1.07199693983818773785746048309475237524431929977737352015160000000000,5
e2fsprogs,2001,12,12035,7952,367,1.,55202,4083,1.079872454469175127209646229370481900109478437803394775138191136669770824246809703280216799530277276338845731330477158621929416712630001497088000,4
newsbeuter,2007,12,23750,17078,445,1.,10140,6672,2.92387543226365850339892057514285183535535834066849728137963140963020682042695009614425912726080165666798689237802736000,1
easybeans,2012,12,214689,303441,550,3.,356778,-89120,0.74976273510403609705287794895618221142423611005583075772463783888495285469165634594387892746930559677469560430499240927898107904000,6
wxperl,2007,12,7710,2752,297,1.,49661,4958,1.110909782345458260002912236396107663007425761202880401900436169746957016656972200973894317100179792923879991526889406776642764800,6
simple-build-tool,2012,12,0,0,0,0.,15048,0,1.000000000000,4
blazeblogger,2012,12,0,0,0,0.,3423,0,1.000000000000,3
chisimba,2011,12,12,12,6,0,1781,0,1.00000000000,3
gtkmm,2004,12,35938,24119,245,2.,140648,11819,1.0917417662170548007514155482048789298800319939010285999525941065127690084035523056682990147611772688734505338256427379940847490621836615375840576000000,1
saxon,2005,12,0,0,0,0.,62619,0,1.000000000000,2
JsonNET,2009,12,32858,12339,111,1.,41830,20519,1.962836093953232491490155124090085341493959442960087822406967413808353038221182911038897774376145464976875920631264133494090528000000,2
openvpn,2012,12,213550,233260,866,3.5,400884,-19710,0.95081414935432065076030628712378677715026441712318496917813157441140905595438410922468153552203263484512170264272387299807603530917698364475300784373760,10
openvpn,2004,12,31296,8398,72,1.,44721,22898,2.04925995511525736630529796689343575230857007378703766957349523552096000000,2
mksh,2009,12,41433,9236,458,3.,113030,32197,1.3983150446261019428371677807072779932853898537791656608187016968233834154338362907903142946091744473545964985041837201799262968520023535708420128,6
args4j,2008,12,16113,9752,33,0.,29759,6361,1.27186084282529850231539202644964016000000000,5
shift,2008,12,30035,24221,88,0,27771,5814,1.26479027183859179686500000,0
choqok,2011,12,4202,965,140,1.5,26890,2405,1.098223402083405980060728611232877846660229921824350785559941918973652984313242452081464325180973771199641388508151808000000,2
icedtea,2011,12,448131,420843,694,5.5,733617,24908,1.0351455957295957782540497497225335555821202460134002752001642940591317016639356533839495354913084039175508218348313536974003450706629787515976102707200,4
e107,2013,12,445,265,47,2,1020277,180,1.000176453807820193777637971878539640780896,9
gnome-do,2009,12,657649,573074,3411,7.5,142962,16491,1.25077936097723887812135133261024885141796362354142008135068451856489109957560165584363879861474985643006793962143946944908800,2
sass,2009,12,20555,8821,997,3.,12348,4153,1.506772422195726628812863777163798677709574777085249799462168527986157547044355817201964938952013001959046954529304580608000,3
mod_perl,2013,12,39,16,2,0,67729,23,1.000339704014400,13
bzr-svn,2008,12,145326,111507,2275,2.,25336,14041,2.24311642321463944909605355556287656778463951310714408354415758888719322884380853683921252365386743679433255714864232141452832608000,3
lxde,2012,12,42337,27211,1253,4.5,223022,12127,1.057502548661153648541660845170018490490943562272086233285013965351401766916839406632413953406793739782927181220261774733031769989120000,6
classpath,2002,12,106596,29677,758,7.,190986,76919,1.674331752327965746739300397333321416080080103673921371305668867248480545849870597900446092688747577698250229016490358418253844150712160000,4
rsync,2005,12,13789,8467,864,1.,30716,5322,1.2095770654426323923623231187942319531416369154269755276907043140149213961052668230121436804302403844585785638313131005827327152157803520000,9
mediacoder,2006,12,59590,42004,854,1.,60364,17586,1.411099163134423048181299647597215677621400578302578053002575367000,0
lxde,2011,12,21289,9780,174,2.,210895,7229,1.035494387871423246712129115866022915113625399497988959566749410058231602718341288789334596525830262141209251335978782878976000000,5
wxglade,2002,12,22214,13195,171,1,14300,6510,1.83568677811741273198275587341242999370290158193484800,0
jack,2010,12,7309,20978,213,3.,122074,-13669,0.8877335633260401605181777809062803349297646495096264454718798309948633492729664200477072251603732663319917863425340994101673128183621117076601470861312,9
iptables,2012,12,5048,1974,87,2.,33422,2039,1.064971481374103049170170746678457575083204762013843844266236180907158702705840147480901506055586529973727200000,12
buddypress,2012,12,27330,18191,1508,4.,47579,9139,1.23803818402374443340296888318277690682634746679452611020022858234606535762183082681178674208949034195496056139604377336614716368350575305124608,3
taskjuggler,2007,12,30961,17989,405,1.,101105,12930,1.14664020413986832303091842413152569175444875451750404047551607634347343052297775096897915316759182863208701384344501390960139270232320000000,6
gnokii,2005,12,7254,1966,219,2.5,163003,5288,1.0335288336528164094305073169437778698449416385236630109648040153274460525397640223622414485008559338588722916146168024456293489176507235943140327473152,6
x,2007,12,804315,1230160,8842,60.5,2208208,-79395,0.96252340074473980590900373737848200069580335977149747359810278740363251325692380218755375039685642192584143202979715511374911356261142704128000,8
flourish,2011,12,11761,2714,258,1.,55220,9047,1.19593701948387767514158031648903394148163677754895283362134972189110472930702575298645453219840000,4
libgd,2011,12,0,0,0,0.,144087,0,1.000000000000,5
mp3gain,2009,12,3613,1724,43,1.,26437,1889,1.076951279127280159115657366608557301815884978296739585718041070161030563127979309987840000000,7
hurd,2011,12,406662,222370,375,3.5,1356201,196489,1.169429134120024731671479059667425290462189342049460086833147320572365882709500014068894341766704415620614656013465126024184616522473879130498883355305574400,20
camel,2012,12,136265,40171,2720,11.,805492,96094,1.1354585155357768791421946817363111801417023140278420607705565003267634226048294863495847433990529190265962415130989739414005886257736499200,5
bbdb,2009,12,5688,12367,27,0.,80025,-6679,0.9165385816551858129660000000000,12
wsdl4j,2006,12,4391,904,41,0.5,14504,3487,1.3165108468714789315040549881628753291624829092932225834298879203768320000000,5
commons-collections,2013,12,18334,16124,236,1,163635,2210,1.013690568375692337723939197772320102,12
xchat-gnome,2006,12,16686,13786,424,2.,53636,2900,1.05788423154684749129380192402387950684230818283409457534525622437362388150255390608531718086092460643473750867122704835206111071543773921280,2
virtualdub,2012,12,0,0,0,0.,247149,0,1.000000000000,3
Pcsx2,2010,12,197767,171555,2060,7.,374068,26212,1.076224264279391772525807333011707937609893531815636228162628158248041691789667815836179929569073972112087383334560346474581772067708538413320000,3
pmwiki,2012,12,115,89,50,1.,6738,26,1.00387365911798919362073551602172705429866516462199133683004036150000000,8
staruml,2012,12,0,0,0,0.,1517505,0,1.000000000000,6
Ace3,2012,12,217,156,19,1.,15415,61,1.00397290608341595494892641125057472320889855501914191740251526543919324442008860460994560000000,5
mangos,2005,12,396723,261793,443,8,236333,134930,2.330631243738480577950,0
fail2ban,2009,12,166,42,26,0.5,4568,124,1.0279027902742590346851203075127960528990921964036735373674080000000,5
qgit,2008,12,1337,846,66,1.5,23092,491,1.021724702446342079394543695462340264141923816550978417728012424559929167444091758744777541846810000000,3
autofac,2008,12,28219,17254,211,1.,14527,5830,1.67034609631972146633759700307483186364301862115205414612748191355326271732617420919405489229474612979661239296927463226326559221460236800,1
pyglet,2011,12,7723,3503,117,1.,518196,2005,1.0038842211505892669128298227855578645722258914869074135350905687562348761141593200282476383201806601405985696000000,5
tomcat,2006,12,1177277,552107,1959,6.,700160,625170,9.336711562074954791796328110960050805659155316203978255808110349495504320009142850382911260389270100772753593785255477964160,5
drupal,2011,12,685076,670661,4033,4.5,653319,-11974,0.9816254156716164598697350710509027285980591283664189056394101811324189407992133395264798119740709750616126413098778812886392965072716218734080000,11
synergy-plus,2010,12,55332,55133,115,0.5,100945,199,1.003703152309187773652782877753258166808994904759290569950000000,1
svk,2011,12,0,0,0,0.,38817,0,1.000000000000,8
jersey,2009,12,79850,23047,938,6.,132232,56803,1.75306579702554183397355806453392407425771575630323103450978847135264722902195429842404451274907265211980343662320588045065690634240,2
anaconda,2013,12,7485,25037,334,7,29225,-17552,0.62477285845180547485930253656320,14
topcased,2011,12,199212,101231,687,6.,3439339,97981,1.029323706107324049494350448073867850602935428256451107976352716487350351684193080404010347205310838908141403013598024860304304251735984462602854400,7
bogofilter,2002,12,23569,16548,846,4,8716,7021,5.14218288985885880356289489160,0
libdmtx,2010,12,39980,31556,745,1.,28852,8424,1.41237517138801750443222643200457889067139323522468872267155407981014646368287149953079391553994319057270296874474581559026642835200000,5
mixxx,2005,12,123120,31320,1068,2.,1011571,91800,1.0998074520707790033632105806409803395587618994552666612749415263935167489484717470569017816780800000,3
GDCM,2006,12,244411,132519,1004,1.,117264,111892,21.82874160702413885381910447737037735941990498846953384907834478434520693031680846052711820150531248827122397730413059908939684223385600,1
nginx,2009,12,20289,8075,873,2.,100238,12141,1.137814000464642263256290390727439834842275009320685424528920555929078277710401955707800882797987179818553555653081895681556461713616076800,7
nano,2013,12,245,43,20,0,19832,202,1.0102903718800,13
Openfire,2012,12,59301,36223,198,2.,246213,23078,1.10342617697715006936632381337071082711511335186745150694855988552945067986637377955097214058040873960401145536249497868800000,5
moinmoin,2012,12,34408,26588,957,5.,89022,5839,1.0701946311157967345158619140703416325217481958059923579252927765888115878282973814784226214923071090571814925913925298465917428457279870976000,7
python,2010,12,470925,417425,6997,29.5,746339,35865,1.0509442404541279627205864731230423221636009525178000237884852861565282786880382124077234021405282219497812744956564864623972810063566999177216,20
w3m,2002,12,32493,13168,518,1.,103459,19325,1.22969310863743150254234735214237940788579531364883300007653132738067514767454926544615584366190608920714677217458793307848920118976611090432000,1
sqlite,2009,12,22435,18419,739,3,135595,4016,1.03060625690974040079046393015623364527009627778466028242381912596654321538202137909136181723046400000,9
indefero,2009,12,13226,4328,914,2.5,36358,7228,1.24812907659486401162168569357142700658427364735470843833635300846343436032344792966490329600000,1
cakephp,2013,12,3435,1709,375,12,473235,1212,1.00256767149085176519414117825460085760,8
jclouds,2011,12,1209739,863051,2743,9.,338678,163155,1.9295363000064441211758269364024360263758769956377078633973485660790285115659505328998250261311908686230902236557650769704963276800000,2
django-registration,2007,12,459,418,52,1.,280,41,1.2204301075093917373046895051899380572462915000000000,0
openacs,2002,12,253840,136307,3216,9.,628989,117533,1.229800803991600439880548602001238821512189537106955942675657012261972215197580351333890734993434628044806468319361806907386165899530240,1
subversion,2010,12,125434,107633,5081,16.,427029,17801,1.04349897855859184249591636279060869495684647384331451607031952637276507571983720776966260111456957009883441317958236454077859665696581120000000,10
pgadmin,2009,12,53092,36696,429,2.,165041,16396,1.1103030710713906689203561937151280005276212899003131326626018511431425733436577773326268503828711580889231798543407730359420419375097639936000,7
tremulous,2011,12,25276,17065,169,1.5,211777,8211,1.040335812464841758102928724541868357547518566755951437820005143742126933530898490813685807323400817224630329073776896000000,11
pharo,2008,12,1399,1012,235,0.,350139,387,1.00110649831900000000000,13
etherboot,2007,12,9677,93,12,0.,366704,9584,1.02683691756763477857227125555220766509962000000000,9
scite,2001,12,24208,12442,1300,1.,36638,11766,1.47306207788194345682763630404055208790959581767617180363422234254056074416955552738358289991385705204031911392359337510651973440000000,1
cyanogenmod,2008,12,4080836,1581859,391,17.,4636019,1428513,1.4453656517006689926000,0
Nexus,2011,12,374030,274154,2105,7.,508240,75311,1.173956930586704318884627621480749864663161400072862353223595450319450929385794291078868042351280700685244771715520502816832568208597743575040,3
alfresco,2013,12,26919,20983,232,11,2048741,5936,1.0029228464079433704342757830360764328,7
template-toolkit,2000,12,39572,30780,62,1.,20857,8792,1.728719436346177036094281373018167187195320111419158554411200000,0
vidalia,2010,12,8834,3381,90,1.,44816,5453,1.1385311078882700054858778815773810170886371903369807104343162806675956790094103191089029752171241652000000,4
icinga,2012,12,967391,2110950,3663,10.,2160710,-306829,0.85792000276756958099313853901429501718730367142981694322127325595357333929250887827402934404117773204774109012437247596955629510990694192857088,12
sqlalchemy-migrate,2009,12,13401,6505,181,1.,9938,1894,1.23545499751305789304716070084279906908839274611420149614493247588555775981504819876919854120960000,1
Errai,2009,12,215254,176708,1630,2,49686,38546,4.4601436266207682189402144693927254483547842943750239918170666856901003829126523650988272389119087459939610632384000,0
dolphin,2004,12,46,18,17,1.,609,28,1.0481927710865847653165830052332673080873994635200000000,3
HAProxy,2010,12,18463,6336,536,3.5,71319,12127,1.2048756588626874657289927769966278004330233218314210884361867072222641714979249239564461374972179894927819906673874843839707770537984000000,4
libogg,2007,12,99,30,7,0.,40935,69,1.00168844516245301980664409795734414976000000000,7
mantis,2004,12,101915,46447,1615,5.5,98403,55468,2.291906370059438576115369927178169326987855680722608626327225459441365077912919620215661283107727246964337403775511565348837683200000,3
axis-java,2009,12,26,9,4,0.,187781,17,1.00009053918748550613261080730000000000,8
docutils,2006,12,2983,2009,176,3.,36524,974,1.02739803094298095527331222645563227920185808197358041421058998300304473240031773626475727611553790475515325000893581690041716742713929392012538880000,4
fretsonfire,2008,12,759,784,38,1.,18858,-25,0.9986738807549014118445833315505174808935618234006473989846979355868800324960000000000,1
alsa,2006,12,42712,10434,414,5.,238061,32278,1.156854550661190600267691184911461272907567425185274870858693429987782009019356282727445156203383718646934820055725729857281977457017101025280000,8
vim-ruby,2008,12,123,68,24,1.,2253,55,1.0250227479555065648151035117732368330388244471600000000,5
gmp,2002,12,106554,77370,1904,2.,210841,29184,1.160654420125238907132570245550811717684960285571639648644795582209095046067732083187372163520023342130963602914828247117384374761567888000,6
sonar,2012,12,288513,282391,3053,6.5,317485,5757,1.0189895338220743864238847176224377536045464662449587301105644834062503409695034708966405092652412531373293606376544324906601586888093287020000,2
dovecot,2011,12,62047,33305,1439,1.,228394,23985,1.117338277676512543553869433096307007131394203533929355626775422359687189866569792136358486658283562877353249190338917723553491372497029348000,9
psi-plus,2010,12,7,3,1,0.,35231,4,1.000113549266200000000000,2
ogreal,2008,12,1772,50,10,0.,9841,1722,1.2120950855944445595915020251473940000000000,1
netty,2010,12,20833,6900,374,1.,69264,13933,1.251811823342639491401975770769232445625802211560835139218226062353574204756912794349568527819818426287298468286290767421466400000,2
ktorrent,2010,12,61810,48658,511,3.5,96479,13298,1.159868239150206969253408707151637857371933294724378726140287114904733544517526730724047237764658067076825481637280457758383100304977920000,3
libtheora,2007,12,92885,89482,232,2.,44190,3403,1.09665142445741115202986118332496458137711797262956985701251091645810474653604948779597456246629185944330764878674821743462500000,5
jbossaop,2002,12,2071,952,9,1,2235,1119,2.002688172,0
zodb,2012,12,26478,31747,155,0.5,45715,-5269,0.883248393476280053965958798161462896151793890194047094632201737008000000,15
facelets,2005,12,177826,67735,303,1,116284,110091,18.77668334968167095085208749870751131335785029132024615160112714071381204229902080,0
vim,2001,12,138689,89015,406,1.,272240,49674,1.2231877285856635739621672746228589051081793560893080128933659940615866282774172520932062326777800732770981304371565141022878251257974400,1
vdr,2008,12,3810,1961,35,0.5,46827,1849,1.0411089866229062984117168798270594963780049046933243905276607351891449600000000,8
firestats,2011,12,36,0,1,0.,46387,36,1.000776682272200000000000,5
sabnzbdplus,2012,12,0,0,0,0.,121,0,1.000000000000,5
wxmaxima,2013,12,0,0,0,0,25888,0,1.000,8
cyrus-imap,2009,12,100281,94854,571,2.,864114,5419,1.0063107389704302177891977353230408681771486792035392774137897086640137110063870994785651034763908510261001563766314186405697617903521903379831962018145894400,16
sphinxsearch,2010,12,45209,30227,438,3.,136597,14982,1.12319204046099805367773998995716444085668853082188882326958665252717345123621566331231663511040,7
fldigi,2013,12,3980,2289,13,1,156587,1691,1.0109170023761768497895000,6
kino,2003,12,130958,78656,373,2.,102213,52302,2.04790527149566485564630037282574931718321754749327239522566092503105151701176098279142923307520000000,2
openafs,2011,12,110378,49944,1550,12.,1001206,60434,1.0642387315916460975963415175258578215234200676221354827065527936794358247540377886752543144952111284753446760346813108073667168086971313204059792000,11
vlc,2001,12,214803,153474,1181,7.5,101299,61329,2.53437578190020940011723946542766944628026885095694889231278155136201495142299630697044525660477422856661719906850449532530042880,2
NServiceBus,2011,12,1152729,1141153,971,6.5,755242,-17984,0.966345227150385532586240136220514624829265409329454598038237251433900238316455081726174503068269196619440210259658240000000,4
degrafa,2011,12,0,0,0,0.,50538,0,1.000000000000,3
xfs,2001,12,21256,24331,510,5.5,97693,-3075,0.96823543995449158535441972336006378958963347035671326361319239195502663989687429311239506515377526023732143875714422460335625933998618020670464,8
mpdscribble,2008,12,7997,17190,232,0.,13544,-9193,0.321249261700000000000,2
msmtp,2009,12,5862,1933,52,1.,42865,3929,1.100909184311597753406860692762152932194633684948870207278816599523088970603193720000000,3
yate,2009,12,35232,22050,356,2.,161762,13182,1.088719881541636986299286379635208518243851636430850885293140540626371400035143311848773335800000000,5
merkaartor,2009,12,1721506,834538,914,4.,1024194,886968,7.65771932916448086541506929368208730092205781542172571242779615651167396543197039560254262296027927703441012393129933852000,2
xml-copy-editor,2011,12,2,3,1,0.,237868,-1,0.99999579598769100000000000,4
abcl,2013,12,10359,5398,59,3,125631,4961,1.04111212397861085583615028804007810,11
PyDev,2004,12,56160,17604,414,2.5,55387,38556,3.290772978280851226280427152408142138777322875056443837673376624512040189654240819437976134449696057863670350681648628169685504,1
aspirerfid,2013,12,0,0,0,0,294892,0,1.000,5
L2Universe,2013,12,0,19,1,0,1431348,-19,0.9999867257997400,3
geeklog,2005,12,111162,38452,1852,4.5,142109,65552,1.8562508980068132557693416033282071897318537866182946005171348449861209294682448284219802979321014198060555306210508517548264485998720000,4
b2evolution,2006,12,125005,129100,4617,2.5,124177,-4095,0.96007915932887604233254630688783760222205465491408199329632413869884460070695091749283719705524809630190210088445709159091540096000,3
communitymapbuilder,2012,12,35240,30250,7,0.,166028,4990,1.0309864752451898978105768584379916166285858873920000000000,11
gate,2009,12,451975,330614,812,8.,598571,121361,1.254313614549436654475902127052486432306271049812273845292556184925434273320899648342647447604753862451397540185713914629874265280462941794362240,10
kpdf,2011,12,0,0,0,0.,80559,0,1.000000000000,6
file,2002,12,1299,945,32,0.,8866,354,1.0424715057027306635261053336915905000000000,15
wxpython,2010,12,236636,107887,283,1.5,2369723,128749,1.05806755101405863030388277143509614535945846678812569543883175158943488513608786544845719271155017428456210047383769265915625808956881066538622976000,3
netsnmp,1998,12,50543,38117,501,1.,61550,12426,1.252951714025973218540331746391558055464828952053725937508801535384490180380677092553495932571228077010769178156629844041925011500448042488320,4
mongrel,2010,12,0,0,0,0.,14799,0,1.000000000000,4
ubuntu,1996,12,76,385,7,0,6032,-309,0.9512695158500,0
libpcap,2005,12,6100,3285,139,2.,36019,2815,1.08477894228700697876249253178627525995818293643406889583998441574604945704714760992502358081199241066561930837155374036814846671786327605164113920,6
zen-coding,2008,12,0,0,0,0,9471,0,1.0,0
planeshift,2011,12,192134,130094,1317,5.,1083593,62040,1.0607310633899672135147764520099130908174993611631813680300195821960207435787011938497989041511107735562113176750000349657164419231379735200000,10
offlineimap,2010,12,494,435,31,1.,4569,54,1.01196013289040573468439404277642969308236421564638001202619841804623587507200000000,8
offlineimap,2004,12,296,138,23,0.,6552,158,1.02471066624474022787457835016734199569720250143200000000,2
gammu,2006,12,77774,56276,252,1.,96259,11582,1.136778582126567068874472035047540577151933934874197308857411400725669662952723814796075985435536035693082418118859311149144777253794240000,2
dolphin,2005,12,248,156,30,1.,703,92,1.151067323532609692001951362416636254138295904710492566798951824575200000000,4
xbmc,2003,12,72895,9756,464,4.5,99435,63139,2.73955807806602358688905019529928469572000,0
diffutils,1993,12,2969,2220,100,1.,6390,749,1.132777876268119121427612988406287197724260489005148718406579532350010949305948321865420222768226673987042168677836800000,1
mod_wsgi,2013,12,0,0,0,0,15094,0,1.000,6
geoext,2010,12,13337,6933,353,4.,28185,6404,1.29401772187497655322349011980299952939626543590078431559112607209324373031571958768369731063267509108719138220386560828199077574518374400,1
neo4j-graphdb,2009,12,139249,71428,1445,6.5,27401,13240,1.9349622202215378086611802613411980344233389611831283174894759919601834559919693668072594285046788634924218875256999858627881120800000,2
apache-continuum,2008,12,1689237,959257,1260,5.,743547,729980,54.80555760261761183882735245921402001886882568381752218332016819953567792701892587694588181039210106620422361858804204708296728000000,3
auctex,1997,12,3949,4209,72,1.,11983,-260,0.978763375013030854457211796077603053976327496763214378383294507495728284411545313544804314000000,6
masstransit,2010,12,1020962,650197,391,2.5,322556,32474,1.1120430589790110107561543515697133271651863732852131812460401050629958615369337159244619546721917237867493902080000,2
sound-juicer,2008,12,3171,3579,132,2.,10862,-408,0.96264420435690836049104723801555461386723071966537807998582398785161251151696102405998808682287927847544524223865848972000,5
nix,2005,12,10746,6510,367,1.,20115,4236,1.266767428689455433248868041238052653976959914837832955990226634236526561840899930945420384118774400305960395050783510739889302784446208000,2
moose,2013,12,171,174,6,1,49937,-3,0.999939924304620112186823600,7
commons-fileupload,2010,12,2830,3106,84,0.5,12804,-276,0.978444236171147851088197280389232000000000,3
fedora-packages,2009,12,161745,53771,13249,72.5,415946,107974,1.3505968074895642795028788988408230931213364801906183048513227657264179812016849722012065926549371180353270392493306316786490959790080,5
pywebkitgtk,2013,12,0,0,0,0,14258,0,1.000,6
elgg,2010,12,152998,95075,3711,4.,118469,57923,1.9566775674318204768660057138751484411637870708602460607899665395486919019797552360413431951557159720364087111171488665303452479747358720,2
sharpsvn,2007,12,46208,28562,349,1.,20656,17646,6.862458471242551419727850924722268837005555267225082302160652618677567367895594728473850878806263270863731623899875200,0
displaytag,2010,12,2,2,1,0.,29693,0,1.000000000000,7
virtualbox,2005,12,9816,5489,75,1.,69467,4327,1.066426159044921196236841494833797944237560886002872593920186098443017297885288051407698697254868409281278849513235200000,3
jabberd2,2009,12,2830,1901,156,1.,46150,948,1.020972523339955367068624639371027968941135283718600321928392241572785449908013983649854793269182984572739647751758731198464000,3
docbook,2004,12,367587,35935,668,4.,569915,331652,2.3919576267377524795647653422331426112035825555115833026419464694239292863754459209817014868581386276205610067755532060736894196480000000,4
rake,2007,12,1515,699,47,1.,6388,816,1.14644651830508188319732799306204386213975487630101496432387518048559070731519452978290170775856466536812800000,4
vtiger,2009,12,252126,48243,9,0.,403028,203883,2.02379171000000000000,3
eclipse,2010,12,429799,435558,6801,35.,2402163,-156575,0.934342231388737125697731535944762914163318700093915036091371741417837475951917959037503058649248037762060466873075062189954618181006876663552000,9
gobject-introspection,2008,12,55320,44056,1137,3.,24381,11264,1.85873294212613268147950146498178142342600321704156052299877962855511115466728443745469049595246108792173068151534497968815561194778624,3
latex-beamer,2011,12,9,7,7,0.,11090,2,1.000180375180400000000000,8
scikit-image,2009,12,154048,125587,336,4.,20725,7588,16.71014492297890540380949270544105760000,0
emesene,2010,12,257828,226767,1275,7.,37104,2481,1.0843332540959216989482299909754375352875557929929743617858281564347385000599480050173310366479554232564150395621376000000,2
quodlibet,2007,12,19242,16355,189,2.,34922,2887,1.0901201810570839396618347184216054695689801502850564310460601419253864363455822177138343918290256644246367835246122278115171446000,3
tortoisesvn,2007,12,139355,70449,2349,5.,320476,68906,1.273903883611952642529026589718213530313085785940790748189226433867086254117507606152521643279812473997414530888168761076931899644262656000,4
anaconda,2011,12,20644,17176,885,9.,76919,3459,1.047086849986227440401244042675040952885368679273296169643011691381827047769863125706944690311887948337976352108175043509504314464323171200000,12
tt-rss,2008,12,14421,7201,1027,1.,42394,7201,1.20461455403788268944320015592755895167532301449263055417297672945255835641522766699526369615738956308290291350041724464649000339239901184000,3
pyunit,2007,12,0,0,0,0.,1589,0,1.000000000000,7
tinyxml,2001,12,840,539,23,0.5,1487,301,1.2537942664629148199246898589086245229541046188130858890506860911080000000,0
amanda,2004,12,10658,1654,108,1.,95374,9004,1.1042539888371579675611407050502245704827118649490253526193951121944499639666539660819805868466559261556114861900810788290560000,7
cs,2013,12,0,0,0,0,2244405,0,1.000,14
pywikipediabot,2004,12,31003,18557,1740,5.,17762,12446,3.3412340106344501036586379312708928841455685229729857216261294838482828202359541288652702579911218484113752915115614920460851200,1
RSSOwl,2013,12,0,0,0,0,189770,0,1.000,6
openembedded,2012,12,29759,17471,449,18.5,4168898,13288,1.00319760516518813230887985013428631372885840676819904510484605149064829411286494551011347350070011290693083072527553076678612667701967974699590187795765067776,9
quartz,2008,12,47697,12844,108,1.,85290,34853,1.691020481413029660673667503756907790715164906025136312970018625361951301340148851675418151811694989469791494124932454735385985024000,4
fcitx,2007,12,13113,8442,72,0.,16519,4671,1.3942437541921654164000000000000,3
com,2009,12,2615,3585,7,0.,22236,-970,0.95637704622794877745630985621590745000000000,5
aptitude,2005,12,1129,470,84,2.,87767,659,1.0075653212108915537411116,6
netsurf,2006,12,40763,19153,707,5.5,69665,21610,1.449693060050848308725990419877636552889665097406564668887246284232633354861846772052211814460550240264646194180185074912705247272960000,4
rubinius,2010,12,760752,531879,2453,8.,763179,11258,1.014972317571973546460179004243649702356897292268839183685645367687128348867162611039016097149524183340066143934719780249781250720224800000,4
pencil-firefox,2009,12,11056,1456,127,1.,24096,9600,1.6622516556506829874496592739044147971789655587540067638940466342116370864704000000,1
phpbms,2010,12,2123,1285,176,0.,52676,838,1.0161657471400000000000,4
cyrus-imap,1999,12,286285,44865,2170,2.5,493040,241420,1.959462681860929389987787419006227290787918501351509568736207456951913495204104059986065099016803429101380413002662961014265472000,6
quartznet,2013,12,91,36,13,1,44906,55,1.00122628258000,6
opencsw,2010,12,232923,128439,4529,14.,302961,104484,1.52642875493384472190592717383190351394099264619314480148192667713408179019640869317904233727663495035497044936154343159954566400000,5
proj4,2001,12,1163,536,63,1.,26884,627,1.0238793464608583412328062634317199322405670881997569736324583007032849899271016750627400000000,2
jetty,2009,12,564065,623129,2095,7.,362863,29281,1.0877775179533443955382514994801712047673703068276587031915161961473738399316700928444523803913576255271057163243832735293614384633600000,11
opscode-chef,2013,12,8437,3671,224,9,87171,2886,1.0342808272069101330219057641682172,5
arquillian,2009,12,5698,1515,100,0.,4185,4183,2092.500000080000000000000,8
smplayer,2013,12,171198,132184,161,6,477268,39014,1.0890214350509850048271299764868570,6
weberp,2011,12,203952,197607,7054,3.,361449,6345,1.0183376203036703689326673304717692184221692809828565803366673840418806721734664177331128983956620802046238162851323758135285615144304640000,7
easymock,2012,12,355,174,29,0.5,3394624,181,1.000053322444947278626899805772124940177997411515212398227975795424563200000000,3
tinymce,2008,12,14953,7137,490,1.,46246,7816,1.2033827738738657896774022067504783499505192549200439544731975061936637895213855719207271485326209466197683465137089853030562035624979111680,2
ankhsvn,2008,12,288694,282351,2144,3.,105912,6343,1.064345638371737651086644737837127896479326000084954914637156885114649672280694492707718747414284963666948222187790109351064285388800,5
msn-pecan,2008,12,23142,19153,426,2.,15734,3989,1.3412610146377691299597897658778368639857188849118224598249511440145467593995383010473123420435614218451561691091620488257085844607877120,1
maemo,2009,12,251727,338296,2556,15.,931660,-143205,0.843717260359736815052969918091245077784695121260789237959486077717016069908355043717026959879365937621610483865133151250970435270164272537600,4
pld-linux,2007,12,190614,31125,2073,18.,2383206,159346,1.07165289182143678639860749315586290677216158560123385002549557375445335512620968622509897805611576160126933285102499237124453136033611776000000,8
kpdf,2013,12,0,0,0,0,80559,0,1.000,8
mrtg,2012,12,35,31,11,0.,35963,4,1.00011123779859991395852479300000000000,6
gtksharp,2012,12,42345,31614,162,1.5,540101,10609,1.020036185626985512539277842682867464080085928443895964668344335607242578780809574151990842308142971748998609817795276800000,11
openjpa,2006,12,346479,188524,499,5,174810,157955,10.37140314396705470761203840403979192347694940053323666731453485548434756900000,0
simpletest,2005,12,27696,10606,513,3.,51852,17090,1.4962253194508849941338825958007098982217651484330447834390697463406800120111787176643720474497795568148878654541554890201600,2
tig,2008,12,5684,3194,320,1.,10430,2468,1.3099723687212851426441671583598629554022916505230742634690782037876488758902718451625674253928164588799943246949760000,2
nsis,2011,12,1517,545,85,1.,5350833,972,1.0001816869634448673790698225012622308534609970726768679633667638772210189604586020584589135254164235597151783789348640000,9
xapian,2011,12,15192,34757,620,1.5,126095,-19565,0.84412966758611376071191410706066495536625546806822294938373970593471991887445625953420029981599622707058326712775991196396532032559209339041297203200,12
datamapper,2012,12,568,1090,34,1.,56457,-82,0.99854730986586059100431469771855577182289432550067315212411811586181782341192665300596224000000000,4
etckeeper,2007,12,422,254,15,1,184,0,1.0,0
teeworlds,2013,12,132,64,9,1,81957,35,1.00042723566314917463806224372735578325261,6
buildbot,2009,12,43566,16578,957,13.5,39334,10075,1.34433849414175879614568206739301940742106611247045155831786271036793540090948816888622243394287494354432000,4
watin,2008,12,679974,539003,264,1.,648949,140971,1.277513986801632346490898486771654040438716402585659869761273405347172650176767955120516304800366309107859549314908463859952917051512000,2
cfeclipse,2008,12,139909,5741,30,0.,323128,134168,1.710033869589726716600191721526538843520852761634020796776432800000000,2
gnumeric,2001,12,117736,92600,1747,9.5,200518,25136,1.143321435494327384598610224830646312103561648418934569475991740854150978148779926857921725719038179330900907579568817116270752772915200000,3
spirit,2010,12,2,2,2,0.,942430,0,1.000000000000,9
graphviz,2012,12,56422,44930,564,3.,376535,5664,1.0152721566262705893083599074839590744009091809194799478148527372450480913306007319795850406161959914731852178743377080361530493952595968000,7
aspell,2012,12,0,0,0,0.,28196,0,1.000000000000,11
Axiom3D,2008,12,23400,3171,96,1.,5500406,20229,1.003691304130849997611976366160109620191762629199092198912583724511540534058037120000000000,5
gtk-doc,2008,12,1143,281,92,1.,5098,862,1.206318812835090752058021674832294150698895255251350401728262200150150017223804725662302927913493720142751742800000000,10
hsqldb,2007,12,166992,34983,432,1.5,253690,132009,2.08551105994283523487913083365736335420529257397585691688552308402359610947075726447702913555621056621655040000,5
habari,2007,12,42073,29311,1631,5.5,16949,12762,4.048005731637665014542805249972444384728385089456303931952581944739542696510712337631935645883910780990080265740975577131909120000,1
wordpress,2012,12,119837,96893,7764,9.,176784,22944,1.149141965687041369000602599982143560210253363264912171103523579581055084743501373130288539930460130719728734618695760523304175396360683520,9
kmess,2003,12,25626,15146,452,2.,81684,10480,1.14718274253897386415339507623157099687483850108950657570897379474455238628960120923177761465914237056545000,0
brlcad,1995,12,61194,20063,1042,6.,345941,41131,1.134939798574879658028670214004738675701613224867395887794217498113557723762415677222705885330284263475152742187794496180456343644401329280,11
evas,2002,12,1701,462,25,2,31437,1239,1.04102920723,0
pywikipediabot,2010,12,17755,12025,762,6.,92216,5730,1.066253497672222312713056344633148833761480818672268395354313471383679414631275934620696980432850507763836176814903539501051431041009145140000,7
xen,2006,12,954907,442866,5752,16.5,552679,216078,1.641941051830217252589690463892027784060904243527517617889608535035525547669775175058884348753183493805327466455593035772819386643703952,4
Spark,2006,12,31493,14970,480,2,52014,16523,1.4655546476521755733906586351763310475086152686466977400,0
dosbox,2013,12,1,1,1,0,119251,0,1.000,11
freshmeat_batik,2008,12,5359,4979,67,1.,223517,380,1.001702989643119977451811215437243733137711283725479945608114925771633033373031630124137032476414370792370397828635052561911369591200000000,3
karaf,2009,12,67388,51468,584,4.,31961,15920,1.992456829399001331638309311831640979230320794456809762258623378956603451023255607805979786310263186618016127672209202793705259806000,2
syslinux,2011,12,88706,29724,483,4.,305676,42951,1.16348272912863119287821910221468198636979802240147370619731035750084247361920417707395462418252093255008485245189952000000,13
debian-installer,2004,12,457040,268920,4509,28.,248781,188120,4.10116879062107608132030677666790813313151144958171078803764277213228156077283602029024291081431689967830886282488617580236800,4
geotools,2009,12,429501,374232,1745,11.,1586180,55269,1.0361020333688601760328683961278165688819800723640520663233157775848786718030734236775363610184292848185744009257659355054730277369945685196800,7
virtualbox,2004,12,34729,14320,44,0.5,77570,20409,1.45626075878672923812411535348885717470439156917350812200000000,2
freebsd,2006,12,516101,299121,7089,74.,3130166,216980,1.074482027579128680580570413162742835692495072113572538952140574953015866565265659825113618893037729566180507982018639967558189774171615559680,13
inspircd,2004,12,46594,22106,488,0.,40561,24488,2.52354880886249609469382559188010839981427862500000000,1
wireshark,1998,12,12077,3559,148,4,22808,8518,1.5960811755945499514160185743768,0
virt-manager,2006,12,34085,14336,434,2,14289,11978,6.18303764593619275855425840095303886093836902131717106840318008081650836186532789368800,0
glib,2006,12,22765,11805,350,5.5,141354,10960,1.08405294721928579891948031279410351783649569792083717706672538264509601116234322598969911048662331228596648220905608558278738824322635703189504,8
ecore,2010,12,41411,31290,970,9.,80251,10121,1.144317695708762734265982003663795366119128376523702339080853862347878817520284609182305784173172106945341667250684327247902413539410850808,7
javaserverfaces,2011,12,49127,10713,596,3.,366292,38414,1.117159431246674746904613102479262136677205013762925083871156144097031280905423432286959969123156413893045250294339750070861231526868992000000,4
msysgit,2009,12,676074,318091,183,2.,518003,346993,3.0290801700711811356614981149762513367524487850321238856795517976126479164101819019361600000000,2
jackrabbit,2012,12,13505,7826,292,7.,342760,5679,1.01684758262824999415949456179357398045131591409397205048897051091328926646115471310528514784771278798192598552371411778800676612232564121295168000000,8
hsqldb,2004,12,86697,70039,604,2.,109084,16658,1.1802306710410071791241890788402521770168406422217793752049778543187540412170307597664342191952939146241373035686631126806756737284301143040,2
openmrs,2009,12,97815,102973,824,5.,196854,-5158,0.97319628344209034082672824064101243592077393292364625166823899343218499687517126451818181007379316332574379792689662727485544247062326016,3
gobo-eiffel,1998,12,16779,18900,167,0.5,42405,-2121,0.94866644077461182075970245809683348883182394301867946591513403172931450000000,1
cvs2svn,2009,12,3962,1982,261,1.,20450,1980,1.10720086627091997369105740270949415475921779893253903348149651179696431735485573900632268937520715840127843200273534858248069784576000,8
jasperserver,2012,12,238805,182861,2835,22.5,365134,55944,1.1809372878210449854099705349259461887927036761825597271494534486543151795847891206760849803277896968423165396531087055418400,6
mozilla-addons,2013,12,47276,36258,1078,21,459695,9920,1.0220554721776456536890760602752927500,9
m2e-android,2010,12,115972,93493,152,1.,45229,22479,22.04775280840045000740558440539797313225490314893732601899064115263950165046054755017779200000,0
kmobiletools,2005,12,18648,8850,252,1.,14303,9798,3.174916759017895512477053689199173808876192574232029200001941724448092497635486310654318400000,1
puredata,2002,12,174792,9063,272,2.5,165836,165729,1549.8691586075607147303847141407935025565517721623293414964669828971416000000,1
cheetah,2010,12,97,82,24,1.,12666,15,1.00118567702135790830940904823622209265318172287482132790056208544408844782222126074853548000000,9
ntpd,1997,12,23,11,8,0.,133,12,1.09917355372407254361800000000000,2
rails_vim,2008,12,5168,5164,19,1.,4495,4,1.00089067022930,2
npgsql,2008,12,22999,12899,176,2.,59095,10100,1.206143484026884264557222196066370577092129552656676790196546045333525968774072484658131061037220804963080346188341485735901090696495628288000,6
gnome-shell,2008,12,13113,2702,150,5.5,11490,10411,10.6487488408203824150,0
svnedge,2013,12,1769,244,30,1,36103,1525,1.044103187002137640697793874153460080,4
liferea,2008,12,52772,52954,906,2.,96724,-182,0.99799528560659469673894678430655148155312114944832911173396903949259742537629856082791074036136610411432818796154341771431635305381756928000,5
privoxy,2011,12,29301,42723,207,1,95374,-13422,0.858593733516068412902249509018360822160233935147872133452492504405410340947424518763234274128529953226814482432,10
freepbx,2004,12,1167,92,33,1.,29659,1075,1.037608452280062580248380,0
doxygen,2006,12,21615,9839,99,1.,188887,11776,1.0665472402865954259070777433218217034954127219738650073653572376030294797062772274594668709366759207028799151229587070848000,6
abiword,2011,12,229297,168528,720,6.,980070,60769,1.068803610411314555411785324117927595869815490823041443283781407410388575937177325245050598287130540036032883708577419822611784689219906404352000,13
jpcsp,2011,12,76961,51457,553,3.,153733,25504,1.210059878276889036122238339014249029820976162578907744966915944750800867945325107941386332309087216359812443702382134864096097766225600,3
asm,2003,12,4110,1967,95,1.,9474,2143,1.292320283735842339560379622130926560496665714304770266790239496452181345439160550551305418192498583040000000,1
jinja,2009,12,1498,1906,72,1.,10383,-554,0.9449139902549658091682159396279445391409158848129132258184276342256192508036965295001697640000000,2
anjuta,2008,12,106108,107037,876,5.5,308039,-929,0.996857473399908970575982851578844585950596733495966792302370391033788404495778456841784809924384024739927457457412668544140928068788701555200,7
commons-digester,2010,12,47514,41482,234,1.,45144,6032,1.17612707305844817912911256885667113026037223967745346259605244902536250841951232000000,9
ocaml,2013,12,3542,2142,119,6,317914,1400,1.0044231850727791683799020041178850620,18
setuptools,2009,12,210,96,7,0.,10582,114,1.01089033244194302880020810000000000,5
paludis,2006,12,117327,65101,2081,5,66293,52226,4.7126608377511826523921102555644210363187390507669050207319895524429470058654067142706664008808552529277725409600000,0
nel,2012,12,8396918,7889842,1142,3.,2259259,348720,1.182524408035724463937022868024993404041133570715074461711247197181898547147681041122764059494567248945741824000,2
deluge,2006,12,67171,24145,86,2,43972,43026,46.48202960,0
synapse,2008,12,1212384,419369,814,5.,1227592,793015,2.84242135588416404701516346110064980379675554681162433944718257448920864928796691589320033666181796464007249139816018180875170720798705664000,3
viewvc,2000,12,4684,1522,119,1.,4662,3162,3.108000000388031086964991202596580595302747937317428928264465499431875772128000000,0
coderepos,2007,12,1825967,225597,4763,46.,1603924,1600370,451.3010692673023397971165129693628520750,0
nancyfx,2010,12,18385,5285,229,15,12728,4774,1.6002011567,0
asterisk,2008,12,334930,233578,3454,18.,496667,101352,1.25638288454011929081602367709956056763663146757908278465379772118645074665733205309309791588122706572428215070238714089681822935513169920,9
cocoon,2011,12,17019,7730,412,3.5,1314581,9289,1.007116786084582090593696771024574674470720357037225599397532584752954989644799492403726097738581890067469474709643323563992340217370173482505583252796141000000,12
packetfence,2009,12,39150,29788,1020,2.,43875,8229,1.230853391665800483937870168458132763390208900485407087844559357171140268546132393898360419290250924612076084358460789561427562014024000000000,1
heimdal,2007,12,36296,22750,1615,1.,213317,13546,1.067807639749388666633972924458279948357986276652036319609728963524874157927784524947257058204196403329751954105696004767125274978816000,15
itextsharp,2008,12,13663,12113,10,1,272539,1550,1.0057197893642387318765093153969546936000,0
jersey,2012,12,247072,103305,1009,10.,308117,119397,1.632667443805514140185094810053211017147185720770702988695761383206909915246010261698084387681652575999143601364680785164240607112396800,5
buildroot,2009,12,15185,18280,1108,9.,59969,-3419,0.9448192382220574361225772412050735065520373259705886506016791763259838744986568966948061046232716748824794787459413063047878660750679639040000,7
struts,2007,12,0,0,0,0.,302637,0,1.000000000000,5
jhbuild,2013,12,7070,566,145,19,95740,6504,1.0728853825816745935524138334703727249,12
mongrel,2013,12,0,0,0,0,14799,0,1.000,7
tcltk,1998,12,238218,6356,792,4,383706,231862,2.5269750534171490350046164689279807350939967512460180075302858680195191558205727661312796707484664998513868800,0
Gentoo-Sunrise,2010,12,31907,31208,1894,29.,32555,699,1.0239047912307155823417732479205676334258918850358467642502278251590334236365497087048546772379570949488328845317314695944715714506225254400,4
ansible-ssh,2013,12,12453,3614,751,40,32892,5066,1.182059943934634973350618319350520,1
eclipse,2013,12,10321,6338,434,29,2736603,3800,1.001390513696409067699395512112277993000,12
sesame,2009,12,49095,36789,639,3.,351208,10058,1.029482632276208349912676687615664712570608501111095391109261515651965954651944088696809711391199105897605006812272938795659689936928015443212775424000,1
perlbal,2008,12,820,473,57,2.,9836,347,1.0365686584451592636574693552603552944496900037014724581313282531877848266377067640447285628935054831283241510357290986100000,4
banshee,2012,12,99271,18740,293,6.,365188,74204,1.2551631649229000707260378430076845326969411170286788409492895828952037039827185709840703344135200262997833764396011140871255082302789808718538600000,7
winmerge,2002,12,3187,215,18,0.,51366,2972,1.06141257180972752204727942575116152000000000,2
meld,2010,12,6965,6349,201,2.,23480,616,1.026941917422928217464039970847899439306967400805389233976089993208525247433554467998054335793522341835571428539815422361454673693440000,8
pylons,2013,12,10557,3672,231,9,210406,1765,1.0084595069996599117426793532790622361,7
umbrello,2009,12,63640,16662,101,2.5,198281,46978,1.3104895474254057645733265288463969948950462578530807523494062027110379243979819602223051347776718929169755690203462187500000,6
bzr-svn,2010,12,5726,4663,281,2.,24066,961,1.04159272884994291208850848610049156202138875335266847307559981963856785020994764789829555100181338312756986778586827655219014425061743334327582720,5
agavi,2009,12,21421,6759,138,1.,283480,14662,1.0545424785568975421108606481077031222339273808666881902729504878285614526762671803983378918263785272621007339520000,4
impresscms,2011,12,257641,198121,2131,6.5,895208,45648,1.0537313432854835179291223493476271702466628070780635308324287792803024876374898985148441480999123842622448922708481746235928131132924946458859468002675200,3
synaptic,2009,12,1571,669,136,1.,115128,350,1.0030493648611471810658007301575875921895839319033122712508710287564920519599817532770085241637881575801196309789798092730966510000000,6
e17,2011,12,108598,92142,1694,13.,303989,16456,1.057424015069051278026982784811250048948752437650812897619025660176581492131744639069072552119925908028829876163628068360437694697929577472000,3
nautilus,2007,12,21397,19858,218,3.5,107016,1539,1.01475381547774447398679809951685105271053702652659939944878786532940203893522796065325494619795754541259942135216061987346903870458078207868928000,10
wxperl,2008,12,3179,994,138,1.,51846,2185,1.04399830853591916830195459032316010571104255194962790789369898976625826346590081770955324725972520398904528417171960822600000,7
pyopengl,2001,12,327449,214030,726,1.5,153476,113419,3.83144019750324171290558624853680960326327644169570541420592002149096842096542781448730940373703947509868730880000,2
qsynth,2009,12,7635,2732,101,1.,15945,4903,1.444031878262837933461384949310104855692879434326077235240957807098811814905842850523325440000000,6
octave,1996,12,156902,73648,1026,1.,218789,83254,1.65787435794675137120621881082291905515989671627482707996714205544034528554596086317207771816716497268671046357971353141248000000,3
openvpn,2011,12,249751,27871,1329,6.,400725,25437,1.0677799450050083031065063523941784863937721626532514941497200828716376806071437734989689032195394506302368108851879353080514746481849443442480000,9
sakai,2007,12,706330,377161,6977,31.,1260512,329169,1.390058265377566268484661707882921136908152557890639694064011822829427921273966685764896038097010326692197346202155853415996279515443200,1
cdexos,2005,12,0,0,0,0.,176116,0,1.000000000000,5
premake,2006,12,0,0,0,0.,18456,0,1.000000000000,3
rosegarden,2011,12,105072,82140,391,3.5,710636,22932,1.03334574176847565271061640151711777897552150206813282926085329357299218119217069615353012743548781533541207448988566408515638472363935005776987081932800000,10
clojure,2013,12,1271,375,73,3,62301,896,1.01459164563229796595991834599190189392,7
midori,2011,12,11234,8317,777,4.5,50058,2917,1.0618781952009145097270399001283108583125510424279784995555512055591178807782278348567685453483872077722746853279760945515716233071186223513600,3
theunarchiver,2007,12,1544,708,16,0,269708,836,1.0031092862027324332756064000000000,0
cobbler,2013,12,771,414,35,4,26216,305,1.011771062483058122248623712363709787,7
three20,2012,12,2903,560,53,0.,54673,858,1.015943510170398785263470000000000,3
WebKit,2009,12,823945,448017,15532,62.,1868682,375928,1.25183519857648267081089714749253788192323155600800573619686550148293622960768543024001024669009364866479557672516312689929297369497600,8
fetchmail,2001,12,8482,6495,515,1.,21755,1987,1.10051598541927915544779917024505972608730759022769964588919148094739772525474850034201813412362699277630931978206255589748533705770635493056640,5
ogre,2005,12,137360,77705,891,4.,259147,59655,1.2990345477486627952520616553758850317217129762894964914224651184792996602605550622763089674405725421471486565415914547264325626707968000,3
jelix,2008,12,44990,18762,911,8.,66480,26203,1.650569804059629082490002618456346284416051864412762193491766687659085460883804880493026321104321323228399182582588335184759139842662400,2
openvz,2008,12,49900011,33947575,79145,599.,24304272,1282752,1.055719691838247892902525579902007412337937439740771479672756821950210815538723090258759939805782585158835156000524682775080131543473678792125440000,3
conky,2008,12,44683,40145,451,2.5,25775,4436,1.2078822812653785987903255568804617428637528500364652499772403803434732209985766688748472289461369588722086892799440632384957440000000,3
tesseract-ocr,2009,12,74519,77413,130,0.,141148,-2894,0.978747934639435388966156181656448468963052286283200000000,2
doxygen,2004,12,16838,6650,189,1.,172015,10188,1.062956119809422150359187398959064177405287993410838504284771874745748875620122206806615464119790854509457051216095342417656056914461915067590400,4
opentk,2013,12,0,0,1,0,856399,0,1.000,6
mondrian,2003,12,1328180,1248028,406,3.,759802,80152,1.117931288162020855842946545550965995714121015737071098481690804518395935913987255065555428347166302010106227799665653435481761651756344042043827200,1
nedit,2007,12,764,632,39,1.,112881,132,1.001170742090814657964380196990612994914738739337038483260295540046592719550656000000000,7
arduino,2005,12,90668,72288,67,1.5,54365,18380,1.5108393552238486340170825492462835028301459066776,0
supertuxkart,2011,12,47882,29241,2035,4.5,95668,18641,1.2456803954092268488724378564136865817981013749220838445202050476179170414391901499785457740076054892178465131498586509887570632704000,4
ecls,2005,12,40731,93802,716,2.,417788,-53071,0.87776165469020446339212752082052332626609674638917855437883338426066341212342641578556944328370908023024306431111681519819911255756154513215488000,4
tao,2005,12,542326,542161,3077,17.,1233813,165,1.0001338587054914299817462998441352601511438559249282963687735955941758646315238831910428790949920389889078537916063905428819821506726944000,8
velocity,2012,12,485,9436,15,0.,51153,-8951,0.82500830877086136348095652686284410357254451103482000000000,12
node_js,2010,12,100184,63555,2235,22.,75824,28203,1.592238718267998536280648930940043079229614514838875478100664215809135546420848847756278604376727986846274459055884177403689156608000,1
cheetah,2003,12,168,92,24,1.,9057,76,1.008467966574327152177958094894300276593290729030105235924143458697817905862609125555674698670571520000000,2
xchataqua,2005,12,52413,26315,483,3.,282453,26098,1.101804138794292116686544209352257294268980821724575614008571531094887799132663188965499637108692184580075034320003725920291787109344583680000,3
sylpheed,2005,12,55480,55891,681,1,105073,-411,0.996103674478052178378694282100484408505926706436747146327465094819910071209598145011032842832696426746806901498288343329300000,0
plan9port,2005,12,299128,131772,1790,1.,719006,167356,1.303373515820420182130306824970273659596654390083581794310567043957732426033461659118729603993217608428202131166068289499081932800,2
fusion,2010,12,47399,16184,181,3.,118456,31215,1.3578019508943151208998013591100732485377266352566123495890888711575875156305052021760153844647269187941858688320950400000,4
impresscms,2009,12,655787,501147,6426,15,880530,154581,1.220778274812844960527100855565889849021169060377894070591802084893744700046413472080125647842789967595703871493354785048877440000,1
amarok,2007,12,235858,203109,3885,17.,214009,32749,1.180674169699606094479578826297107801508996107089279309826700223022609233535337366008725527248176033713466638310872369771183093200000000,4
cayenne,2009,12,118842,103196,497,4.5,260992,15646,1.0697535487629670228707570717765006285798591792399875025553884116103123177678867127835636965975383612585585042621033041808528850818068549632,2
iptables,2000,12,7642,1458,131,3,13274,6184,1.87221438655099953909452436254833174112383627253195056642721103640671784214669912220946122265799040,0
jack,2006,12,50720,4720,200,2.5,67278,46000,3.161857317113932623802050262764224478197406234117664496829999573335747983102268768223872273208597825679995832876681472988361656000,5
ninesixtygridsystem,2010,12,5341,4011,16,0.,5973,1330,1.3361981799967149833285397010212509217060077600000000,0
Jitsi,2010,12,133421,87089,1477,7.,300291,46332,1.18243889763397877407894640282849698763880343763706422854424234969043886303941439253503453091396227597741112204629051670112559847424000,5
stellarium,2003,12,205024,46352,744,1.,208890,158672,4.15966386512122432339394205258288648905183764260251587378133859458547823867192325306318108777271670558662959577016869882036096000,1
freeelks,2004,12,0,0,0,0.,30742,0,1.00,0
yaf,2009,12,201422,90566,1089,3.,189522,110856,2.4091983829557237799264968569711213641957700284900726881237015521764871052557486245686563056185883811126946564075471680321385617126400,6
pekwm,2011,12,2905,2947,72,1.,31675,-42,0.9986736562880648356454902589843826574876780616968107077897807106533328951042002895241575878193667276800000,5
SqueezeCenter,2005,12,162695,157783,2943,10.5,192419,4912,1.026196355369541973647692247897297803657057797010162863605351622652633896291732186319253526067596856108956933151995632548346673660800000,2
syslinux,2005,12,46236,5931,165,1.,61335,40305,2.916547788543869308553002383400657405193027717295146188835172812648284337673601856693189760614400000,7
eclipse-gef,2011,12,79656,41890,486,3.,275693,37059,1.1561509808849554040427466360954133749643892628004561711480903482652491408253966798580765866363890752639549309648252646934728776271032809404800,9
premake,2010,12,25595,11070,372,2.,89942,8050,1.09844686314881377212414310560135695246412496980997336149740269315183235195422383832999989721912885437285045996996553924989084903720000,7
moq,2010,12,23009,18410,117,1.,32619,4599,1.164132762303696933090960210291279048014925591959430134232033172109390360823420075618186040336640000,2
gitorious,2011,12,17063,54478,554,4.,253432,-23245,0.9078153689965694103196614160843051909253833578501647842976392193999704359944140501736434915706734229030561413358000404983791069202831998976000,4
PPI-perl,2009,12,15881,8343,160,2.,17332,7538,1.7696548906790937878092136597256696079428409499509348990242836288542840737085866805364132649314747801111409887613792151047404827832107008000,3
postgres,2002,12,192838,196664,2260,8.,357368,-3826,0.98825479662749113083892127270306095087325113516717971326707816273864825084337993167168275863770258783915382106653534243908017235889160000,6
lives,2006,12,32869,12428,397,1.,76006,20441,1.367875461175367870151079660828724181384788051734906350883593342194843485659748771183946934683901091687272470391932157345911635968000,2
compiz,2009,12,221065,244842,1558,4.5,135446,-398,0.99703440978463015722019507766569045938853454987906547442917443309270091303789289810812043660204792046067885105479190222527833080392400000,3
firebreath,2012,12,55763,12261,208,3.,70209,14824,1.2676536969028147752254161976131840412179435614185503336516254763274365958628554565382223520625079954753637580800000,3
hal,2012,12,0,0,0,0.,83547,0,1.000000000000,9
mc,2012,12,112914,82824,1390,5.,230946,17510,1.082334132688051090867181166513687868333189626401888974939285926038676146471468036731279392156954355563469135171991802084131872073525531236331520,15
jain-sip,2011,12,0,0,0,0,114252,0,1.000,8
h2database,2007,12,152905,141744,605,1.,99014,11161,1.12704176294567098393654570050139836769343382925191358004203623327658216976549550118104615427898931825977910729701419060815290804371430400,0
beagle,2004,12,79570,39554,933,6.,55218,40016,3.6322852254727186962526708392022748597845148893979129260582376144824241109759612153600,0
mplayer,2011,12,36263,103154,1645,7.5,465452,-66891,0.87407899636996090694306889902786186984420238184047540044650181704366556693005911207344923672791195282640454321793268129218859956347741092972463001600,10
weechat,2010,12,27443,11192,493,1.,114447,16251,1.16549553953697125537182075768121308889147242366776441680457704800624612894316266366489387603395626169008804566812656869100191817269248000,7
statcvs,2003,12,14247,12049,219,1.,9038,2198,1.32582270975976660767169639501958913747558410485446933711356158618768208535187200000,1
pywebkitgtk,2008,12,16235,11722,246,1.,5212,4513,7.4563662380433199486372126492692487237803865082160122278342069052248455878384582100000000,1
openportal,2006,12,95458,18993,583,8,80870,76465,18.3586833152393308934894968078700100756048553613724045662630521822169040,0
illumos,2013,12,11492,7468,104,14,9441170,4024,1.0004264001002613084013561737495830950896,8
geeklog,2008,12,147379,98471,1594,2.5,258103,48547,1.2316659985896443628901838118584223637553872018486295614727531260385395948566616524624639384680815740493338638110173338683705430739184779264000,7
offlineimap,2013,12,0,0,0,0,6309,0,1.000,11
statcvs,2013,12,0,0,0,0,19970,0,1.000,11
spree,2008,12,755354,584184,1788,4.5,361470,89224,2.62580174929229691499018307386710862926035500266580667556084467965333365600781236932262926827357438310843904,0
smf,2013,12,3428,2746,212,3,186851,490,1.00262930548797404562019165249258959490,1
zimbra,2011,12,0,0,0,0.,1741452,0,1.000000000000,5
rails,2010,12,340649,341635,5660,58.5,145701,6556,1.0471163175051821611204742454009150084013003207981109687217610249431061415607094645670638727840250026750917121747369698380349440000000,6
unknown-horizons,2011,12,144500,69713,2622,8.,56527,29917,2.124276587754857157069653927234668760049711596674734240497953502598857030146577736890285678176525156622984653931474114788645577687040,4
e2fsprogs,2007,12,13011,5471,276,3.5,103975,5336,1.054096249948103691393226870063636117083377702324417433600158811464858826140415410494686808367224251371361404653555507644121733293670400,10
zenoss,2010,12,4601893,1884673,2259,18.,6026893,2717220,1.8209934939022295063754726135608026437777462043090375653098651253348935746381523394261040759851712032411071421973523448275913992522884430837646950400,6
lives,2009,12,116682,6604,454,1.,193393,110078,2.32122666978806155097844892209861043293346830067689643425189208801096590632721639398551224439313287930934539805594159601294386891776836000000,5
derby,2007,12,123086,69190,1645,12.,561243,53896,1.106231041091743088045635594599270272499444162801276277183259921412284322573388895672648959837895519945989784269126222286904909515703474823680,2
bison,2000,12,11843,9249,178,1.,12314,2594,1.26880829015064773261903456285140581501997237311913335918989443057408075005824486400000,9
freerapid,2011,12,25439,18893,451,4.,132528,6546,1.05225012372341766912120928633118590196992865518952578695332698879587091578301424128118229324732164497535770852511906217179499793109252988960000,3
freenas,2013,12,16396,6137,355,3,171682,10259,1.06355352086828625236440178722209968,3
devhelp,2008,12,6319,6557,196,1.,8760,-238,0.972756410235419195700383629834003383076298574035162706651238094680567832251536000000,7
rproject,2009,12,115307,92839,2261,9.,649273,22468,1.0358452788309712737809672202465336644760519759929759322128444269112893297615702522205219617873331693897879002964062012288855461425456877255069811200,12
secondlife-viewer,2013,12,17701,11294,70,3,1094478,-736,0.9993279852156476738541541590,6
ree,1998,12,0,0,0,0,67054,0,1.00000000000,0
librsvg,2004,12,30388,10090,510,4.,37842,20298,2.156976744179655908926179234299954608698524295283881880970634616548186926185276402211687160642262529099005099039467295158674030565480652800,3
deadbeef,2013,12,0,0,0,0,207029,0,1.000,4
phpgedview,2009,12,140756,84411,3852,7.,358757,56345,1.19118340649815070008054776906944643748094686429357480914756343643690420120184081382074246485675327092424764902168723079879380480000000000,3
wordpress,2008,12,107261,77649,7888,4.,100718,29612,1.4164486822536688698503970056618806492378765453974993907192434995051046347951968263993629794623690340520150069253465017474981106924000,5
tcllib,2013,12,0,0,0,0,532215,0,1.000,15
eucalyptus,2013,12,614664,190860,2199,20,1179415,145232,1.140431625738675015351720210901750,4
totem,2006,12,18188,18603,634,4.5,39977,-415,0.9891050379247963954922297392426528043700911556911514101820736926686261319115199811218995198202287494138159107604276177304308070834752000,4
openssh,2005,12,2931,1458,136,4.,38421,1473,1.0398668398744482133619003017616117862540994538823968061878654870075322312425702043943670417362074385387201666737581830639940142945032691361024980480,6
xom,2007,12,35649,138,12,0.,116383,35511,1.439101295899819065593639521480721880000000000,4
simple-invoices,2012,12,97382,79777,180,1.5,279750,17605,1.0671710697015747642659482260736021843531726250137169910374400000000,6
qemu,2009,12,170305,100688,4459,37.,445971,65289,1.17150535091695585562434767290700388679540913849692145369851020709992993074618035304059002618070584449177065717405900807547192819508800000,6
kss,2009,12,248,40,19,0.,35474,208,1.0058980320992351952661886212045933811514902790925221984944125760000000000,4
buildroot,2006,12,18597,3066,488,4.,35774,15531,1.767228177595179948928029204154841250244264374970726027559444340494821392945550210167050782515964889417351987059923822530641348885859596800,4
fetchmail,2009,12,4591,3862,118,1.,48282,729,1.01550041461594668558927785612962188242876869234809235240958539274415352991384765889297600000,13
libgdiplus,2005,12,175557,111590,190,4.,86103,63967,3.889727141357314215181312361649639921454803052672223322697444850263746934893244432877964915381463796283412781003277143591931179571574845252000,1
stepmania,2008,12,0,0,0,0.,296053,0,1.000000000000,7
knowledgetree,2006,12,479892,208724,10072,2.5,558884,271168,1.942484950459945048500459335057253763166382602669209457544096195663403259696823704798209403938437989943099937906035252947293409400000,3
ledger,2011,12,6440,2992,318,2.,86600,2432,1.02889459176625061844962333780263277569733452271532759257142018230974007324278177677265737371520407083063989614280542589277846200656342784000,8
opensuse-linux,2002,12,83836,50344,2340,14.5,55915,33492,2.493644918133527276164338813630551547861042,2
cfeclipse,2007,12,122176,104451,221,1.5,233482,17725,1.1035127163752499465023467372070392857776706758786317308490540987542638770225747646958065024404265310879744000,1
connman,2010,12,32402,15464,1080,8.5,45848,16938,1.58588723625155313910447883323921884339912831564358769367419078261622970380424298853529485139448177469118850880238368602001970176000,2
picocontainer,2008,12,661693,268049,1499,3.,1125350,393644,1.537981101697118803803090805674391817538770213599725096535523602180323079856827544460944925153670598216820099714231820333083623754083692800,5
cvsnt,2000,12,0,0,0,0,94548,0,1.000,0
evolution,2007,12,133353,124483,1608,17.,981336,8870,1.009138479386662680876347052075631353706239544544492099074507724971208359257456789817394335123566693629268242419768723008563527755075161952768750000,9
openscada,2003,12,48559,40894,271,1,39984,7665,1.23832473111078627558870202859870641420185849193981175372906485306142123337270108132662396723500800,0
sox,2005,12,2211,2003,59,1.,39755,208,1.0052595645689020009559862637410222263629707981369063783360176330408370499800000000,6
puredata,2011,12,0,0,0,0,1846992,0,1.0,10
dcmtk,2001,12,78767,21004,312,2.,194429,57763,1.4226581593365158976690560169447623795861005699765420982141576890663614731145205690733282021953890157918396131727147892546384645003149678985086160400,6
imager-perl,2009,12,1122,376,53,0.5,53567,746,1.014123170709680625229591256544404126023575082460957588045520000000000,8
gwt,2008,12,178562,81481,1120,9.,236678,97081,1.695437581095441865749187684838839261636801334621861588964891121819009404302736113144948336778989102419357742197140117429593414400000,1
bochs,2011,12,91900,78666,959,2.,301577,13234,1.0458967271683714322165689768386628715854968440648297588112607307074197553072153592108686912282048673190079706664374916279855900005700915571200,10
kolab,2007,12,49986,151257,632,3.,132951,-101342,0.2194193901315460769561132196111269904664719695181478734202711002543854760904928399962518750608875093265989622204353594431983976253798103040000,5
neooffice,2010,12,98552,82146,315,1.,399675,16406,1.044813871945156840340176561811147149603049323066988949356627962223269660270806847708257858188381422237429321819198537930559237241004800000000,7
m4,2006,12,26594,82310,1316,1.,109590,-55716,0.491595948547449676360252771742906984226554096105519567630319296471709213730315797121920000,6
phpldapadmin,2008,12,794,762,6,0.,28095,32,1.00114029148700000000000,5
logicaldoc,2011,12,957579,22829,882,2.,1673854,934750,2.264706996598057734923863225627940339287641250565919739052363427781676512891953509096304905114383088920684476466866814013919381348679680,3
civicrm,2006,12,470933,259631,5795,11.,441674,211302,1.917220842749634788621541062273517354605807972072788705539458791597157459923279753021609929463277484646050381552996370231276339200,2
snehasrinivas,2011,12,0,0,0,0.,47971,0,1.000000000000,8
eggdrop,1999,12,162303,43490,612,3.5,169566,118813,3.34100447317389184527933605929419290399254418838116159808679267200,0
pylint,2006,12,1722,938,118,1.5,1102,4,1.0036429872500000000,0
libphobos,2013,12,6644,8584,289,19,243124,-422,0.9982596000380644316294647568880957925,6
opensync,2010,12,11461,10922,224,2.,129213,539,1.00418904319987756982463493490766873133305870963450420288788745083312618520671107001369920559652857957006868480000000,6
chicken,2010,12,860596,1149432,1196,2.,531467,-315099,0.40585249407575972995367913589105905846203734816657546953567571056482575363814147045560287436642823820418198719237133379279838161090949120,8
naev,2013,12,1005,614,15,1,182066,391,1.002152194852995345113952870,6
go,2006,12,0,0,0,0.,7,0,1.000000000000,34
tint2,2011,12,1244,662,29,1.,11870,582,1.0515591778873866631030373483410641178401945817671365526853955643825428864630720721600000000,3
sourcemage,2005,12,63243,58319,665,12.5,35388,4924,1.1616334033599506175494840623171952224700712181537050464571437162973676108041508674667947546031572385850572771015410826488498595159680000,3
pligg,2007,12,47180,46744,1181,1.,48938,436,1.00927876734444202836992570804542070000993691588197851208429214720000000,1
mh-e,2005,12,7694,21624,136,2.5,32283,-13930,0.56113543995949677437719808257392974920011741588236273535269995366338449948782995172497800091786960269232739695875818729694466598917557616730521600,5
cspspemu,2012,12,197314,116925,567,1.5,113150,68777,2.6759344996540324542022079227902392225808088125357630647145343515370337675683123957974378379072803633930640868585786572800,1
k3b,2001,12,40185,10718,269,1,31455,29467,15.822434604638186232386179109232211619892355407292100843414670198105302693894400000,0
freedroid,2012,12,4226,3397,221,3.,132552,811,1.00615601824790431450640801976716701748798682948904492310889005468934002429547231528221289647975471576461415162142093226836345667544837169050608937160960000,5
numpy,2003,12,4604,2556,189,2.5,95070,2048,1.022016297221069294659988492725859218887672992032559927785794699850941910779647409744181826085919214826192285640759419335808000,1
zsh,2008,12,9531,5319,295,3.,100271,4212,1.0438480517193529389811641634987990580625660601441271015896984900641185537053678622034791591315879798557268536218792421334346140121548232387217920000,9
racesow,2010,12,930823,91950,621,3.,1775223,838873,1.895896833433562135220651681089910933735962824128147230902687422928663881425644006480489381319290963943248955887798426986240000,2
mldonkey,2003,12,372691,268394,361,1.,205895,104297,2.026565483390297360418208489508723922268621786588544422146468488386851080891900932337285308013417428185600000,1
php-doc-translations,2011,12,889672,399681,4274,26.,3863544,489991,1.145244790881760007494166154896444993218261689306913933302785311854777769683673994281844353320076073079713033702347390601347321833323520000,11
cobertura,2010,12,1893,622,37,0.,94080,1271,1.0136947925304149868137264626510013064212924797983079437983286000000000,7
busybox,2011,12,11020,10470,665,9.,198659,501,1.002528285513304440611404166807652091765887729354370713046778187487644519336288737769331972797710452426432753981138106691500645248190221985513472000,12
kopete,2010,12,6524,3909,269,6.5,374443,2615,1.007032821626917595628735073285753646796999149742152256279746093836366034853622182632037671785940240244932094653532200732731827879158647805091840,9
sass,2007,12,14110,5227,509,1.,5043,2723,2.17370689653043693460496371436369658433076316714033818295122922258064690925301062412272488735282357821879798341542215680,1
communitymapbuilder,2006,12,60212,40926,546,4.5,302092,19286,1.0681951585132015411518710076628166996880582838580798987001315070147363556870406753203541364425281979532442900601140714612942688506121823488000,5
php_beautifier,2005,12,686,200,17,0.,4754,486,1.1138706654197797134645303643682266067498285160000000,0
ankhsvn,2009,12,40586,29323,886,2.,117513,11263,1.107348455971831834730705219889109297103638195187606431731240666320555396928916134338242602744462650392710839361588074349571196155346128089600,6
smolt,2009,12,30346,15056,970,2.,15328,312,1.0213610844806551624479163107139376891696947278926955962251216453029305255876818980073459291442438700815355027853735680000,2
wget,2012,12,1304,713,92,3.5,36421,591,1.016494557632381737826430397790588592027638066894213347718849803077949018475006556000302531047485300531940364095964062044864811348979545944177008640000,12
handbrake,2011,12,192164,123804,1712,4.,375832,68360,1.22232918766768269041790281420811126058841325094060253443855611345366334947083924113934112369347202539798891849614086666417997904626080000,5
mkgmap,2012,12,13773,8099,121,2.,55103,5674,1.11479091221303588618262862033149041518431887282912674875843759532044584624713578782313334640797835949714766661937791725432358959703166720000,6
qvm86,2007,12,0,0,0,0.,2416,0,1.000000000000,2
zope,2000,12,25659,12395,1050,8.,116247,13264,1.12879795695315165607399559378364784611751572817928568226011032734712968906568079120380595426486437954206227587203381209542875141759288472640000,4
etherboot,2003,12,153805,15712,475,3.,285404,138093,1.93905681547689419357807437507721163646152919273581878782737457226692281654421420823503796301029971756977183804284385257125867971057474969600,5
Tulip,2007,12,17752,7441,331,1.5,263564,10311,1.0407142264808526244789117107221316491096002319950594749549213212448596321811150727685270991802837272036434713120437245643669701562919190678199936000,2
commons-digester,2001,12,6554,452,144,2,10746,6102,2.3139534883819586005774981997201269607412578191874372255153652169985143778400,0
grass_gis,2005,12,170864,72876,3876,9.,934170,97988,1.1171850147392047206295054618440293566100842132764421643056068938594695925417187925705612473578785584476368001325528745406753043550030889779200,5
gallery,2007,12,57635,27404,1908,6.,332810,30231,1.0999110975923723421002910570587298258637588955143864751348958884648337475693274537084576664726624877078668862345217630382770248329068544000,5
jahia,2009,12,271535,334667,2931,9,514126,-63132,0.87377512975946404517404513307622001787915048338446545070909125996233020295704,0
fetchmail,1996,12,10163,7415,556,1.,5240,2748,2.102728731980073018015379403013243972078363492486611100000,0
j-wings,2002,12,30259,24999,310,3.,39240,5260,1.15479693937455022720258745315224760317820154942880230333722324994006543160789285538179219070462421146394775756800000,2
dojo,2013,12,69747,28711,716,10,700362,41036,1.0622393171196294070929475039988964,6
kde,1998,12,1054806,470364,9834,41.,911121,584324,2.788033549663461222197941703750663452711501451700158964518205044903106854487488936269927527161085637395660709906059759326047941120,1
cvs2svn,2007,12,15207,9568,976,1.,16346,5639,1.526664798744006717151169776527006515525495703242600969391140592350316119909761470234459829382356794980690278541230440298351319400000,6
rxvt,2011,12,0,0,0,0.,41399,0,1.000000000000,13
mcrypt,2011,12,0,0,0,0,149806,0,1.00000000000,11
vegastrike,2011,12,88115,12496,218,2.,880380,75619,1.094119389574789280678769466595598108478409790544083793070020473002135480902967160322450527093218443185733840151623374320793831560163553081440000000,10
tvbrowser,2009,12,97129,48209,803,4.,186730,48920,1.354981496297287845367041824513613261071483668864454024663804815422546340446033347169221779216235127952419449200272774664731036230737428480,6
rhino,2003,12,25154,21817,430,1.5,57228,3337,1.06192128555485845580509565482603922642029700908303194671486790601831473037979738585288199157738569594426546720094534952444962803305007441219120,4
openbios,2007,12,2786,3260,91,1.,83365,-474,0.99431416061686460365004504321458481148692349581514708848982745126749666040422421875128795969273892307478831983975424655360000,1
xmlunit,2001,12,875,328,7,0,832,547,2.919298245533873144400000000,0
tinyxml,2012,12,0,0,0,0.,5013,0,1.000000000000,11
kde,2004,12,3735420,2198344,60372,237.,7053120,1794712,1.341303299406037009407882987000569411137601549337523449589711126528064557450394248474516702719058087636299810502353100930088575488000,7
cdo,2006,12,217042,104300,1764,1.,198553,112742,2.3138408827722683114170036869841055779477850393271223129021014623048777774441373987840,0
nagiosplug,2002,12,11711,6020,227,2.,27353,5691,1.262718123902354512796475953917934773565008230060635093496913781436738343568505801835595849041717785600,0
MacPorts,2009,12,384769,240048,2016,18.5,1385473,144721,1.1171594691995587385393179988701154845079509598473224232477890409518490756194838411442616185381451263523199285637169564424673615103180965376000,7
iptables,2007,12,14050,19681,271,4.5,29401,-5631,0.8254873400206818579620150178976192362125324520519520704274664251795327263967205724130705082281569215398225701919925645833367549745561600000,7
tuxracer,2009,12,0,0,0,0.,27025,0,1.000000000000,9
libtorrent,2004,12,19732,16415,287,1,9555,3317,1.53174094261564465556568985970049707838645778433728392,0
emacs,2006,12,421211,237305,4232,33.,1332186,183906,1.160157801236066163417714998221875427126431605822081022170989194312328886977181376583286723565881360912881623644800835060574522123521677363200000,21
ampache,2011,12,95835,83881,369,2.5,96127,16931,1.226438057520690109044157392184440206196712237913732528871826528428762531108470437168878036369898624937069274245852571270996543242917035974400000,6
love,2008,12,336569,380947,522,3.,147292,-44378,0.71470633606644455328184517438962328813525695074237609945046526475789744724218173603404943209273125416802296429586287300678400000,1
redcloth,2004,12,1534,717,44,1.,1762,817,1.864550264521653861244169687691166825786489141727814067299225585804238813159547450048583312413878272000,1
mutt,2001,12,12157,5734,402,1.,67225,6414,1.105474338518736280680778886833015761170693953390094204234052253905888998604506469216244332058793303194196144757381479967524423485468780547424000,3
swi-prolog,2006,12,274767,125958,2770,2.5,1011573,148793,1.172457636935713681194669733523871077136045389364527726567302618026452729897419615755506215689932589076533150902473106829845782625761519620000,14
Syllable,2003,12,1157631,1331068,740,3.,2948249,-173437,0.9238629509545927552770752413990149638894990484819693315061349457144361599588553252921007529942276862261683821945003523854116922910720000,1
wicket,2005,12,180299,119274,3522,6.,176546,61025,1.52825893129085579203046344488418009601292167581844052128598915224443767479296972275586825325416496773589585296860980277916129996800000,1
windowmaker,2008,12,372,234,22,0.,112328,138,1.00123084607276249508265422248658518475378159069388800000000,10
squirrelmail,1999,12,2480,1104,90,2,2408,1376,2.333333333,0
freshmeat_asterisk-java,2004,12,1056,368,8,1,4652,688,1.173562058526688218082740247771305,0
audacity,2001,12,1722,1094,46,5,26024,628,1.02472830367,0
cmake,2008,12,405070,43330,3906,8.5,825524,361740,1.77997516086890054390635604063298779901568011347846251309866634625015768336533330461711545765960641173907871387685040455164363006209547059200,8
amanda,1999,12,20902,10399,376,2.,63204,10503,1.19929413103775960165012680505176769919845722143812756589559719578738282615963029657949357219513700441986515060212830134154915619840,2
jfreechart,2006,12,1474,546,37,1.,27271,928,1.03522757468851802837841109291900385801440913369345421653742187061526167275654794094965707948473660930031276197101923028000000,2
gEDA,2012,12,103108,46885,459,1.5,149702,16790,1.12632418442811387342286535792331290830111337613818152272594990836202079632559868789664548752214016000000,13
libtool,2003,12,14385,13506,185,5.,16318,879,1.057522413455654326141051429111226502006669982526843013784368498285320472610883104467821649365695004765701058052226572483839508480000,6
dunit,2004,12,16943,16524,49,1.,38537,419,1.012860256028388227837291118525253866977791128910929355274834306665286978955936000000,4
pyyaml,2009,12,90,19,15,0.,12465,71,1.005728578344609045448891292155044923600000000000,3
checkstyle,2001,12,4974,2145,147,1.,10386,2829,1.3743549027906402777406429398684227594138348785912360320,0
cyberduck,2012,12,51781,28964,1371,1.5,162875,22817,1.16291107969374994223495177441440530481320394893049669164973547037249583486469525294303670503155529264398034531601592031863200000000,9
statcvs,2004,12,2752,2109,59,0.5,9587,643,1.071891771022164639825130758321668599248424768047760850971047761110289880000000,2
exult,2009,12,0,0,0,0.,246273,0,1.000000000000,9
pciutils,1998,12,1024,212,33,1.,1010,812,5.1010101018686895470052032119066308394032719786998985923809022912149156901683350808360569496158400000,0
abiword,2010,12,27010,7139,376,4.,883224,19871,1.02301607801186753140414190197222229636317495916538905070108318582473227328822678185698097469020140172196337829256690818382117588174105963483819946739200,12
mcabber,2006,12,9441,3848,450,1.5,30259,5575,1.225854804734260070556952381944797600458748930410739010916308761922773267629730868777201094152383866532072994443366892483298973117967277440,1
libglade,2012,12,0,0,0,0.,16265,0,1.000000000000,14
apr,2008,12,8665,4668,272,4.5,238153,3997,1.017069816703227703836849162608112572951397862456051836943845535888378193462626384768173987935170283749302170567511878616964308643354305635923214025568782336,9
scutil,2013,12,0,0,0,0,8986,0,1.000,5
xz-utils,2012,12,1105,446,33,1.,26006,659,1.025999132046595646388547083751850209802129167391767173099567746647914736755460114133459604203096400000000,4
GeSHi,2011,12,5948,751,173,1.,79137,5197,1.0702867189674068334903218593392388570615036937139516320797552145620547818190855272894579358754669300727896848461670897418240000,6
twisted,2004,12,164394,169205,2166,16.,180426,-4811,0.9672603046915365239623602446292107023281361840210198705359155693961483996653390132727579411657381164461429707790466642385630658560000,3
gupnp,2011,12,6901,5027,339,4.,47836,1874,1.040772812318996298120128991872479569620286927372293466160512520501362801888212308615486384529926610113818252707651667880794716353938696345600000,5
muse,2006,12,19792,12142,834,2.,22176,4000,1.22007042252274707198015250085190996349967998071318236784115238668190186716081264367440246747300356185340933192766737766572549936925170000,1
pam-face-authentication,2012,12,3,2,2,0.,229004,1,1.00000436675502100000000000,4
codeconform,2011,12,6835,14421,114,0.,140068,-7586,0.94541582121565372637887636401239608864937266227726824849280000000,1
openldap,2008,12,65474,14226,757,5.,550158,51248,1.1027199294393439113248700618070655265557462228088267265251225135647077948511569544142796749564595385554810624553436498206585388512184640609514496000,10
cappuccino,2011,12,531883,172840,2692,10.,397011,162095,1.6943099947240265712051145060931725797811367034160599025976210304725405655759620026671728196561933582455743840861859574788583346909695000000,3
rsyslog,2011,12,40661,15008,1049,2.5,71363,6695,1.1035287932128660111808947879240819682827922069843388129159777109129200730946693873703881121583927408811774858420760350838912000000,7
amarok,2006,12,152512,91447,3871,20.,181260,61065,1.50804941969666693197760514200149676729331974337721490596537449433153041867753936411989740425132351092595269647699114883782272852000000,3
gnome,2007,12,2933218,1955070,26348,165.,5708938,960835,1.2023618695699100545288519250902231192001936827620004791492286321321041119362403360809633374638345808734509084080948545718321475296952320,10
boto,2007,12,11829,5462,236,1.,4397,2890,2.9177173190163760369191970836402587205919603282468733818803736453870981161382101034161527447294586252089403970261857837881207930880,1
jmol,2000,12,57070,6064,298,2.,90430,51006,2.2937804381612750381956866934068422176831056017233343640152405255859541538778133305365524989532784725811113545792000,1
PyGoWave,2009,12,30353,14758,188,1.,38544,15566,1.677430585888492277724269585321499005701245852319678246171471896,0
sudo,2012,12,46727,27714,1104,1.,95887,10383,1.121530988468952263672150370324430021832567631658468773534047153812470106722830528604410537402058746573452022293952054284645184057964389990400,19
fetchmail,2002,12,6434,5122,207,1.,23067,1312,1.06030797518217668370285424255841035121686857569363111232254344454095293963601220782235205953424318398945716633045316444651740160064000,6
MyGUI,2008,12,103679,75269,1188,3,52338,28410,2.1873119358559303124833117897978988362676616206117870256979286655615700961372822765508088024640000,0
launchy,2010,12,10221,6553,212,1.5,40648,3668,1.0992665962905080512584558420058232831833409438039926948337490874858943165079308858430196090640793600000,5
cherrypy,2011,12,79563,95065,124,1.,34370,2800,1.1684514499049588822911037451792448620654101515735084296844482490086605397228072800332432984966922149864191374815376855040000,7
xnoise-media-player,2011,12,191728,183670,1240,2.,51236,8750,1.205950195353685019381797865438510116766777920099728010686490609651095340236110798809900586410741416220513965603364655223362962383360000,2
sed,2007,12,163,142,21,0.5,23590,21,1.0008938071932468961944809080802720119817342894751507637805296994328226724524032000000,3
ankhsvn,2004,12,31364,25307,610,2.,65995,6057,1.101054422921912985791518745828952141995892405217173572230960606840249858317693439264888909142105202042233929980990238884948376289280000,1
zc-buildout,2012,12,1559,1102,113,1.5,4232,370,1.0958052822328604316520020453937779092467757307873046237265388480161564625795561082835580712143354240000000,6
drush,2010,12,28421,13961,2914,4.,25338,13618,2.1619453924881818027052048557434483989237468642582766704193375121400716177684207452444041451993496312592627786779312268694106448600000,4
byteflow,2008,12,43467,30587,996,4.,22487,10440,1.866605793972362417653918849009916728125103734079740564171204662700020951627588599460484806025471550975239486860924895120752096256000,1
bash,2007,12,0,0,0,0.,151098,0,1.000000000000,11
alternc,2008,12,3507,2406,345,2.,26570,1101,1.043237511787858549265327211203990651182835081936463761537062104159142657758124403128723945222706009413862282114458631185612800,5
transifex,2009,12,34572,19290,973,4.,18538,12647,3.14683415359956476727745344224383612950377653273947996785897664033536763895959737182372389902391590079326391005694230046077952000,1
GnomeVFS,2009,12,3,3,2,0.,87982,0,1.000000000000,10
vdrift,2008,12,648994,1203763,258,1.5,689790,-554769,0.1643044042501845122845039248575690332446608643199937428411043617304031027652278011645234183516750504730731961077528175187200000,3
aspirerfid,2012,12,53297,23370,46,0.,294892,29927,1.112946993000000000000,4
e107,2005,12,410922,298948,14612,7.,235638,111974,1.905469659618837257770829896287712819648061994916880179644303120899927142311267164193427794923824742824152666000264308461439470796800,1
emacs,1998,12,81114,33567,3344,13.,622896,47547,1.082640275721327720459813448830333720471409683062131712005073985773147718442646771909134452387981421988660206064851351161958786234083370272000,13
protobuf,2012,12,17410,2999,63,1.,106830,14411,1.15593113969181247050520431453525813934658804371108495201033853199631955662761759183785203209290036951786879430384811322800108800,4
metacity,2012,12,315,314,19,1.,62955,1,1.000015899515053779084799151566750566402950920283008923542223405005376921618223560000000,11
jaxen,2009,12,30,32232,10,0.,64442,-32202,0.500294838800000000000,8
zathura-pdf-viewer,2011,12,11204,10046,355,2.,4289,-1364,0.667560321724502843584236786944297638655521825720365086601000566060112277135634687525399668523820000,2
pyyaml,2007,12,45,16,8,0.5,5818,29,1.00501036627547851384784692289681417660280653686944821337158678644320916540872000000,1
openbios,2009,12,225285,109782,436,2.,202989,115503,2.3202455245148042734805961939795111553343340158698646503858863131387756495318115081626239929087712771738724810952892014991037513565396726620928000,3
pharo,2002,12,20942,1612,3206,15.,255480,19330,1.081854753333575196608205755663572986329862088511341781968899608086399997827019049521837435589118396709753806972497714974843372569845408000000,7
pfSense,2012,12,178977,135642,6370,19.5,576969,36205,1.06725815949901493981952315268551403710928783498776646870110962197946087992752479861000779934324085407964040859762009443302119250780675317760,8
kamailio,2007,12,93522,63842,1515,8.,195684,29680,1.178790872504514830766329377839189758897039931646344173462097700750774144927503651684437312918863387033482858291248435954474236520693760,2
nant,2011,12,11056,13051,121,1.,83943,-347,0.9957947549518320457911150949020643498501942734582228839477135576093498518988741987853017111949083600000,10
reactos,2002,12,422976,197991,1801,10.,851070,224985,1.35935216461223367230008446924131939677634805794478607833253364600736509380844738465536608277042790594657382495530588017868996519201280000,6
fedora-packages,2005,12,195072,36640,1859,41.5,221086,158432,3.528681329376568173190394920891950005999313189112579282283967389773693195919166424201332708904116621342521322823446374752727040,1
freetype,1997,12,33270,9322,129,5,43824,23948,2.2048701952981024853910101585664,0
bricolage,2002,12,48982,97561,1240,3.,46781,2294,1.051799665819557815133196396310703530001934119440948908633080694040844846990821761485534773254159566365384327349729096106232691943680000000,1
go,2010,12,189216,102937,3050,27.5,376057,86279,1.299547618134351070875961031413982762753404099337394126273483542023852049637644451882428809776931971153588743988163058597582334791316000,38
jasperserver,2008,12,55844,25159,1280,9.,186365,30685,1.197103031875806061381237638674265858995977115581972890446522257959981243947451282920721823249754352271199564844676802444713882091520000,2
archlinux-packages,2009,12,491322,321037,2886,16.5,214157,170285,5.29600383557980837598907266440960194790034434293805422028344033568206658088394191990882703682403702840695051356379043930284312166400,1
qsampler,2011,12,141,117,14,0.,16626,24,1.001445608962864527194610996246404066590000000000,7
sdl_image,2005,12,599,489,6,0.,17030,110,1.0065011820334477307798888205973386550491122633697225000000000,5
kolibrios,2011,12,204821,92608,472,6.,477066,112213,1.30755674202061949957999782648618224294367236240136127232949822865475835433090596843189434224899711288044880093152248570496347153072056983600,6
mksh,2005,12,49270,25858,169,1.,108275,23412,1.38970637191380148328633384437405647077918205479127283172307332146028476086355806650906649973009163802040320000,2
expat,1998,12,9044,2885,181,1.,11577,6159,2.1367663343331912237676660702733563080306422942288117542878618330041642940257135617969791956758721403599276431732224000000000,1
exult,2007,12,37275,3975,138,2.,231597,33300,1.16858028067973773967142949069128557105310580322985371725432482511938996243299063266856973456950120082161789972791774572818239131200000000,7
kettle,2011,12,135901,35547,868,10.5,759827,100354,1.152173023003970319972991481342694643097989525234162678640599424727055802279177320309470451143918295607668450065857259424444251695773328640,6
squid,2003,12,242618,161856,1716,4.,598688,80762,1.15593347312693025979623277468836909103045038668038483694672767019013106048617868049509738248970501877833466469810619473025840329544012582519488000,7
screen,2013,12,0,0,0,0,43231,0,1.000,7
qt5,2013,12,265359,230643,1966,117,7544741,25150,1.003344596801268522293134102379718980,4
gnome-planner,2011,12,163,516,19,1.,89191,-353,0.99604086988742473144029290510642425131285251674160136805794434058159559079240073546652416000000000,7
displaytag,2009,12,545,409,6,0.,29693,136,1.00460127888475149501113080000000000,6
haxe,2007,12,9638,4876,557,3.,35335,4762,1.155758348863373214102824413644306760087049329595306320117716274293359711967737736380988923194798586483599809176395732412374131638761209600000,2
openacs,2001,12,1071290,704083,2410,14,770271,367207,3.545646763723298541919307176308065770868121795528555384084532614918676175539854913668209049600000,0
drush,2009,12,21385,9792,1634,3.,11720,9964,6.674259682104226122534294066609943388481068424631091513227179186349024282261130139395322593744024740215265551100416000,3
pyamf,2013,12,0,0,0,0,23913,0,1.000,6
abcl,2006,12,5176,2804,266,1.,104776,2372,1.02316315769224232154511163772739220811532963856613796456018161547094446366131389150025052970676603540121467945490065227952517900800,4
songbird,2013,12,9,5,3,2,431755,4,1.000009264599271,7
xchat,2009,12,4496,2277,68,2.,62808,2219,1.03668556880442619843164435600928149858815687346631963867394056550207269956115766305756658455307944885397346310015668105747456000,7
qmmp,2011,12,223200,183332,611,3.,247103,41013,1.19900528895291531421346297298305448446558941173409549099386149220935624172114765998568651589427907411070768949134133134522417858180685259264000,4
nexenta,2010,12,216,238,25,0.,17726,-22,0.998757834114105970910791907876878987059621245496528509190144000000000,1
adium,2013,12,4793,2312,75,3,177638,2408,1.013741939168836077835616334589233014400,5
jspwiki,2013,12,2974,3845,103,3,81747,-871,0.98945750320531415459961642272628900,12
gnokii,2009,12,16745,53720,354,2.,220526,-37050,0.83183932830899269755611517177668045003022087320200505128096418160283076070749344738562368629800760191735343682423368308606777704945721732836320000000,10
itk,2005,12,242590,85903,3323,16.5,799377,152123,1.2350282887530352166594931481525873618807907895564701807665464074887603852741399663501147152131770062944171400029216229929528389198848000,5
citadel,2005,12,133586,84652,966,1.5,145026,48934,1.5250203853511425204525937130704515350043671204172973844289216352402405425634190759111296233825233263198071391377470404954158304260728000,7
jspwiki,2007,12,51154,34494,968,3.,78529,16660,1.26927863711678869578281259953058004414846656014432259829556036469923476612611851054271871169316094673947481609025361562402819498596938000,6
mule,2008,12,1009572,913411,6759,8.5,981573,96161,1.1086059371114053169541952684872481124605398073045864253732873261006628368721407570953272016320031311449659854564928323318892806078837955200,3
swinglabs,2005,12,3500,29,27,1.,3581,3471,32.554545451224944115156998755180245648251942611459705147778643356388265015500000,0
coin3d,2008,12,852944,640550,2452,7.5,3424677,212394,1.066119330088178710993155944661416101382501492803900020279392728959771423255039664087056668795520425155280115212722140835407873269968554086673064704,9
kmeleon,2005,12,596,49,8,0.,33122,547,1.0167920184200000000000,4
firebird,2007,12,347231,413107,10574,13.5,3629601,-65876,0.98174575288409619751853893195238638799129968791785274320138866175771854388302588456930336399739013675623924194740696718899146893299172598975307448320,7
tcltk,2008,12,464532,320500,2945,11.,1094966,140310,1.146974407541163208447624895321455457875038283589180152216784971289072121788807285201786004923052449405529312137788051767818614204921760972995200,10
logicaldoc,2008,12,74674,37007,780,4,90584,37667,1.71181283901256627330462137370740,0
fuse,2009,12,1439,241,37,1.,26397,1198,1.0475415691121977517375268160743319238415242693316864195340951615623875299796767464000000000,8
typo3-flow,2011,12,136234,486548,2276,10.,454286,-2717,0.9934694093341191634416413642191615235721835774962053180508108178842666870203134973378069425482911080460601272750942534536170816329021466240000,3
kopete,2011,12,4123,2983,121,3.,375583,1140,1.003044522130727527644987068782884498935628142487993245375041146508945416607671643966088422623567683123431144278651827200000,10
connectbot,2001,12,0,0,0,0,2,0,1.0000000,0
nix,2013,12,585,456,76,2,34424,129,1.00376148126528543980735120860936799533,10
postgrey,2006,12,16,16,16,0.,864,0,1.000000000000,2
phing,2012,12,87385,29813,976,7.5,88306,29706,1.5069283275943096663345047067273242583878260311845103679504200592628098587566925630350540394983832179778255799506526235403831550268565094400,6
free-download-manager,2007,12,22817,12222,4,0.,295485,10595,1.03718979255000,0
ramaze,2007,12,37380,23957,1324,3.,19143,13423,3.346678321631421861832953608584282500595877085968939046571141482599600319221632383828587233617036408682164578679194386099200000,1
reactos,2000,12,147401,53762,811,5.,293712,93639,1.468024171121884334573041166975983423632556917626698703352327029190156588929719465026008967592690066248287290618491062224544517300000000,4
mesa,2008,12,1698717,853171,7421,28.,800373,-1842,0.99764514268389230039735901143536631826326323285664114527603017606474857221174390230557706945587336442462259705444409744387183822104986850099200000,9
coq,2004,12,36497,22885,956,6.5,265237,13612,1.05412605820499520257660571029969918982437942726458747567148031705315354060511586336258123736586927394439073491661636654176465951309839866941849600,5
xournal,2012,12,3663,14155,41,0.,37223,-10492,0.7181312628878971584344607966402078105754731075213989459040000000,6
tuxracer,2011,12,0,0,0,0,27025,0,1.0000000,11
dpkg,1999,12,16453,11312,270,0.5,29459,5141,1.2114071881065405500788539318368292110508292240372026764486416137840000000,3
epydoc,2012,12,0,0,0,0.,19417,0,1.000000000000,10
ganttproject,2010,12,113753,47501,318,1.5,113084,59791,2.15042425880603495586929330681108232871795074634517897640215864288234149761894988800000,7
amanda,2013,12,24406,8237,115,1,407958,16169,1.0412696630170575394669772838135200,16
acpi,2010,12,0,0,0,0.,14813,0,1.000000000000,8
weberp,2006,12,32041,11325,326,1.,184550,20716,1.126445060235847394567904843575631079990413702019609601853340413563553748128112861109567049629361383721804933015125233209273923174400,2
sudo,2004,12,88076,23927,517,2.,63632,31202,1.96213382670975312600429136033117793268183295024602213412808594249251916563180316232901061274070096002020927724070636752078701426661343638180864,11
restlet,2011,12,54633,38254,776,4.,243514,16379,1.0724388345338558389646565627254053081524492951874108509930365557217818475297118707568296484628592523261350997740470176510512457041938133030092800,6
coppermine,2004,12,259797,112466,2724,6.5,310353,147331,1.903749187313535849472772255656904293606010661608378744377420206351517529300579636192723516316641743225485008210091217669079101440000,1
nooku,2008,12,22813,8791,511,2,15893,14022,8.4943880278485087410062655453116936063063360,0
mahara,2006,12,310115,114987,3959,5,123576,79913,2.830222385071262594876876008442,0
duplicity,2002,12,1835,438,34,0.5,9189,1397,1.17928644760,0
skin4eclipse,2010,12,544,500,26,0.5,11164,44,1.0039568345324346263256570763167629610416061361155286498129974000000000,1
pear,2002,12,896625,168997,13378,55.5,827354,727038,8.247477969288025133992819307830614913214776288848624124874446888315855270593208066618598036983167403767503066669069715456000,3
ejabberd,2005,12,23207,13427,181,1.,44128,9780,1.28473273553877708212636726743402868435997634061028827278011063751967421512427616439911814178923029775522889759011402106375321600,3
maven2,2013,12,33149,23646,477,13,40668179,9477,1.000233086634193216959395845120189153507950,10
venkman,2001,12,31099,7109,511,3.,44428,23990,2.17379391333199053427156344669447104155698184532684128697073336717897811267097404529702144067120000000,3
mapserver,2000,12,17629,4547,223,2.,29889,13082,1.7783661569764009801513589965368756213301777297257081123538226288715541177848041472,0
vaadin,2010,12,1054479,608120,9535,27.,3067137,436229,1.1658092947354264135095512633279354927907860878790465804143556575497821744524609602166038050576603224978243971208401639323851454115073228800,4
chandler,2003,12,91219,62240,1286,7.,40114,28979,14.8390639905187562590057035990674628174309292874204132815075042788730495150259071487229336616608523877847873145913395307664000,1
simplesamlphp,2011,12,11870,9104,511,2.,61612,2766,1.049836939870603096112224256872874145319004938761805274382908768018182075640485660381303281078143382136063595104085630826355046813633229798506496,4
jhbuild,2009,12,25752,12252,948,13.,49953,6183,1.14408221285046007704775311345005562794763090402387564996661301934394733733529287161621609930583850735466496000,8
google-collections,2013,12,0,0,0,0,131264,0,1.000,6
unixodbc,2005,12,153958,65664,204,2.,380893,88294,1.301757695730834838750970931033416536701678477029203045915080964294161922613767763727088180473047479718435671383366104307655943748556800000,4
scim,2004,12,155088,93877,1035,2.,178045,61211,1.52391427147045797852981083164352942570782668575175194810624269173946162938200258984281658567995655708654979065129240866264350528000,2
pharo,1997,12,28235,1444,3508,5.5,26802,26791,2436.545454266970447429700832199310972347768683052065162174693540953058400000,2
ncmpcpp,2008,12,11967,8023,246,1.,12382,3944,1.46740933869212470346040132958137252938235840,0
python,2003,12,139565,107485,4429,22.,631881,26403,1.0444564552997229637575321994393921495505583940430951270675438186181140638099460408740843545738083207437397751580911003313679860633374925920,13
eiffelstudio,2009,12,1956418,1017986,5593,12.,4422610,938432,1.2697721216203899321687737483421336794087619337629815361413488491419677238062428692347287694206065849062452865267979987753786656048998776832,16
gmp,2007,12,12871,5788,148,1.,230770,7083,1.031664781596993565241122518923784208066735105096783555595182017373221430290916073559970992434595840000000,11
putty,2004,12,34340,26885,266,2.,75747,7455,1.109163591645177924402731874505921812043310435851252723666527920645344121072111965916006286383596483518901489229722037365386428750873553727488000,5
wayland,2006,12,0,0,0,0.,7,0,1.000000000000,5
gnutls,2010,12,40714,22712,539,2.,119149,18002,1.1779785856180754241232125487799932999746556120566855114015940668741541600627544366633699091307643179384805570462030166506541976074731274240000,10
ispconfig,2006,12,5713,4442,26,0.5,15625,1271,1.0885467465496358210669387643188759793416020480369944434717961120000000,1
codeblocks,2004,12,5560,3091,65,1,42816,2469,1.061194140820897755549184226555912891345687374638651270840000,0
ghostscript,2006,12,1449331,1080331,1839,16.5,2507873,718313,1.40144647777881496705806504269747439784471689433745023296349303745176680714944266584368708331536493556114818008564827698684151615826021812224000,8
git,2010,12,503064,253378,4442,41.5,336752,56850,1.203106801667391341828818791525413391390062146446449052088901679230317539256480975738252786235889962125516458013209364585882768065365114880,5
eZPublish,2010,12,3178460,1468021,4031,9.,1694450,862116,2.03604395025202994394706809587830990413072894585610653766852235595153271891714365489620343243497006714822518051722976405820779445302915616432640,8
lucene,2000,12,1265,295,34,1,6396,970,1.1787688905264722150419417234420853995067968135016534925139231746194250000,0
swig,2003,12,125992,97967,3223,13.,253181,18708,1.08268692734050304264266886188258493798257607623780014467364356100076350611903306906987771267008620630077736858809935524359628322573932566400,4
libpng,2007,12,28568,49487,1252,1.,464653,-20919,0.95453774938238227112153356390512104419078554121373834898380477575202752449352675691269879112883625618001965567939855364417903634615666559075200000,12
opensso,2005,12,97528,334,29,1,97237,97194,2261.3255814339575425179623849349600,0
geeqie,2009,12,27267,19739,546,2.,83732,7481,1.09811018871591856596700171869501574981140841631599220037589016989138306424685632257858880104674446967904432353623211336623429156245334787840000,9
xinc-continuous-integration-for-php,2007,12,15197,4503,238,0.5,13787,10694,4.457484642372129856000,0
DownThemAll,2007,12,38477,26955,632,2.,19282,11522,2.4847938147383538086514250576031297266968896848714744163142428951201004155835773622715013321991348008200331795550077074498341115659878400,1
glib,1999,12,24329,12388,274,4.,51183,11941,1.3042913205497045490289900940556321801500466958364157575891301484053423150283195068729394739884885302668766201848367623088376476019360950000,1
shrinkwrap,2013,12,3417,478,42,5,713718,2939,1.00413489987706792677339398095171968780,4
wxperl,2004,12,6179,5217,142,1.,39915,962,1.02469642902961682483240661763624037891932822495094906674893891793509601801571817019842997549251283005014235059926996984191329679017850372583361347584,3
ekiga,2005,12,11157,8152,184,2.,37255,3005,1.08773722628108885089451249013335966873068217944715820975352698437185760000000,4
marauroa,2003,12,20054,8059,350,2,13575,11995,8.59177215225454568415209747200,0
android-scripting,2009,12,1575076,6034,189,0,1670314,1569042,16.4933446552297048169359177414157849639736000000,0
xfs,2011,12,0,0,0,0.,77172,0,1.000000000000,18
Vienna,2010,12,573419,27777,276,0.,698412,395036,2.3021462029722933088817322061384172119855575456420244684050000000000,5
commons-email,2012,12,516,288,58,0,16258,228,1.0142233312536384838131131197422483236423186138850000000,8
k9mail,2009,12,61948,45847,667,3.,50642,16101,1.466141686754474821763740283689649238723849288293979589873300422180258335630947086773191298546781067902157591291157031103967601278906880,1
latex-beamer,2009,12,0,0,0,0.,16649,0,1.000000000000,6
codeblocks,2009,12,72756,45316,560,5.,496793,27440,1.058463459278552484908467241570943016772805604063571703100845522381592453106399773891989152804092960948506141178866264013774827072003194358988800,5
mathnet,2009,12,267346,272587,360,2.,311252,-5241,0.978105117202694858953333785933252423287331139415908329349680066984,0
freenet,2007,12,170470,238155,4552,8.,390751,-76335,0.803358123406482017208641106086722106684834537126368981818602664479200497216240928122065691291739957527547966353454779157218286474772160000,7
caucho_resin,2012,12,126063,121379,901,4.5,1266625,4684,1.0037992743806561831828086401735867436997577174935534520022005701110080,7
WordPressMU,2008,12,83420,48685,816,1.,108415,34735,1.4714305103723726100420838892144482690266788728557650468378419309245148907589007759360932873494616518766234621818605805942552649402707712000,3
sitemesh,2003,12,8532,885,119,3,7652,7647,1530.4000000028800,0
lxml,2013,12,195,11,12,1,27934,173,1.006231763985141231799532640,9
snehasrinivas,2012,12,0,0,0,0.,47971,0,1.000000000000,9
xz-utils,2009,12,9881,6748,253,1.,24345,3133,1.1476994154256532932038934529777510261314133508107078267123152294078401049955297219423338510045183699084515899193757646576381260098185035776,1
yii,2013,12,11262,4400,508,22,604769,3039,1.00505043790447591259267073056195816520,5
virtualbox,2006,12,92212,21050,155,1.,140629,71162,2.024400074840524030242747391675504336629311721581463665501657246574292604256574563072000000,4
texniccenter,2008,12,81,32,10,0.,89818,49,1.000545845447800000000000,6
poedit,2008,12,1456,1080,155,1.,29467,328,1.011256391777251621323490278111633148403671926175637169836812218162583877506787322645140863185532469728897785600000,8
kettle,2010,12,234854,117840,1735,14.5,659473,117014,1.2157103117350390030111959781811271478976496444512816061178750348008368058119473631663757788839476794606397404102149992571543575714201600,5
perl-ldap,2012,12,3942,2639,147,1.,14581,674,1.04846480189401396022479849958847581902266122340444564873862622183867324942941955673600000,12
vba,2012,12,0,0,0,0.,179726,0,1.000000000000,10
jaxb,2012,12,16580,15130,100,2.,293155,1450,1.005031542565919668407145432401490322399616392274948378949433331354575160017838746013026794139136779168695187415230406036820800000,8
weberp,2007,12,40795,32619,704,2.,192726,8176,1.044302357085580036469528038774052773560030845393482359485248164327784386779165650885006015542019911948255953491632838625103143598116017313280000,3
nantcontrib,2006,12,3303,1309,80,0.5,33909,1994,1.06247845840565201547427850385466474390516956076114506434151431675032512000000,4
facebook-pidgin,2010,12,1144,168,47,1.,4903,976,1.24853577795071717130512186138963321674154361314900678236930056854270165155787880836131300200000000,2
gnumeric,2010,12,112408,91533,1060,4.,424328,20875,1.051752391766699582861434358166346662310196910363432988114860449988255278920868241529432620146041680479723829427382676821141016955605575998385673600,12
request-tracker,2001,12,41365,32574,2094,1.,39423,2235,1.060100032257030753546197021840416505089543497986425476904194900928012816036226537344144563735907982387111003871296602016636617404036000,3
vba,2013,12,0,0,0,0,179726,0,1.000,11
StatSVN,2010,12,320,37,8,0.,48414,283,1.0058797864158533582457034402762709428000000000,4
qt-creator,2013,12,164373,82784,1241,41,1313203,45676,1.0360355242932684195787564137708750,4
ispconfig,2005,12,1657,908,47,3,14354,749,1.05505328923,0
gksu,2006,12,43530,319,108,1.,79135,43211,2.20284489448526607156681898794856130955255317862735990024276784444746851851498857881423714691255295596334500000000,2
openscada,2010,12,34501,30042,229,2.,115331,4459,1.0410170083831078729709369954937045478848819359431626260756509526154258669813412685592783191801276162087825140357183442339264717692493414400,7
jvcl,2010,12,73188,88675,312,3.,2033893,-15487,0.992384939418403046712565896432500057539678343293105771495334371145050851172778757764292892941893487463253794176231686156570349454771680702014090879309598720000,8
xchm,2009,12,2833,1937,31,0.,21937,896,1.0425835274000000000000,6
jts-topo-suite,2011,12,4797,2129,231,1.,158743,2668,1.017094345667702074989401320320931092454887800728541575257800578086314812379976481002327802877946523370813818748829990476381631395099665486277209478400,1
com,2008,12,22545,21625,11,0.,22236,920,1.04316006756023277441953055036546685000000000,4
wicketstuff,2011,12,3469154,3204530,982,7.,2140162,77341,1.03760728562797506008763787466154578994055279351396069919356981578528804874627513050426172813867089579116199991264905030180626126996286023136000,5
dia,2000,12,42242,11803,350,5.,90558,30439,1.50631248018688588268567115396161967558044936197286262959482694715191925580615718973137088831505260686372836418894229153167301397511700480,3
remind,2010,12,1304,556,57,1.,25795,748,1.0298638559496389111505691704153940787204817485723493972297753820587844437519753583188532362620160000000,14
phpids,2013,12,6970,20133,61,1,88489,-13269,0.850049158700,6
satchmo,2009,12,127218,118246,670,3.,128883,8809,1.07336309275849979012617312521877692649247104119090464599411924700168161207185135563180907339743613651396049105117781117739317218046130583479082560000,2
pidgin,2008,12,462340,252079,3798,21.,324985,15155,1.048913920533737503214023544205798834664938907601027969214718163111266812189675971789040205862986299739627338265671098523239164465980000,8
akregator,2005,12,8092,9084,139,4.5,31773,-992,0.9686145474503666765282479232808211256054550504,0
eventlet,2013,12,253,66,28,2.,17383,187,1.010874622005068695133744,5
svk,2003,12,3391,1130,52,1,2753,2261,5.59552845586454287219422881253,0
mod_wsgi,2010,12,1237,412,67,1.,13302,734,1.05840229152537988740293486212150248003806030166718544935653112682599061866721514372636604674753251046528000000,3
curl,2006,12,18866,9563,970,4.,91912,9303,1.112614848251422490442738129756227060802735052118118400227440103354955350850230216123504510546579238829175948089358620226307462358739508000000,6
glob2,2008,12,203105,138197,872,3.5,94008,22580,1.316122528989792899767681366720322012460058678944298396710025900151264980036040551837987786564804832610028428023112539436787200000,7
derby,2005,12,37737,19499,222,8,439186,18238,1.0433260165144345051031923917014794455325007757461197943760,0
libtool,2007,12,1272,812,118,3.,16164,460,1.02929190015610699446744852707683183605725488841686741406386081415379435344625099162664229474455211754298654064429140543976250688533120,10
wxwidgets,2008,12,697932,450911,4571,13.5,1885973,247021,1.15104807440625003811596189208844503511692618312738524104529064582275859402800670883299649228711181191229466792753550414534124269660090388480000,10
adium,2009,12,105703,174465,1346,5.,274197,-12108,0.94856458306040678702327400602183960173083420062346544577708956349111127431227082494540630617643271245896926096411575543752000000,1
hydrogen,2010,12,137459,122916,327,2.,100758,5726,1.0628009256671436037489375987364884719595774472202197404757948135837420418969423130408619476801941008827125001331146752000,3
pmd,2002,12,51503,37265,1265,4.,43265,14238,1.490508836566400142403576787674452665329297567490073082012439040,0
sqlobject,2011,12,926,654,58,1.,16083,272,1.01720321295333449157232282431153602581707109477712419946361566465867171916807328718647716610704131137547643399398527608076800,6
prototype,2013,12,0,0,0,0,13379,0,1.000,6
thunderbird,1998,12,1594,63,20,0,1744,1531,8.18779342700000000,0
MaarchEntreprise,2011,12,35386,23747,606,3.,154313,11639,1.081577582465835886246661065119806551617050287076519938962577996181013482929232435926489396498969259853722623490294225762734270399425597433765429248,2
bochs,2006,12,59190,53885,689,2.,275083,5305,1.0196643165861246874115726436103610427207813515432250782292896074407716146435902350096701537541775894063430888685414398870186439524210086927360000000,5
strawberry-perl,2012,12,11465,2737,75,0.,26923,8728,1.479692223105123608136308699736769725275250000000000,5
gkrellm,2010,12,1138,618,35,0.,60390,520,1.00868548521809241877161022541434375421191622437832235918731520000000,2
template-toolkit,2013,12,87,7,4,0,33010,80,1.00242939568800,13
webadmin,2009,12,27654,22704,1020,1.,374287,4945,1.01349102417149079629310331494680544528078516236429074870871002796895850363196417886834086924711881475206231994394162405844454004057637132184755200000,2
gnome-planner,2009,12,5997,6957,39,1.,90542,-960,0.98939167909069097008154700740330029254144432208044558991057463026127467943007347692454400000,5
ioquake3,2007,12,27899,47014,194,3.,245768,-19115,0.92121619285847665600227307174032445728140653441664187541807589933314596728890783212902660437729489031129229289039434437931789182523976293143031230054400,2
intellij-idea-plugins,2009,12,0,0,0,0.,11205,0,1.000000000000,5
OpenFlashChart,2010,12,0,0,0,0.,139619,0,1.000000000000,3
byobu,2010,12,3264,2602,338,1.,2142,482,1.2903614457883663124241958235464672384474670954399728798514304079499474600953072851640806943044225487268972250097992818488320000,1
gobo-eiffel,2009,12,1086452,1044721,208,1.,1894759,33701,1.01817339602079439486124746488229985747398453506448956861501597050229688159461486858072102929277080072299652010827862679937096204027377759184949696000000,12
mp3gain,2004,12,1482,230,47,1.,18189,1252,1.0739210013618057643949009936521108289718594479826325856422134611517462871252686132000000,2
reportlab,2010,12,16114,9153,180,3.,169999,6961,1.04269556790857889493800781015462769750656396507827491388681645126359201071738071277192184208635114416573540735057902047423163620257382400,10
abiword,2004,12,125067,54563,1937,10.5,487599,70504,1.1690358311594554531142596663287425948583483303154713045470644067080093552791163784343279033715554909844938630519893514991051917629184000,6
bash,1996,12,41866,24181,8,0.,74621,17685,1.3106119151000,0
znc,2011,12,52150,55853,506,5.,34914,-4209,0.8924162257536938352372889312975185945184555927995286680667055764245029064412017152787630912664150639046757900066926575140863773395213600000,7
xml-copy-editor,2013,12,0,0,0,0,237867,0,1.000,6
vtk,2008,12,722483,187629,3312,26.,2035904,523618,1.34624270806960146442416669183384817027560854330684143257155967163850187806265820938857824218032784800504689065052355922429958644378009600,14
saxon,2010,12,157333,887,129,1.,911433,156446,1.207216813043017134799191399615469808809766787427520943672698345809366574954187894724118326310712897573181752851636109529897156566469136553103385041532928000000,7
transmission,2010,12,264434,262396,1686,3.,508414,2038,1.00412605727541163944635674256931925433435142443612046663764105396044481044336657206905701125696036744778861014432090159477251513164800,4
svnedge,2012,12,8218,2057,328,2.,34578,6161,1.2168068409770945768388013753183884328946022138823684541423359740396222221211099684776048685265342006004124771185620916922962728192300935000,3
glibc,2005,12,231000,107982,1312,4.,913412,118097,1.14865196555300048294852089033171415077326784536150428087459108673018078681793788959229931140776139671914262797654610502892571445140350080000000,16
rsnapshot,2006,12,4357,724,101,1.5,14684,3633,1.32874852953033460289254442259296985811178034779916672620976713056652031051334695391086543557151717195495585980595180672000,3
erp5,2013,12,182134,32684,370,9,9019813,145704,1.0164223408037460009181371880212942600,10
tiles,2005,12,28514,14892,92,2.,20382,13622,3.722766340111941634680705093467247722061321512190045767649867143290620724720155425950281824734122562689729244300800000,0
theunarchiver,2010,12,163639,171161,487,1.,421297,-8195,0.979102117840869320926878758916754468128857080107238737875743617712438185948834127059772080976802863177256263680000,3
subversion,2011,12,100273,70945,5297,16.,456357,29328,1.06867917635553365459586050378706668663533314676630176901265893851359241601837339647640738148234109404325172168897623331139314935816150067200000,11
coloane,2011,12,18689,19351,522,2.,56632,-662,0.98844556150108656447500769623356420050876395955115801858519627273198705546633772594357938108092921235615071834594858935400576000,4
pkg-config,2005,12,104,19,18,1,4539,85,1.0190839694697611687374333989267064142520406976400,0
wicket,2007,12,711701,738514,3564,10.,164984,-5279,0.96749464300704784063668584428843947087195843798930278638942462234170418432225867040675702813239085547953055605156628565100381697868800,3
config,1993,12,268,75,31,2.5,774,193,1.33218588634024610999590380898008273060258223028383224822190880929722853761300000000000,1
kdiff3,2011,12,4888,2032,43,0.,53550,2856,1.05633802816262200861276726292278073767943895112528282495860000000000,9
bmpx,2005,12,32939,29698,311,3,10712,3241,2.62782521353183526726871625565,0
gsl,2007,12,40458,17859,649,1.5,720485,22599,1.032382079594922629610296931169825994697113569150034064861980197902595703914101048037569637036357519052965296837151532714214632698415322509814929203200,11
cvblob,2008,12,301,115,12,1,654,186,1.397435897400,0
clojure,2012,12,3202,949,204,7.,61405,2253,1.03808831484940111608499361135132479005418979794449240654250942265274710034889134980919090722505557355776918624488625976913453449306499428864000000,6
dotnetopenauth,2009,12,198446,74131,1978,1.,102012,70319,3.218754929884045250435224054740608119600786111749479641178826875108568452831265028502050516281047331942766154929680713976444780000,1
launchpad,2013,12,30194,187991,712,5,620396,-29859,0.9540639956436745192711277121551918424,9
marble,2011,12,104260,48910,1711,10.,238604,45562,1.23602117674864166814417041215085636580031304412129207416457898345168527624140242797811152960209680966468405201425448467497839430493984000,5
aquamacs,2009,12,3524692,1240512,17731,29.,3881080,1374054,1.5480812724351955141660750421820621625253204531703271604734596800685829115049202747991996530010126662482263290207505626368000,24
cmake,2005,12,241408,68750,3870,5.,402298,172658,1.7518637867301687371265637288205684829529619988853885747318785794849218763914354768858410519961582395587440983149658050588186987212800,5
eZPublish,2011,12,2811330,2179440,7817,19.,2174731,480492,1.283603434966303967386111276729757828011024492804555611607166516582919859074262921681368910578527649288602083996390982087878584517914145848576000,9
pacman,2009,12,6440,4012,367,6.,35511,1788,1.05302019393203382973996121642063289599923326726319188725264409941890204666200463855328882635800560537428947129050489379441864361923883386051916800,4
naev,2008,12,47296,22201,1606,1.,50020,25041,2.00248208491923154276372568314128932769290736881940953514532285766925550899854626860839919748527328666585805166058177455573248716800,1
mediawiki-widgets,2012,12,28,26,30,0.,853,2,1.0023501762653845148456105230801650000000000,4
syslinux,2009,12,218119,156987,2101,4.5,226513,19612,1.0947892953580664106063197128509434048597890669467995403564449488261725642031446904290259052286717806642610795135775200000,11
autoconf,2002,12,8866,5927,394,3.,32409,2939,1.09972853749456901715449017877471373585271029278928265747066760710592529133796868379752085779905306378495511483043346392469487359434260480000,10
statcvs,2006,12,7020,5113,86,0.,11581,1907,1.197126317960450209486426141570625582834610295400000000,4
fallenswordhelper,2013,12,0,0,0,0,23059,0,1.000,5
cobertura,2013,12,0,0,0,0,94307,0,1.000,10
opendj,2013,12,22468,10307,224,8,1047051,12161,1.011751007353672109998731849936433550,7
wxwidgets,2006,12,1222659,721942,7054,15.5,3203166,500717,1.185282682468664213421701038337346016005126261351226771658916510935646647103075692184758951043890821963338511867716484940942529145036800000,8
lfs,2010,12,43917,24746,876,5.,408410,19171,1.049252515816833474063789418677338514779266880985841176501485273002792236153988825571732018920428659837971381417686824085215376077839851797370000000,9
tuxracer,2000,12,17536,4409,405,0,27025,13127,1.94452439195098953717225106539730392741820800000,0
tuscany,2007,12,1612330,1386632,11060,9.,450311,225698,2.004830530686114679116044912023080483158531783876901822543748279990136585114172885084372721221399553469177531836330489392192000,1
GeSHi,2006,12,36947,33389,665,1.5,32965,3558,1.14062129480405185000792552427765295363245898370253671962799276974560912595181184661531512014395063915632787456000,1
cmus,2009,12,991,346,52,0.,26306,645,1.025135419503668293732092037530541076563694685216000000000,4
zeoslib,2012,12,119673,91364,229,1.,282569,28309,1.1113387870695145899469160453983951848327811383044529089320889906467811740127576906212095731476314687332303842504014124348569600,6
libpcap,2003,12,4442,2044,133,2.,23197,2398,1.115294004522200317014655666602875340565965579301836833778376031213081636154236394280922067145328974020514692031429574492837333516824042178131968,4
castleproject,2011,12,3889049,2032870,3330,7.5,2057465,1149068,2.264940328927910296054306153978844887681860917109306448096651366189484854558872101472255596623982889327287244434070161152009781373542400,7
openacs,2006,12,864430,127904,2816,15.,2112721,736526,1.5351901438855560615765968936128373554732120607491139524254683949256968186245488573586519655510890314181206986890501285873876178444300000,5
gnutls,2003,12,27871,17848,501,1.,41487,10023,1.3185545385170340368566042698737786285307604190143096927993410078921166709130295988777609510661804292101584284541189331708000,3
glazedlists,2004,12,110109,92937,604,1.,41162,17172,4.89034888898763309786794495411764808249992990442763269258228430290487856534528766132425282456840078753566657992429208418420800,1
moodle_contrib,2009,12,367432,158925,2188,19.5,1350552,208507,1.182573366187916707546978447553367591490530153249461389017512456990286100728823136675241987895787665018825883715182405953094619688488960000,7
cxf,2013,12,27998,18861,346,11,729787,9137,1.01267883161088490930172731221657046970,8
jasperserver,2010,12,249014,218283,4714,11.5,272005,30731,1.1432874374635955948028025293884636579223241298901755144343320680151740096909203452678996808083708275895516885551946239008678182400000,4
mesa,2007,12,612268,556374,5068,20.,805956,-21699,0.97300823970801997093975820441337675908143771989996399676799264382477911010717597202598207492367821312307950704105722847786836629993605025994670080000,8
octave,1995,12,52229,18563,730,1.,126550,33666,1.362452090748347597433851550574662725529274955872147727885806152068541092458854612547248835012261366403514091032711222471596457771415965696000,2
atomikframework,2011,12,0,0,0,0.,22744,0,1.000000000000,4
autoconf,2005,12,4569,3991,215,2.5,36452,578,1.016261077505833038289541488778618969629879104255985801485337247163440680783594756820140112608515812151107745299977901064428499097890432000,13
scilab,2002,12,249059,39713,1274,3.,914332,209346,1.296950577707647043939816596104080741217442496536599000176062912176546280560588719154149464572795229327112347875918629810264499598715929796016000,1
logback,2007,12,51986,45585,410,1.,43933,6401,1.1743239194942369168185741198855388119732503206035213205618379297936761995813628199000268826241353266470514767888384000000,1
dbunit,2013,12,0,0,0,0,50335,0,1.000,11
prototype,2008,12,15633,15961,234,2.,10185,8,1.000842282585274506112463209396873636868548246108798389557666912723934499208366463294228318278181285308785676659364441606025650688000,1
jslint,2011,12,15504,14792,219,1.,7115,712,1.1152476529436556024147748987881288855512231061213405334758840656349926869461957794262540246510085964277501802531080716337712511940163344000,1
supertux,2004,12,114822,93317,1720,4.,39335,21505,5.16682813452177795599620104274730813013094292171811839350700590156832856712285913372626914902527887740556214944139838521927680,1
numpy,2007,12,57143,183731,767,7.,150422,12657,1.091873843148976221208205675942087068869799040499386526326245404198158193915963111259437032804757943231698528399612902754081994048021980960000,5
pentadactyl,2010,12,30157,27980,1171,1.,42604,2177,1.0538501496570121830591449022948489134182004949447618430785728921637820488971739000000,3
freemarker,2002,12,83252,96586,1217,3.,35380,-13334,0.61619941288086299940190249049365336148280100263124705550780369515369242220330916876199044744585526328106065822364641209816000000,2
flightgear,2008,12,39586,30051,647,6.,206376,9450,1.04807374359489576918608967825008754500061772786164155328383609455725033623864416565505964833896484483997827496361639959404484723922095738650960000,11
flamerobin,2010,12,19797,12214,262,1.,73359,7583,1.115311506813880730354749575911238412302823935473062176022641812476040841996519599590485514021619200000,6
l2jfree,2012,12,338,64,9,0.,1017863,274,1.00026926391697797583496222148779916496284170519106591513600000000,6
GnomeVFS,2001,12,27973,30195,421,10.,50300,-2222,0.9538256930647520147127009903889783155952138771873185220064401367257034415006029048582443875851555338312033175660790954539834785074048000,2
aptana,2003,12,423,307,17,0.,16831,116,1.006939874364000,0
junit,2013,12,3651,2466,92,6,28625,863,1.0310856566562109369768759539306650,12
lazarus,2013,12,36583,10948,743,9,1590314,25635,1.0163835521534523073374915285921288692,13
cakephp,2012,12,98990,57047,4566,20.5,472023,20307,1.0449552373622707218805860807119061186840291381675117525582688369883408582127391245983817636023179186322474090677323320601911493149188775467770720,7
madwifi,2010,12,1233,136,22,0.,114394,1097,1.00968251586531091035931647161610995880000000000,7
iceweasel,2009,12,21743451,4980731,1109,1.,4188391,421618,1.112001649183354875312630410534316787977914645165085907644754472950775091955239716961570000000,1
pdfbox,2010,12,85590,64357,365,3.,68783,21233,1.44654048371315279842696768544839552968180011107396389695263866297804049272564316076911400756327280054185961301120917431062183513927680000,2
uzbl,2011,12,50276,52429,1048,4.,16925,17,1.0010472494271606341766200616495308730264401824182075974017026915123405968801629347585667553055770746358292501866480959436928000,1
Texinfo,2012,12,534459,1449898,774,2.,2696599,-915439,0.608329468428998579114044467101674016750504760442289070333647421712200861312893003429665186714953597451237036946358025006206197741154703958442240,10
tcllib,2004,12,83552,36079,629,8.,205570,47473,1.30027767763313206904849101786856437549245802652573876253426584382917941155355621118761352861920275655744119129690803048808114322636800,6
hudson,2009,12,66742,40927,2560,9.,134181,20929,1.1889956473871401553506435136334984423245417981298265511324658880702836985743318308697635320194068731294483024694193621379260287347200,3
roma,2007,12,152431,104480,2151,2.5,70633,47951,3.114055197821470178609314920520946989615278263618654691780664976554996109448749720620479332718243741145644834521650522656000000,1
yaws,2003,12,11158,6892,251,3.,18788,4266,1.29376118997396729753847660419949173381790912353608652672482956731207944193156074174366824565570803195376885802034340472084660099072000000,1
libusb,2009,12,1842,298,61,2.,11092,1544,1.1617092584573333124567571852077148225808763819029528646734424136803289274584870699241630826941521084416579576680271360000,9
sitracker,2013,12,3773,3448,233,3,119964,163,1.001363548906804145297128775648659590,7
ror,2011,12,292031,209724,898,2.,173947,82307,1.9888627243418175526153804111557639820851951724275991601156991204497495670674463430212719834286448398263276346424418918974840780721725440,3
tcpdump,2006,12,3698,1551,106,2.,75909,2147,1.0291071283330949967911258916954032712991464785676581720737483719250453360413471835396504097301534370950251582383361704684935786186276864000,7
kismet,2006,12,20841,73400,197,1.,78048,-28402,0.632493562579305021820278436518185302403742224230015080421341902883259006976623644022191019929140639764692424145080025088000,4
metacity,2004,12,2987,1803,132,4.,54269,1184,1.02244634867648275604059569359438209290705762386972216925512418611666872157384242952003940192815041881942121908576885145445423227859957257053239255500800,3
shindig,2008,12,255525,170952,2365,8.5,96493,84573,8.0950503351838155430446314351565461308137171551882726832587786764408175885749927945136963888158655554018707075837234585216000,0
linux-24,2005,12,10010,5912,242,12.5,7212049,4060,1.000563263900647473371693622277873119143022424510362624607071473927678919138730930560,0
vagrantup,2012,12,25401,25010,759,7.,17554,-529,0.965798150920845897726500199391802008590214395686984794559225380291422685353430603713206534327285853883929537855612261239472912881664000,2
guile,2008,12,86205,69404,732,3.,155801,31733,1.255808141882400974743008643909256579114804125824138297470807096422701701236976184961826853142894159410097779849223427265600000,12
icewm,2012,12,0,0,0,0.,125390,0,1.000000000000,12
proftpd,2009,12,78790,60977,530,1.,320688,17813,1.05922465672055253388829053374676331915090717617272381954253078293665813585924741642650931018747331585250345489588106513546649600000,11
mc,2010,12,534250,502130,2302,7.,202024,14822,1.080028940430498588217603682331170874382674836339762478026320539563571393399209226037098425646377054285254874752380268437110146081596324623608128000,13
easybeans,2008,12,283336,227798,1380,6.5,344557,55538,1.246421567333584272040313542960336291247926130487444847293827167467718712514775617292466427176875233749495604589096749370309305600000000,2
msn-pecan,2009,12,27453,20793,537,3.,22351,6660,1.424799081513314177168022863174995852506649616166817256788150337523922605618428333231363474054910080706056706450084096000,2
passwordsafe,2012,12,62243,39943,402,3.,306048,22300,1.07859086231100783939020566111441646144620241388523675936562854863657781776533312879613675188183941475826407671644675222936000,11
opensync,2008,12,53065,35246,1220,7.,99043,17819,1.219380971144808835037919055037216965120756606177531839639117763386464007729253071215469938664119168907487710497891813010243289579800000,4
aptosid,2008,12,88448321,13451429,5762,20.,76657288,74996892,46.16807557407523011814736468651292705757603609793442378915979970503973267936252827797462873061546462703862432050058748231680000,3
u-boot,2009,12,385654,230122,3437,45.5,985163,64438,1.06998615221921606642229891166078869947574369139141594479167207491770645939507140342215287987625589657605754638757899026488909376204720725390131200,9
cinelerra,2013,12,0,0,0,0,723912,0,1.000,10
poco,2007,12,139266,36143,264,2.,271987,103123,1.610686706387091358789291808328681752525400702377497922230739855231993671926053952473099584121411096596690201948903172424499200,1
mambo,2010,12,0,0,0,0.,130527,0,1.000000000000,4
EveHQ,2011,12,418890,278841,1416,2.,320964,123847,1.6282918266900007124818449510221012589819528040785146284946588415543438999737285796984000000000,3
netty,2011,12,180393,168504,386,3.,76657,2611,1.0376963501944130423876668086118716903526969328568861105794136112975647920561382685377968429051556642404107972431805161630364412163965770122163200,3
cel,2008,12,150883,93993,646,6.,419413,56890,1.15696347820044428568294465241632883603367384729475301218268349603230394258222804253864189666414237427607703130310900393167222971736469610000000,7
qsampler,2005,12,3913,1471,193,1.,5198,2442,1.88606676336767354640527130991816321399841137635460146321191447652565537048912446598938360000000,1
v8-js,2012,12,187498,123376,382,7.,954189,64122,1.0720417676368257421067442629225152978489263991984691759755132660614141658295847533702275236499573470108060378740470265503272881224410316800000,4
recordmydesktop,2006,12,9256,5749,182,1,7344,3507,2.5712365593041422898902457078731613542202307710305440,0
gwt-platform,2011,12,42984,33942,308,2.,47093,8505,1.22040530735530720516758112472398165655189355823468471785869976607607230038727691042544628210675806622944524409960000,1
nette,2006,12,0,0,0,0,6245,0,1.00000000000,0
autoconf,2004,12,4945,4330,170,1.5,36183,615,1.017606641853544767094862986965977682352644716763719078564542728194515122717174235608351313077151776660656269990312178596878916260921600,12
openssh,2000,12,22467,12318,422,3.5,23913,10149,1.73735832605112160516771908357782286936231707402919625200999148002469998119920092907781034276704518136867408187993807530115417710223360,1
pf,2005,12,4951,3057,259,7.,51142,1894,1.03845841455894796276252044042461984607490517114445483068684217035612418032312066198972621967523733016415960816744355599041698448334113646945740000,10
ratpoison,2004,12,2425,975,91,1.,12254,1450,1.134209552013163117461170707135200233358310241860550985085066787618669336710316026236021709771608888100318655345721600000000,4
powerdns,2006,12,15570,3392,393,1.,69198,12178,1.21357418450464006970268194147211643899114654758597773833615946680772072674580310013850866794950008294794296472001296271880699218750000,4
pligg,2010,12,13200,11734,676,2.,134367,1466,1.011195540115839493557551643524848419774345234665965820799436904858181337978984507548728072985964925777046333354071513349858180416407986214778461684800,4
mylyn,2010,12,114349,54925,1677,5.,286264,60254,1.2665988230686409449721929593356499013851838199304900362101718615441806873334952553021028406738989749171091693327666714647748903688000000,5
macvim,2010,12,101313,79992,1106,2.,519022,15161,1.03015914064247095040432276328076500578540379695419128871439113745749800400866853186993004051918113465843659957123644928000000,6
log4perl,2003,12,4459,1046,288,2.,7904,3413,1.7599643731991793167933405082677152449723623893162050613043361137803814382337147075986891863361038654209259518021104458760194883600000,1
logback,2006,12,32674,14570,703,2.,36719,18104,1.9725490193821237097481056769038029200960,0
symfony,2010,12,366770,235272,7053,13.,649697,129668,1.249347632548821182166687301940573649435350033342370380541287964179156451055760255829343450143911125036114606798695203241209825933375569920,5
zope,2013,12,40769,15638,702,7,384203,23920,1.06639225276370032641112272703352763,17
e107,2010,12,65423,50818,1980,4.,995579,14605,1.0148882641140237062705836044637513618225107496424300387648725933714818538843723837514282467576693625875962182887296175131014635902050218205653267046400,6
cscope,2011,12,5802,6562,13,0.,32791,-760,0.974853588329807124959773812507030000000000,11
prebuild,2007,12,4129,1769,43,1.,12064,2360,1.24319868100912848850864206679805603917423231244573692853548842136201520421726060017730808438272000000,1
mplayerosx,2005,12,4483,1517,15,0.,6998,2966,1.735615079400000000000,2
nfs,2004,12,5814,664,50,1.,4883153,5150,1.001055837613390575112050494225623775202057504877300713449545091119247707052285455863602555579401662236266746985608000000,6
sdl_mixer,2008,12,1217,98,10,0.,42286,1119,1.027181966141935522052760000000000,9
file,1988,12,19,3,2,0.,1009,16,1.016112789531078733857960000000000,1
dspam,2007,12,612,255,18,0.,29094,0,1.000000000000,3
maven3,2007,12,156292,102955,1863,12.,145207,53337,1.58057037122319547973487263641744576990871508292790007789333748395031315798069894103158182231438909660724188017649390678663693580800,4
pidgin,2001,12,112360,106115,1499,9.,77243,6245,1.0885062358305036890935299412779442177621929735731361605976103224849284192646422601654584083749723419897036772088768744357560320,1
supertux,2011,12,396,247,22,0.5,130094,149,1.00114663896267404333168436210902226217053928979577730324969589800960000000,8
calibre,2006,12,15804,6271,75,1.,9912,9533,26.15303431086986676,0
gaforflash,2012,12,29884,12721,73,0.,187260,17163,1.10209568909107365808271564307992500000000000,4
vpnc,2005,12,873,418,27,1.,5722,455,1.086386937534722783996677944815815287007869726351479785624697514193428809757390562656000000,1
mod_perl,2009,12,21,208,11,0.,67381,-187,0.997232417712281706625620190000000000,9
wammu,2011,12,72,31,29,1.,11257,41,1.0036554921538995196528635965496547450702913526450516058260148545000000000,7
picocontainer,2003,12,54703,37938,658,5.,24299,16765,3.225245553508250218109265830085177701053448428955014655049600,0
sourcemage,2002,12,24040,5435,112,3,23015,18605,5.218820862429337539453869836789816412749169910612213117026056740610311334791355168180109944606464,0
i3geo,2010,12,50478,33416,1566,1.,175134,17062,1.10949954433354613249035337625625476665778193529175276138044527059881733388715682147782691208277692150575905343558753906336914213216808960,3
ror,2013,12,105,11,5,1,178468,94,1.0005269826319604440000594620,5
nmap,2009,12,9388176,8014794,4015,8.,6483520,1373382,1.268756342772182801596398070800216439149270313316238388046951203495851510251439984012647033078522400879760337257676168265170932800,4
findbugs,2005,12,72672,36179,1877,3.,94411,36493,1.630080458561013670701114017022186546169260079696198967021438316600501851022636647529557124960245963105933581792756283764712661706400071680,2
zotero,2006,12,93025,72554,1100,2.,20837,20471,56.931693982277541530566982604217323017178754993657021412447150311064256000,0
debian-installer,2008,12,32558,55416,1543,14.5,312407,-22858,0.92647536580547494793822762950140194353995278847027739855666788835709474634265771001321586663602254337821581729720799350245208804648159613452288,8
hpricot,2012,12,440,370,10,0.,27902,35,1.00125596583800000000000,6
sdl_ttf,2003,12,8264,3780,22,1.,15486,4484,1.40756226139572388621932017538604068985011995381048761967542929781615003332477071038464000000,2
libtool,2001,12,9393,5400,223,6.,14574,3993,1.377410207895513713237235615042224889690123041822444079343547191193366096787838107516850235991430028909175466321007652227404800,4
WebGUI,2013,12,8,2,4,0,789713,6,1.00000759775461000,12
urlrewrite,2010,12,4237,642,46,0.,26638,3595,1.156012671989140447909077884467647000000000,3
yade,2007,12,52624,51780,154,1.5,46052,844,1.01976719673157529094172195082693308875240689078066919843774325431015219580119926192591712876578051521728000,2
supertux,2008,12,65888,42721,528,5.,126119,23167,1.22502719717841033757005901739314111419588928156040562353888290753692340385571707040105294306603333680250266135700371525674496652215451417600,5
ilias,2012,12,267075,183386,4432,9.,1558706,83689,1.05673765115827955240703366925177728397212935470439463984427941790273922280458240543510950895301133480790172358672201922482512482452189630464000,10
fcitx,2005,12,0,0,0,0.,11848,0,1.000000000000,1
saxon,2006,12,244203,119019,68,0.,187803,125184,2.99913764167742426925282565093076058951869678778000000000,3
bash-completion,2009,12,8694,2581,198,3.,5544,5436,51.333333336178349748279552632865213765516389056800038859485700000000,3
soapui,2010,12,30381,14384,885,4.5,253436,15997,1.067373093724463029259666960817153981893657387576015354692844647497494383649341529696286246295474112707890682900332646538392709681777955076371000,2
rsyslog,2006,12,977,406,45,1.,10024,571,1.0604041045156249412162999628385283872736989621433939195196177975426887070049787904000000,2
mod_wsgi,2009,12,22619,19308,308,1.,12675,1537,1.1393346024856043460632200023613047467784723448952164636331983914241990143639932998807052229063240741388709085706657663304934675116907686400,2
osm,2006,12,89930,45913,480,5.,79218,44017,2.2504474306049069619585600259039113549655471605430939211748572719226614495283151209251114431332334298468502127076499119330704689725440,2
nmap,2012,12,13648064,19867645,3165,9.5,15884803,-6219581,0.51866695812403702866017573082153567450904991333153143030900512006494654291110587072820047382752819585889676711642711250916502400000,7
wpa_supplicant,2012,12,30663,10192,1052,14.5,245105,20471,1.0911304611124653881555272073223258714309126553202532646948497739127748436756507424303526874939718215381565887108844922603346766498484618240000,4
PyPi,2005,12,3450,1490,219,1.,4180,1960,1.88288288283458878269926745252076742636450713901691537447459832825723207859224872141359315400000,3
enigmail,2011,12,17499,17826,258,1.,43569,-327,0.9923478342254033048719835831864419739833777744175747958612444974794969920833699016345375953456976249237923513037162323282171133528483840,10
roundup,2005,12,3392,1997,316,1.5,29547,1023,1.0358645351326106373364748660210167627009739189369405725214523526180950177902493829073392650185917678609315200000,4
rxvt,2002,12,9173,996,68,1.,35819,8177,1.2958179582211934809684357387904180527753967324286582773756215142873839341685677480000000,4
foresight-linux,2009,12,4456,330,110,3.,66523,4126,1.0661249739493244954198310889264760510803675700580324250070515006226605249103085111041124931818456885679828716605584634031973149990836691348075000,4
squirrel-sql,2012,12,37893,15636,341,4.,1389270,22257,1.0162814837901641247073796362843284793411962692155577186599868641336942228885016331722017924894336211716000361612904791577200081812264587683266560000,11
cyberduck,2005,12,66820,46712,865,1.,63687,20108,1.4920110597285629272011121208181474119782922668683835520313308183103349190745746215264821585838924986730012288444895232000000,2
gtg,2011,12,11604,8750,282,2.5,216535,1231,1.0057174971206070089384091380688310897445020809317585949618615561902574965699201458190130877190400000,3
cyrus-imap,2003,12,162639,120784,2278,2.,769615,41855,1.05751209190450521132608866734747752263668266775726645841531459801003397584474480182615163792782483787691566516314912315943282454573855333136384000,10
xz-utils,2010,12,2926,3285,158,1.,24505,-392,0.983898131026262000317591906908320975114377371929748267001163506338370949563681745925569682047341069996590000206782149008560245973626788328302863488,2
zodb,2003,12,24164,22958,586,5.5,38415,1206,1.0324115133275794872994961381043155829045373819822031613000326345698766378466452312278261573348499174539396563822943120489286229469200000,6
gnome,2006,12,1547156,1040744,20558,156.5,4748103,490849,1.1152970905813811228575954662561634218111133816618236764349737828896046313077989922313762734950074497932864030774112324555493391996749312,9
msn-pecan,2011,12,1067,762,41,0.5,23078,282,1.012383085227790842615353754654776250000000000,4
frascati,2008,12,130558,83510,692,4.,53061,47048,8.824380508448633042173020254282161669291899934350643055171178325339606237806580239145358690609973611329141953977069841382165094400,1
xlib,2008,12,14152,1451,66,4.,123706,12649,1.11389646758809396174197163594898284998831646999710345050965442802984828286680906472390214396948400000000,5
mpc,2009,12,8292,469,67,1.,24439,7823,1.4708112662775836551039392359246280646210956273172361867583324738330574616058732708616079222536543173957257164800000,7
SPIP,2013,12,3253,2107,312,7,151128,1146,1.0076409169095970297021894714299564990,11
moovida,2008,12,714465,536509,6412,8.5,113997,74960,2.9202295264576852062408986287358572998642111314614936929038149013055031797286309164652393183644398000353823593669296919541362798080000,2
encog,2010,12,169393,105427,1364,2.5,125445,63966,2.0404528375639331178903141985696251481220620250725472251963601939798253257657604314129875913366377977359084602708936836202114931712,2
mutt,2010,12,845,392,121,3.,92899,453,1.0049002109357784109808106603635271143724615878711354747169341540651139883235268307065772800000,12
jpos,2008,12,3545,982,84,2.,46486,2563,1.05835211620528784209706471202101532670984807535750248627778456748651593086580395830910464936535481007174514195002669454174491599655558045677154240000000,10
markdownj,2011,12,0,0,0,0.,5977,0,1.000000000000,6
opensimulator,2010,12,731912,782717,2568,10.5,352377,-11525,0.96629565074924589942615003192033938060177268016219157402932029485342855957684613703346667391326608230968399860124197488823791560120816230400,3
hibernate-validator,2007,12,0,0,0,0.,5379,0,1.0000,0
celestia,2006,12,17677,13735,477,4.,149260,3942,1.02730351786901388361767803830655107800484960241172917659236144616249700072699459144116951802066210913763932395987277664893072241568940086046720,5
pokenetonline,2010,12,29731,89182,319,0.,99072,-59451,0.62496924734726922464855826928380000000000,1
xfree86,2012,12,0,0,0,0.,2517239,0,1.000000000000,18
YoctoProject,2009,12,940092,6344,332,2.,2905146,933746,1.47364613975530188518760009665191565887150018624822750489080526789916285923927719524601066605039085614145093407239167333306145939166831872837632000000,4
args4j,2009,12,1782,1329,98,1.,30212,453,1.015222285687720507363042112276302578190159364954181681441263297011951604012267822665587708702720000,6
pkgsrc,2002,12,108097,49145,9198,49.,158372,58952,1.5929591631051906977120563806538848323914313481432551883560222414110500065128955099610277281497640835604981044450349808431979233520000,5
zenoss,2006,12,1787331,1085915,2164,3.,758454,701416,13.297345629017709695243846262284446675525735614825807160532487184201588334859727052926732549761592874186137884969629301119385600,2
nmap,2011,12,10570768,5195754,4948,9.5,12921575,5375014,1.71224681014183271179704615052341579038827817866161517963482902376318561409523356199930205964914368646197183426659050868452840468480000,6
jokosher,2010,12,1618,3861,71,1.,35067,-133,0.99620726038724868835164737766429587192856599824039601272050009288000000000,4
tvbrowser,2007,12,47418,24363,956,3.,152156,23055,1.178581110916970320652136431987339637349609266592672652060877524963669164369160293203084709406099346414576587194304200398308175994784640000,4
awstats,2010,12,11984,7525,68,1.,48375,4459,1.101553247687205225426818748981662374651517231797693478500899127088279991977191057489843688025447426811398961406325445087236096000,10
apache-opennlp,2011,12,100393,27882,812,3.,108040,72511,3.04089616921106553802391591666225270580388158480396408678245887141909878411392077861851999378416111790631110623755127683416070322300006400,0
CloudStack,2010,12,484771,372550,4985,16.5,269532,62084,1.299274999031737394032129336547993501239320,0
gconf,1999,12,27398,11706,239,3,19393,15692,5.23993515279168845299849887724148189409951035652480,0
cyberduck,2011,12,42994,67150,1170,2.,157193,-24156,0.8528992655931252486292134140692873731014949587618502037177981126914674444785206701610964655944400839011593156356087293731459097141890592000,8
camino,2004,12,6382,3996,280,2.5,36098,2386,1.0707759848108776130889484417649379079225034086178657524374769563387561417884293423026553469328722297272319574950166366490505625600,2
wcv,2008,12,5220,1374,215,1.,9625,3846,1.6655130644719002209876195102574115463845981478748261552769712383053557091967009788895924879523073388810817671247040000,1
bogofilter,2006,12,3161,1025,142,2.,47507,2136,1.0470785303345297328160840461531605445560484431872167696087635422170153035926461168663518039660915800834328554008917644568708140636754411520,4
moonlight,2008,12,462359,239622,5673,13.5,399066,222737,2.263189832496393728637284723557652346707086571542932435822501657058545351124914032695785488315867751883151435969496552554496000000,1
worldforge,2006,12,402492,227837,3061,4.,1647265,174655,1.11860234550590095703376930777603688087722152948169772956087620946296826471254048252877567987481480106866057023687843074408346126030131280000,8
tomcat,2005,12,36318,12840,231,3.,74990,23478,1.455777294656714910443777999524432995437142710465004189188145344475400491562650685701812581453968770036242621507862837904000000,4
tuscany,2012,12,44011,29136,465,3.5,732904,14875,1.0207164334582632190104065945958595975878475293382724070059997884085082149868881795763936844589239038304624256567492850202417814139320213685200159375000,6
concretecms,2009,12,3095954,1242629,2698,3.5,2344097,1853325,4.7763462462885754037902104517775404809825434739207349018494587887423885371227915945960860824836823458409946947353656822823638441420800,1
canaima-gnu-linux,2010,12,549968,255334,927,3,317387,314961,130.82728771938282475340777495053666558133158367769323762058619734650171347097289885275347622520091488436800000,0
melody,2009,12,214992,157845,1055,8.,282787,36792,1.149564015536376983273987883900702149857981117119429272843863457437903746722465537317730366475601830000000,1
sdl,2012,12,81891,71818,736,3.,1788435,15272,1.008612857363249976526655143889796350343484571040351781632442143701005594403583422854603624058752917529149128252604757094668800000,13
classpath,2010,12,12651,12292,42,1.,785865,359,1.000457030245549298026771257643592676284203730585238524503581785415190048501217415048394138955650244306658912139113230978405590600861822288000,12
glade,2007,12,56077,55591,326,3.,45125,486,1.01090958067596909012887709373131882035092568093881999609247573659450376679284045538664212506906563639881942719036959823288709088200,6
strace,2007,12,1805,2018,93,1.,64448,-213,0.9966693249480784955375272493908600171650623564590554668942064502965754589564453493316562668369920000000,8
masstransit,2009,12,477880,405745,563,2.,289835,73936,1.3424564264414576578790008198786971539514888245797636970218964907030647272089555211823664208633778529775719177046818307397476319462400,1
rhino,2010,12,5410,663,47,1.,88592,4747,1.0566163754612335990469719320230278237704856574077667332823933019937024819102569582065907625367172593666763740020588446542472598853601657600000,11
rygel,2012,12,30943,22978,642,3.,28597,7965,1.386050794879650601738611467501510634997395661580122730263087108487560879351126331355359491747393849694254578857095630359280390348800000,4
snort,2010,12,26477,25817,94,1.,206419,660,1.00322659496658660015178291623405504165081243350555339844698854575435255207415772467200000,10
gnus,2012,12,4550,9084,551,10.,129758,-2883,0.9777274764020782019938497459207273835406571689925668583135848325057981687977263291366063406762903054388739520189201803955210899170516290839400448000,15
xetex,2009,12,17578,44349,108,1.,1643263,-26771,0.983721788577496870462524400939076530811330749794412821174225326606546266130313913700155531698809754624073353126486439653620158461015000,4
ghc,2001,12,42888,76333,1530,8.5,154969,-33445,0.81755149693983848220447250300101867897452718706157780407692193875020499455930067222578458442072156966864748816641525121583169919479136000,5
netbsd,1986,12,0,0,0,0.,336,0,1.00,0
irssi,2011,12,23,12,5,0.,62253,11,1.000176729539538736173954676660171815343950000000000,12
packetfence,2011,12,596740,214283,1527,3.,149476,23318,1.4496596408974193051828130973454480377106909689788431172835058313547050377427639900320894614084659395086202437256240812733307187858194432,3
tornadoweb,2010,12,3868,1442,304,3.5,11084,2153,1.241070428836202581634773229318556363157038956643344436847759915768381023398883387875284950766103929175801501564513855921300208107558400,1
jhbuild,2007,12,13003,4385,469,13.5,27872,8618,1.44759530498119917843149487014866470042463003198568568701792981320606767693329558557446928533917750192991071881535775929479848293602080,6
itk,2007,12,312385,53174,2005,13.5,962803,74479,1.0838421566892654452151487900008279843232181111311144392709331174046431780131872473329029112600836122089162163788167038833124198447193229885440,7
vtiger,2006,12,113226,110462,2398,3.5,154334,2764,1.018277159504239373728921259519218311900590128462526459873281208122228509104717837232738023424000000,0
django,2005,12,16742,12787,640,3,18543,3955,1.2711132437883820336325055167573234033105991014697241728,0
sshfs,2009,12,124,42,6,0.,3932,82,1.0212987013000000000000,5
screen,2009,12,4491,3243,94,1.5,42276,920,1.0222458651723964863095791738358950130189059249536745328895539368318743046701540505020983918103462000000000,3
openvpn,2010,12,33714,13804,1077,5.,375288,15234,1.042310320119727099731697085510601052208131821215985820662689709775366949770520969392562018718222950404998464602656505174409154915296006061875712000,8
gthumb,2003,12,65539,39339,196,2.,95154,26200,1.3799634538489100843676835933592804980367230648814040483969868115272292494833555303584103582687354945991477648463200022645329728810516480,1
squashfs,2005,12,820,65,11,1,7095,755,1.1190851735,0
phusion-passenger,2012,12,360539,66180,630,1.5,446746,273203,2.574266896409559614561032800836257049449254104664274747654697539757435967774409229906759398005349208163526346722862920440000,4
moodle_lang,2008,12,285816,123823,4520,16.,875967,161993,1.226889214459415629506282383952596715366027199011193452752500349394620155209816593911614344685004809713618721778356245814015549192867840,2
abiword,2002,12,242244,147429,2937,15.5,435818,94815,1.27804740725580975320032412955107415018287384228131205851303941268820443380049585688222770661864323474199033369130099793054351467199200,4
scribite,2013,12,191862,344101,93,0,141436,-39166,0.783136399400,5
elbe,2010,12,440174,407523,457,2.,257606,32651,1.145144584459538462494820742753120702036632861623981373259853313253671000017016938651519086374668411957261536587179502084112984576000000,4
emacs,1985,12,24,0,1,0.,40,24,2.50000000,0
dtc,2009,12,12519,8406,948,3.,56177,2250,1.041723070077499171328009208070432672200199189387736451703581393163384698826973393708847901912655314640944986293064740400000,6
pf,1997,12,2284,898,63,2.,17447,1386,1.0862959965073137807860866732482850427233339613498689469561070292831065466931861802048520759803599455961102614127942139715200000,2
viewgit,2008,12,1440,399,197,1,1782,1041,2.404858299507065607791852619492407998435380885295236496643878164000,0
apache-continuum,2005,12,662,584,40,1.5,623,78,1.14311926640962064056829242240423181664000000,0
mailman,2003,12,45110,6120,616,3.5,126872,38990,1.4436630936684377991179707884717272802515112959768932767470474743455010520821213148293688962700477400681188513419921423686473616000000,6
estudy,2011,12,264529,600488,3363,5.,1184493,-152626,0.869789924870239884150352100392130597091076745327117790363208199325425044693415686387320640904565891729107183254728301182233255565577974572006400,3
otserv,2009,12,179267,195680,1102,6.,149535,-16413,0.882423313320900024639828682686354086395893808648283846072895905909509585001517717281689731856556688443051275479467434710398415258510546940128,7
mixxx,2007,12,2205671,282930,6284,5.,2989970,1922741,2.80161989629454744903952262829409105913128214256255051227800312481634930379962950973252400489287062500518422211760092598979555447710000000,5
geronimo,2011,12,182131,44567,1191,8.,518400,137564,1.361215851488486162948852454222857719541329838953948677054458627461602079851576894376451028114031417946392219204761912142239060829791479228520000,5
dom4j,2008,12,0,0,0,0.,73530,0,1.000000000000,7
kcachegrind,2013,12,0,0,0,0.,80027,0,1.00,11
squashfs,2012,12,2869,1545,174,1.,20139,1324,1.07036938612520114264028005429926805173426176913656790030012088438414700417750303235588384490831397490500000000,7
windirstat,2005,12,9237,2895,102,1.,50913,6342,1.142289829710910409696343408322120151730871281131252506026889587263928168448347122607069112320000000,2
mod_perl,2006,12,1248,500,121,2.,67483,748,1.011209351116479298195197914821390268237466849656959369095696696023532991730397793837945728055980869887384939049746002138979987130442605633647494782976000,6
tortoisesvn,2008,12,58036,158145,1933,6.,321980,-100109,0.68762403428835288379957561731391180990152715241733726845556330136024270644940776048618225805141104354262088531959573398186141980583321600,5
geos,2006,12,100005,58790,973,3.,97120,41215,1.7372328056484686007276812859809612203454695690350359469602980699787283950193163392023236875646439808851813235563292204054647058432000,4
ddd,2011,12,0,0,0,0.,160630,0,1.000000000000,16
freecol,2005,12,19961,5973,229,2.,38753,13988,1.5648293963999609231205814930229847631216855064243027034697711706979132661184786707551340045322788227880182419267148694505827139688130388400,1
firefox,2007,12,5247569,2226860,14788,109.5,3170423,3096407,42.8342925846133863437981724222465535924478684358071162081266244340213244653310161830933397437479627196721802015000324394926080000,5
maven2,2010,12,226480,144642,3388,14.5,818303,81838,1.1111227281728964602596785629988516029936313508737381697891101640731993511141573745593827294727229942677426240663444112947461645305118960000,7
apache-axiom,2012,12,30824,23245,508,1.,86319,7579,1.0962534925072506262972740896613920094843919547189103203536183659395650060840510476990153617272287100150740397731230615852712000000,6
rosegarden,2003,12,959,262,58,2.,21534,697,1.033450112783613723783488131945860932000231174806944118831878652390551628965347021005606255759824880903958400000000,2
scintilla,2005,12,112409,43808,1597,2.,224257,29032,1.148710462286786524644319743062198824544370852476654354089629070716879131561827028894808183419995346087985286496755769872396800000,5
netsnmp,2011,12,484136,107128,2287,7.5,383333,9966,1.027322299506575814178249778989160679675760536240809354283980165277786811375887911235702819810452701777555080687777655070110688782212843714965667840,17
dillo,2007,12,2109,1324,73,1.,22504,785,1.0361434688471341514486,0
zeromq,2011,12,12090,12422,399,5.,13723,578,1.045329778066685858587130044144266516257519024311760291456345443149688575428419806551506475116425741459882473408960782364716094438400000,2
seamonkey,2008,12,714104,114840,2222,19.,678525,580762,7.9006891638877022552645344333252134283017455451192733842650981630861468662795411429436865447353817848679422729501656740114662303931840000,9
kvm,2005,12,11831590,6856407,18620,324.5,4750852,365306,1.0832977239284325937337700858210428138395160463421534508632530696522670776285237110495872512000,0
clisp,1998,12,276934,194586,631,2,894116,82348,1.102092481793622721303177581855616525323669449229195262544100,0
reviewboard,2011,12,52166,29363,692,6.,64785,10376,1.1983142524255810706590362642402040722347936847565617111068313179522199479189290225383363917474079602567264790522535915859766902791200000,5
haxe,2010,12,19236,10266,484,2.,61020,8970,1.172334293945045514513112630955591633108242968203854601660962797260069737398874223389750230503870013385514352146198072876540914555046360371200,5
qgit,2010,12,26,3,2,0.,26128,23,1.000881057268700000000000,5
q4e,2007,12,26437,20349,632,4.,64492,6088,1.104239435666297737321219560062533141131243628682166780141227881200,0
Open_ACS,2013,12,0,0,0,0,107567,0,1.000,1
ntp-pool,2013,12,884,144,40,1,28323,740,1.026828118770531204541050,8
lxml,2010,12,1623,423,81,1.,27269,1200,1.046031685139361756268704974120247189439173219194713371274202429985000860563026010812229872522192729954613670106384480751319911658434329249055488000000,6
autohotkey,2003,12,5011,3710,18,1,13183,1301,1.1094933513,0
lokalize,2011,12,3472,1204,89,1.,25262,2268,1.0986344263818151234782022553594065458297606920914805903336224066343956154410598033951680345860686020898736183004765008000,3
mariadb,2005,12,4197415,3217890,15055,59.,1167821,94539,1.09379324988019905981389610205680976958888235092600488965275697858736627613252950066828510120242358030606999344209887986052963375860940800,5
ejabberd,2010,12,15858,9575,477,5.,90697,6096,1.072055885860831021108149971943402898689218653609812479579659180833693012607930375705458358681222926703249271654470104038900842580791515844584960,8
neo4j-graphdb,2011,12,3370254,2193934,13760,17.,282457,89267,1.462068430137776962016682501851086374445697093174114056053981999045971875518612624284260656233221308152517456814580598977364322115520000,4
dbmail,2012,12,12119,8915,153,1.,73425,3199,1.0455529291094495352358663057719596437792693787077101890604996495038135534107279303225706605234906530000,11
epsilon,2008,12,25949,14573,173,1,131315,11376,1.098786015733923197654286292952440,0
sdl_ttf,2001,12,612,71,17,1.,10842,541,1.052519172897695067885013815515088240000,0
MozillaCalendar,2004,12,29694,17142,754,5.,51349,12552,1.323530169864148399101198825299112748395096319751741829395249716094435085125472965739671203766154158864893819347886519855655651669875266900,6
radiant,2008,12,388226,390005,356,5.,175926,-15082,0.9057957888317870292352053644479319459870006126980289280000,0
primefaces,2009,12,21159,16642,149,3,30486,4517,1.1739381570,0
xtext,2011,12,2118512,1452131,5024,8.,2254214,601320,1.3637982834891587229155347064600932005911625050649849128273239988510331405528621286435426878398296950722020305425825913908777263006464,3
bison,2009,12,16180,11808,371,2.,31936,2258,1.0762966717311554893479708431809489587257567756303978480315588889411675848151426885507097209266138988513006139214496000000000,18
go,1986,12,0,0,0,0.,3,0,1.000000000000,14
iterm,2007,12,2543,1160,101,1.,37212,1383,1.0386000167488159573018698868271536708822969390665430388828055625546978092066886772830871934277416446575870204800000,5
prototype,2012,12,955,322,105,2.,13379,538,1.0418970485131785363864743895872900724643833070884157003161689754222787818842386701861152181134457899275776000000,5
jQuery,2007,12,25872,17427,701,3.,12587,8445,3.038870110963665259214743831650027379204855655708395729210372904665874796845312565250741226102037512487770799059552446253170464000,1
factory-girl,2009,12,3049,2127,57,1.,2112,922,1.774789915928683070664660155029326733061984428570615430365422354292830189158400000,1
magnolia,2004,12,3714,2394,72,6,65967,1320,1.02041858091,0
bpython,2010,12,4240,1312,247,3.,4722,1977,1.7202185792946218227330278917449477773077842929959911656448390919479922194373787791806852865164475699799480000000,1
workrave,2003,12,47137,38425,487,2.,37926,8712,1.2982131854581618869926125070955711485300004604367280982488394591865191483828348421071220334081724825689162589211247376486687592310374400,1
psi,2012,12,411365,96094,230,2.,564300,314174,2.256062944376075129382089446697681902265135499323830099765702946145164119819777128879674106575095316815136114933861066765828097025862400000,5
brlcad,2004,12,929548,1145104,1142,3.,1044964,-215556,0.79113053806970244120535328563977809026509612268121948873539590534881680868052257403482245548387534334229161014709006351638696731312701440000,20
gdc,2008,12,33897,8388,72,0.5,298850,25509,1.0933229921611078374562545815477724673997193319779120561460274502983496000000000,2
josm,2005,12,50908,5572,32,1,46883,45336,30.3057530681919624553887387363901344,0
twiki,2004,12,329252,120902,2940,6.5,394678,208350,2.1181894294165698024031577737773296009771226169147429401507263345384009623467354137463331520350501199626116490019505796142697472000,4
picard,2009,12,50118,27760,398,2.,44392,17448,1.647565320628601085491960415779350424119515719665387914568532662238982636801767875289340168416702303834016688071494342400,3
citadel,2001,12,23538,13089,359,3.,71074,10449,1.184790874533293653576452283539847843247358822772451345199669868982348689975768314704872481424900825844841264697769137487850355088896000000,3
xerces2-j,2002,12,48680,31254,831,5.5,126954,17426,1.15910086918497318092849507785232489478033212506947081434633915577622125786508821229766563583248015338892593039365431983200374137383000000,3
harmony,2006,12,15328,287938,220,1.,258500,-272610,0.0338768611001480499359728134857557468409063327818352897130513408539610811024153530614759144994540759688300800000,1
evas,2005,12,38055,20527,439,4.5,58000,17528,1.4330895433861838184412304478072463429192277335599989340209598629905071809586906021956070642458060250903938329613991556790955807345734400,3
opensolaris,2008,12,2812489,1391640,3725,139.5,9331330,1420849,1.183899701459323233548023949538614661473570082717675500989361681334660295855898369501061816413266270153773847259051182687963189341180062400,3
grass_gis,2004,12,173570,65674,3656,6.,837390,107896,1.1481505892010539924430596545845836324684824097789751749339246427759598952655969049259327049485586734313322803141908851251412120661304840000,4
dist-zilla,2011,12,1725,611,118,3.,8258,1104,1.15431926195380793447051638444734783037708690385343606152146519978736590740942813419640321053930975182683293485243275252312000000,3
startrekguide,2006,12,45486,26904,657,3,19656,18582,18.301675982865986993749975466352281453524799378535360,0
iodine,2011,12,117,26,2,0.,7983,91,1.0115306639600000000000,5
icinga,2009,12,2966619,2517275,2012,6.5,1756908,953579,8.172463333599268080389102029892447741970817272482377588251760787825467734872941327885779827488868405785950000,9
monit,2003,12,25648,16542,670,3.,19478,9106,1.877940609331783617252905276467037226582912935243791304578179116967571675292375416545430925285199849133632628800000,1
jelix,2012,12,132064,61174,1276,4.,152825,56980,1.5945015388954734133408522447803383190452854938706531370114432730745001312454847807777589612367003557791885971056531267834484914871257088000,6
etckeeper,2011,12,133,86,33,1.,1113,42,1.039215686268816680402532792770911139291182793394254864065123074458104555274138649600000,4
xapian,2007,12,51339,37450,2029,2.,109859,13889,1.1447223090574541969686563523735610656586306866113857401543600529760914230945305511178461280225638874946414187901395471326076236674275246080,8
qpsmtpd,2002,12,1911,1181,62,1.,712,429,2.5159010602664580713211186752908328378715068709755526174789397017905163680821954592712600000,1
phpldapadmin,2010,12,847,565,54,0.5,51290,282,1.00552854454219403883116428383326834417664155386674103132756756480000000,7
rhino,2005,12,4018,3561,110,2.,56891,457,1.0080979551341874775175615941977167031578171154289821443199381214414289723608092101805393518554390269359754209280000,6
i3geo,2009,12,120808,130324,2722,1.,167216,-9516,0.9424437805124115925924654056612506394652776649037915945038536956088712373658175392468994229188376501524041804910719049914820849664000,2
jquery-lightbox,2013,12,0,0,0,0,479,0,1.000,6
love,2009,12,411518,227116,735,3.,348906,183792,2.6531922929367201950577126259097767210459557390634420834593285973620578833017148042218600619826342587739512963787928251200317892608000,2
enblend,2009,12,37272,32765,350,2.,136592,904,1.006783832867790685878793185921901202764406845093869688706636364985734240000000,5
htDig,1997,12,1023,2304,60,1.,21479,-1281,0.9433712037502765501152846523269575585145186022007742613503754011987685203364944075000000,0
ettercap,2012,12,26879,16841,244,2.5,134757,2478,1.018733132243548376141142223513563561628283723619600000000000,11
meld,2009,12,16672,16169,642,3.,22864,503,1.02249452170152753450730836740948570031774935711701333164040929989914217953882699858264715191213481184902789339911293519669273600,7
hugs,2004,12,51517,81319,345,2.,109572,-29802,0.7195660151452976988712448892364493351953254179462347035668903847137264408820847646590607430493813977634046831472414170880000,5
edje,2007,12,2708,1427,126,3.,19459,1281,1.07046979866158649587511709016865881735767847030445251262954280622819192093953153550253558467306693529767895499681885676726615782831466984798812800,4
cups,2012,12,23348,12710,564,1.,550886,10638,1.019690956745888117216178730188100543210652578472824118858733324409582023956014158133090830224859467372681524965830172794102019387055039677657186140160,12
aquamacs,2001,12,737834,598916,16150,15.,1824556,96860,1.056063103690588365778935775701909895712126887467141396249960949210292453457334302782576239869995161399346697225132411286200565492113220177920,16
wwc,2011,12,0,0,0,0.,553930,0,1.000000000000,7
geany,2010,12,79896,70598,999,4.,139339,7533,1.0571521782028953015781004240444165703129932856371534139288117676453856137869175410728337615354018713832029470541991447086909976165351077980416000,5
flightgear,2009,12,196437,122886,1369,8.,270011,63988,1.3105866820981017228528381734711038389498332480855990012417709454605532981468733296316024280081269717984933354992024378929735143310336000,12
eclipse,2003,12,1438172,1191997,13936,38.,1171858,246175,1.2813888441045138859526201768570177753858931247102562079192272504389091517299764667691671047779181561148756109743507004985843539350400,2
commons-email,2008,12,514,232,32,0.5,12178,282,1.0237054472135307992025969641805726694905471648000000000,4
lisppaste,2006,12,627,93,16,1.,3737,534,1.16671870121022261337722187043799890927595425402928834066872620025090328000000,3
gd-star-rating,2011,12,0,0,0,0.,30158,0,1.000000000000,3
cocos2d-iphone,2010,12,112493,76696,1605,4.,127910,24242,1.239417702002315863632373781139322015302333261102178419908152661519230222386039994078839328834160345536109598576345102462418214979792000,2
grep,2005,12,1272,732,82,1.,23917,540,1.023099627839613946884785978833423717073437794594411409536247354342429787927323217637212356117018752000000,7
launchy,2011,12,0,0,0,0.,40619,0,1.000000000000,6
impresscms,2008,12,372653,169214,1154,8,48559,0,1.000000000,0
beautifulsoup,2013,12,0,0,0,0,1966,0,1.000,6
rdflib,2004,12,816,889,79,1.,2938,-73,0.97467915366050178343595349678421129019571734123696480382785850633600000000,0
ffdshow,2011,12,779432,865452,602,3.,1626154,-86020,0.9464683885263204815625403705274325552168026172161620791471884861170469166191527583580960383589745004597412261699561991654576796861690528203392000,9
nltk,2002,12,11184,7169,259,1.,11502,4015,1.536262855598797664283552729964902948179841960828524891544684710798326833391896000000,1
rdiff-backup,2010,12,2,2,1,0.,15929,0,1.000000000000,8
lxml,2005,12,12461,26504,138,1.,4275,-14043,0.233377006184821826253345317488040164876053813001831731120381075814148936998150510310409450760207073517850598400000,1
cakephp-debugkit,2011,12,11138,10995,214,3.,4251,125,1.03029568589614134032310485391538081691052335372582825056290968677165974594767686926000000000,2
sirios,2010,12,0,0,0,0.,48259,0,1.000000000000,6
spree,2010,12,178300,209344,2268,9.,81384,-33158,0.597098349899423492367526361950524038905349513734052198267548004913406259654102154190084256451839382612752144505306524813121857126400,2
xemacs,2002,12,96040,56870,477,5.5,41158,39170,24.177514788820538830025133457023590315635594967736751182179146779501980705430066977012531478374439943853819673465010046750856192000,1
tremulous,2005,12,412094,270252,191,1.,198920,141842,3.485055537865690627723480299447795428355336772684696877675842553341703144075882015956109222240155752665472000000,5
cheetah,2008,12,46,166,6,0.,12660,-120,0.990521327016362093961960000000000,7
freshmeat_asterisk-java,2005,12,25362,13425,403,1.,16589,11937,3.56599312133680583719165739842679030414220487666854523299400602829077052968266230823892839256957231046600008752776195584000,1
phpunit,2010,12,18190,27700,827,4.,27865,-9222,0.67703299010595261113666609321587597198959750361786061130764622665648100030530231549014443514331431576171646169628445086612950522741928560,4
kvirc,2010,12,1055093,457863,1256,6.,827014,597230,3.71376900490709354859921172254483312200930123039287354222671934661968813667337742593251024585661360567924432044866056503811613293442560000,3
freebsd-ports,2008,12,277226,259798,20824,109.5,1254194,17428,1.014303570885495887345851780074802102137421479936308118693840273229976266259441047787993653296402453529384515855217432388610371296720642481940480,14
melody,2011,12,168514,101149,473,2.,373317,41251,1.1242253046045891555631364479023523749629472086191350136077125100314504115588359692800000,3
scite,2013,12,28,16,5,0,103342,12,1.000116132778500,13
cherrypy,2012,12,2288,400,94,1.,20459,1037,1.0533930594168727537133776624985235511701213029140101038191279492029363210000000,8
junit,2010,12,4532,2603,73,1.,21242,750,1.03659964864805342269264557773608458238385341058840734605514544014159937260069686951099321020414775835118400000,9
tikiwiki,2011,12,640177,606633,8669,19.5,957931,33544,1.0373288048558952581065998460465220700392861866237736067801375345894018697008936025537493464061851610124912062075119904333297586402895872000,9
sparkviewengine,2012,12,1661,186,60,1.,1098429,1360,1.0012396667848495801165231051816429138556208755456694092163852955586079056161689600000000,4
aptitude,2007,12,16300,22214,410,1.,85229,-8207,0.898982066118327539991724000232961290910011896685559186039393085760685876849625069154437056466248487622985133814608919546612753448960,8
tryton,2011,12,45693,30662,2302,6.,168764,12507,1.0801499567377303271726705375181994506861104347239809808409573997915369055456404971679393134873443859837063268459493045317987168294934623923200,3
tortoisesvn,2006,12,70314,40575,1850,5.,251570,29739,1.134061515287777630427324487730198873930347945177357953346999800854986358462548968689400060920253425930676869966067548419434107680550400000,3
fop,2005,12,147557,127901,1176,5.,184739,19656,1.1190673782686349579420595313987374393191248382856117328905412226821829705683771698080964175289458655169463798850972041512147073301523200,6
quartz,2004,12,264,162,20,1,1679,102,1.0652173913025170638035548678352684294313182640412988939146561103795729970422303730000000,0
sdl,2005,12,68689,32584,991,4.,1134651,36105,1.032866170370634201567807931761696246193373239451262474436942797306044240271155777211427864434879983856773134148017711907621167532595088963937280000000,6
syslinux,2003,12,4589,1580,135,1.,10331,3009,1.41095329149000045169681055346434640115488729895683531700566217696731414388201197493249424591090309266116716239257600,5
poi,2009,12,77600,74647,651,3.,275682,2953,1.011014218151859435536116906718137670561656392629602292514467201294497098312035238588495256591553004111272487779493189244656782007789014112000,7
dwm,2012,12,587,323,33,1.,2338,264,1.1272902603677213685842052450941677587353853832650992827240582776000000000,6
rhino,2000,12,26844,12273,199,2.,73887,14571,1.24565041472940037304630232705763284361361578011061241955940070105543739527728449109885853943841398847570601036767740494620147511222974464000,1
config,2008,12,96,48,26,1.,2922,48,1.0167014613760619501002398936801131390506883124549140476998576603743569519313306568383211322368000000,16
k3b,2011,12,4194,4634,92,2.,105929,-440,0.9958356205864235521082225039025840972917355252121380360120820341293231615358227210677618061917022529043111159855606839950152358941719269295986151133440000,10
ffado,2008,12,45509,14544,565,2.5,128723,30965,1.316751570207672345101633204064813619288708676025581512626022863908435408409201434363638952029391533145267281683874527260160000,2
songbird,2008,12,365015,248693,3877,15.,545110,116322,1.27257964361015650455334053419718250644217649578745727187993199290319227770289240613373260984140247658458600149952120187997513271254176,2
thunar,2006,12,58732,25865,522,1.,88695,32867,1.588718922385666130081970020943964764457116559149215774036498264026577952632908400580631486686129469258538468886220592416074004882944000,1
pardus-linux,2008,12,391442,211350,11750,27.,367224,180092,1.96237949673680996772427132985822164406866602056457371505174254265220754584846096683559991761519584828931814602222190141924820103680,3
redmine,2010,12,24436,13680,1091,3.,79783,10756,1.15582308372115582414328438858906800212111997419535870322250036685312205742417580426307671136846493902826568035055728435768542414282444378400,4
xchat-gnome,2010,12,2883,207,29,1.,56274,2676,1.04992723609438787534542092888447146579996696756917500000000,6
HtmlUnit,2011,12,11961,5403,516,3.,606751,6558,1.0109264853138559825820672848289184988683006253625870251780600468491993447413669973358698131458492728106745955677767486626475525353133525081886213491200,9
feedparser,2005,12,17997,14648,99,0.5,132007,3349,1.026570719046608693856735416726691698726438694549171060355687200000000,1
proftpd,2000,12,12344,6105,233,1.,39581,6239,1.187121348484801126238808914783027350854989133925095620970197452062720000000,2
pear,2011,12,1186349,5377657,8414,25.,17224135,-4190308,0.750336469862390123494164529087977241507040717970662246244707723209492932068553004155159728685133967140878691606724042167245207659319742272000,12
bittorrent,2008,12,0,0,0,0.,8633,0,1.000000000000,7
zope-cmf,2003,12,5778,3000,197,5.,27121,2778,1.1141190486054023455189006410689093605858486460584355453479224844688554454001935360551200285113165650391036821027529326594729744182871680000000,2
freecol,2008,12,53921,28412,1349,5.,97985,25509,1.3519647883377994336084356015461229867263829453598479375891508675528833972527773898017902734340261688980748881345226262781889004175360,4
mozilla,2001,12,1585771,1041482,18169,112.,2579348,544267,1.2674424261607787716308550557034018822641494651478203340628679503197318102137620222851344548124296520640436559057340477315044800512000,3
gtksharp,2007,12,62484,126962,184,2.,488917,-64478,0.86260989634165817483503244108774336673814219913849535187870213867156788520543246182593350384990853850723345603776195076242025993463065808363428249600,6
mediawiki,2009,12,649706,526094,10111,32.,674012,123612,1.244443697392809016118651995422685666414591475742931466420285800822599207490183526247416699312641651005448372686944774255033738467200,6
go,1997,12,0,0,0,0.,7,0,1.000000000000,25
libvirt,2005,12,13758,1660,124,2,12807,12098,18.06346968,0
KumbiaPHP_framework,2009,12,996460,721784,3268,3.,450023,274214,2.5605256119736469291814771142377191178096014112863644003440527846076130982661322486434171502509502648762962814361670680563745931234754560000,7
maven2,2006,12,434352,286799,5652,21.,363048,148455,1.69179796165882198059336371229746786287635720336548450575112934057190438573538358904674546584539366455868618687773545435690783692800,3
HtmlUnit,2002,12,2631,785,124,1,16388,1846,1.126942648876009679065660827937080,0
camstudio,2008,12,685666,569932,251,0,321672,115734,1.56375034707373341613192519925402597354357136900000,0
gembundler,2013,12,2806,927,226,12,20480,1131,1.0584526332108305968437253820496936,3
jaws,2013,12,13517,14949,613,3,296717,-1480,0.9950368380640641261911856700161166540,8
camino,2007,12,20378,14241,425,5.5,65263,6137,1.1072939612983766591932594422114247313198585851360147627879075119446701965355402084197030173870999400064693843900942355576426227216177248921600,5
eet,2006,12,895,1329,62,2.,4426,-434,0.9014979573525133030981003671385586021262483048629745565106867591772765669003203011129900807110400942800500263495399059304609873920,3
textmate_bundles,2004,12,121,0,3,1,211,121,2.344444444,0
spacewalk,2005,12,0,0,0,0.,35,0,1.000000000000,2
ipython,2011,12,133343,105469,2574,15.5,66142,15687,1.31091071254076215605643150203921605935725673127365324007275458859787122259115587924958856785658378637509033310743298827145217351768000,6
mpc-hc,2013,12,7649,6281,409,8,171770,1401,1.008223327014366641230246007584666000,7
pingus,2007,12,68395,38714,470,3.,87669,29681,1.511847278692789606463599855395160961880576,0
ossim,2004,12,100401,92273,1333,2.,295362,8128,1.0297487025230394214150944939801619652945580749260937214803800747795222229278943724059391061281959996910056166567315826116114178542822144000,3
modx,2010,12,500957,500406,3565,3.,387155,36843,1.124587447520966909403351755021157049105656561483415015793610452719626862125274835145890068566090097267698240787550575465693314921792000000,5
lams,2011,12,94214,17936,750,3.,1311146,76278,1.06177016490793605487917192389323597851828970971720884972980819613936233803413687973246503982686704334123259653144553460729662350326795055583137136553200,7
obs,2007,12,69443,35957,1333,7.,74949,33486,1.80761160561349632454744889481267823535784485091295202914932381946152901720029846329153597272551792717963418616994541662595741440000,1
apache-click,2006,12,19980,6501,553,2.,25686,13479,2.10420250676220739231448626591992986600176739082576922420871135302276998661560069237012410067703752105427756782187169641611937920000,1
kino,2007,12,8348,2942,202,1.,97230,5406,1.05887349712215534873917524817424764067666914773414827184033087349628529251720871131046163626719414546243927952186710608285731282979878497424364273664000,6
bash-completion,2012,12,1687,534,53,1.5,9736,599,1.06555762284714698123908371946617263774561874169951857760146892134487825021010511713544769134880232444879286549156390804148434749877721712640,6
enna,2009,12,65393,57430,1835,4.,25725,5254,1.31576416855705704512601714863187651685979044014695553664351978289677545374407497572583945161861829267564294578537172670834676858880,1
openkore,2013,12,2990,2248,69,4,273860,742,1.0027198715584030434167637545366991840,10
gitx,2008,12,87679,79695,580,5.5,54873,8131,1.74836631364327547631773250133366546620127654973565600,0
osm,2012,12,495173,251715,2729,26,5586662,127972,1.023660228382430547842516334923436338706766406021032250605110618052747207997527573360821884241846818222315921476745229025988734488588000,8
port389,2011,12,76837,74095,528,3.,641462,2737,1.004300396106734374550241356732656739768122709311809009712977514582592776910602073668541873509763557093151852464389041122857209865657340007558455296,6
pywikipediabot,2012,12,29096,7168,656,5.,113584,21928,1.239242384579224164530683144135206681261998483430516227752604060449752477469885989008000629719021547844144354223269144699294969249840046786457092000,9
pyrocms,2009,12,156744,127600,1379,2.5,95259,29144,1.47098369396365743958933016791144019845063248668685487060372864846213725985267203072000,0
ratpoison,2005,12,3176,2477,61,1.,12953,699,1.057042598337156305068991135786592506683036678359744115379232105203993839083708671245408926808526867085487500000,5
jackrabbit,2011,12,65980,16016,710,7.,337081,49243,1.171078870751542390699590002433480289870282085491968992357878316223530243506913617931506276832951179365131865002635627188993441929220614400000,7
epsilon,2010,12,98824,68028,420,2.,267462,30796,1.13012431020866520205170502611000614844960909351785574241281685406061758294880452847096465744134245674709118557111812008842079948577174260736000,2
gst,2013,12,159,1434,29,2,333487,-619,0.99814385568300,9
ccl,2009,12,113642,70621,1035,4.,325427,43021,1.152337414893593352598741741632300017532249171695964182810976495445301835994962607598409105772564655101902852018247748229748085419985280000,6
apache-james,2003,12,450282,0,40,0.,778558,450282,2.3716567765739196291814965008272000000000,4
joram,2000,12,5059,1945,26,1,20738,3114,1.17669087607713903417097118711018249845109339524000,0
typo3,2003,12,21740,8780,81,2.5,100089,12960,1.14874496434674542536110,0
maven2,2009,12,292730,192344,5590,18.5,736465,100386,1.1578200191932500533505573935025405958533278627874684773006951739687949047934997288633803798830502314170124636651323987773349984325600000,6
zodb,2011,12,12004,6082,50,0.,45130,5922,1.15104060391882020241805343820075571891537171111600000000,14
zlib,2011,12,3235,2245,58,1,35608,990,1.0285978392696375598668566854753680,0
rproject,2003,12,195759,160663,2883,11.,495150,35096,1.07628669677506411550209210866870500748446788016727446343415446658337255127653189947959842036744773431792267491797385327499297412516692000,6
vdr,2000,12,24644,2574,40,1.,24272,22070,11.022706630849140032047608645739560449682121071147426693187229945806043672714098432000,0
lfs,2002,12,42754,19603,1299,4.5,34188,23151,3.09758086435824093983662387518126009833353832935724542936118558540316313606906821884414911489573643060358074612822023668545187840,1
netsurf,2004,12,50843,28094,808,4.,37582,22749,2.53367491365086929045036282894885360407043440090612101006858519515184198322921831035470376545670163057753580962245977566758784000,2
fso,2009,12,187290,92189,2931,8.5,115076,78997,3.1895562516942882656234441469445341087097066262374588318334110019389269594544730876199445502783308848734848801527149628331890585600,1
kate,2009,12,37595,24811,1064,17.5,695,4,1.005797101449178327779334967890261478000000000,4
znc,2004,12,191,74,11,1.,13842,117,1.00852459016392995271420000,0
poedit,2003,12,3614,1335,192,1.,32685,2279,1.0749523120438218339764740942451962879557575339691091397474723730467621944022585499710984770642767547782392175295164916361643327745382869512857428800,3
gwenview,2009,12,13146,6659,556,3.,26465,6487,1.3247071779057646129554782130601776309377020826975966756747978130405699101730683108280773096557266887083594433459778866963469096837432000,2
jquery-lightbox,2008,12,225,133,13,0.,479,92,1.2377260982412233245569787265844224000000000,1
maven-scm,2006,12,27919,13234,317,3.,33318,14685,1.7881178554040766731341672231255851720943776992543991391346036359566861642265006242407463939170904556469409692581141137152592545527922688,2
Coccinella,2013,12,0,0,0,0,145829,0,1.000,10
tellico,2013,12,1913,820,78,1,100711,556,1.00555139533769160165847909005969456954,12
dom4j,2011,12,0,0,0,0.,73530,0,1.000000000000,10
gramps,2010,12,142886,122876,1583,8.5,238683,20010,1.0915064959954403451281034606176765511783706278213786548609021187564534017247032951209739737803157805338103407566347167192072564899592518758400,8
xen,2007,12,467499,417094,4444,7.5,601481,13749,1.024877008192420933850237232606333370854786130574526713037418159502188925645974767931511816133088189348595582697816730643093532770304000,5
flexunit,2012,12,1,5,2,0.,147972,-4,0.99997296785878000000000,3
darktable,2011,12,492867,316523,3178,13.,133486,42888,1.4733879335219395037125998794634299201062215253524355865895977897048449675248869613361451916548489422565999701050035574784981155786854400,2
opencms,2002,12,143428,101026,1828,5.,329384,42402,1.1477514269273028365860686326707112825672264364612250159510015793467189324791381717936810120350195479352101194942510432647301538145771520000,2
colloquy,2007,12,110715,11140,348,2.,167524,99575,2.465437312780359182206286703576659355399901526691828247780794384259896235893936638608141322381733256669035094256084328763492965781800,4
nasm,2007,12,35518,12541,549,3.,50443,18510,1.57965114451067870312967463706812238259988465099315482576695686795119381991363800144018405120000,5
wayland,2002,12,0,0,0,0.,7,0,1.000000000000,1
ace,2005,12,591481,615078,4395,20.,1704662,-23597,0.986346375177444694764243748067369929311128928580366838267398686368979158691650460314834920379132341986151706098741537278293507977336778880,9
ettercap,2003,12,77044,17453,1457,2.,80205,33090,1.7023241005965876268553362192061962398971373627452016877168346034758891399948654880481148433650458102839681382237200000000,2
sawfish,1998,12,10973,4379,306,1.,18544,6594,1.5517991632602177463954389708314298506788084311737833820211865573290890178469357838161113644700028685159898300013199591342851915812864000,1
gammu,2011,12,18910,14329,832,2.,139275,3312,1.02474504090291476694732485357830537740226439137284184017268489383692767218254163535673276911119633636619316693289195542064858545381376000,7
ilias,2002,12,136374,75810,901,5,71007,60564,6.799482907591608812236457840688653165528035990606080,0
oradev,2013,12,0,0,0,0,5805,0,1.000,5
kompozer,2012,12,0,0,0,0.,3971865,0,1.000000000000,5
inkscape,2008,12,180133,202665,2714,18.,485711,-22532,0.9529501185979181017552833959166862532680550100694173074471514139764900784588036880569289680101963629973705126186251528283435891916800000000,2
swig,2009,12,15924,6876,950,6.,540711,9048,1.0170182991851970122068931501973631424546757902883194600865168496312995089184266822961790140672154030983875704852394875628922315816927060838096300800000,10
sane,2007,12,62627,32062,151,5.,417081,30565,1.079078227035159926017010181170906518770746120292060081300275589805173487917571021540568634302306586366535412906381742899125063859637765247070171136000000,13
udev,2005,12,39675,68484,693,5.5,39255,-11855,0.6180611488921539950315982459997874550038929389308518585738888285994223090152760680976102274400090960057740263689946143577790563655680,2
sphinxsearch,2004,12,2132,998,26,0.,3109,1134,1.574177215200000000000,1
clamav,2003,12,8923,7659,182,2,53328,1264,1.0244307858841994606533057786050885317721326658844363939920,0
clearos,2012,12,2301548,334511,5058,4.,4143664,1967037,1.903708811815333778948867956608939375500381877040655378113230681219641575100574120662741411748403765156211294066743056841090170900000,2
sickbeard,2010,12,30880,19634,1102,3.,11295,5946,2.1116096467124875438392115720412010773650817016506171650004116848498092989015452084293479914722064728179291128875698389101684607363000,1
texniccenter,2009,12,0,0,0,0.,89818,0,1.000000000000,7
rabbitvcs,2011,12,42706,32025,96,1.,38863,10681,1.379000780622899719636462635023048992656800400185961737175232231798464000000,3
cheetah,2009,12,49468,64359,361,2.,22844,111,1.008851674586435436806456470702026664775017973728366698420873045895243139142043953544329933343896000000,8
xcb,2012,12,249,286,66,1.,63901,-37,0.9994213143986884433573993689617230412041607370474801987519956838986962125473241440684247201286548847595118686777430436640000,11
mysql,2004,12,4636692,2128390,10852,43.,1009710,354387,1.54092580468662545682424923616157407861897288740362627782700000000,4
tramp,2000,12,8174,6217,257,1.5,4090,1957,1.91748710737379990252277771547946897359448924031898727978487244154314290661354610138968829006272358163596250228250598400000,2
newsbeuter,2010,12,5339,3416,126,1.5,20521,1888,1.10894402763625458298018939309184332577063297068829803080640593837359938262146664979373790425832546146061046537902190402732206810537656320,4
cappuccino,2009,12,383145,208890,3447,8.,144260,59988,1.7118547525969034084611836297933323173249084831069599550596395401976437515588528000000,1
boost,2006,12,413674,134032,1456,9.,658635,279642,1.737855316445507228674838219129363952294225480000490349892701299065971231071040142446895277092245730487640937393224661108720112435200,4
acpi,2006,12,0,0,0,0.,14813,0,1.000000000000,4
audacious,2011,12,120350,256806,1606,4.,317546,-131346,0.570638423077752307243018456693954164608914955345103089806346219429732598833037379507640191154035244945606510783020563183173496541900800,6
checkstyle,2010,12,33004,28432,344,1.,211630,4368,1.021074774922958158828520154304877773152313710679092153712425098479042164117480034514721881242247111961333675312000000,9
mutt,2006,12,3145,1655,168,4.,73735,0,1.000000000000,8
apache_zeta_components,2006,12,252661,51046,3548,7.,419786,201615,1.92411457072404417275728795082587005909091852933658557026423518276195443410037483310187395213109194201633208407600767413950639466086400,1
ecore,2007,12,25452,8993,365,7.5,59877,16459,1.379082408240709614236186226114115511465882934785089448398482988158390498154056577207539752547838490890748414388496871892023055714766980000,4
picard,2011,12,45698,24090,798,4.,54287,8929,1.19685612241582646060778193343063135778230590771980899525653920900297135552537026908872494336426781959687644586279137527292800000,5
vala,2007,12,372112,349517,731,1.5,121662,22595,1.3044737905605952241609318459443007293336351940426527374597555155826904679595789144690045545925024480322607922354432000000,1
geexbox,2011,12,43527,163469,2667,4.,142480,-36372,0.733600914023757420255083063959667890075200830014832772228891953930600528921245195190613653976728128119945543727064201492924106960316416000000,8
subversion,2001,12,124233,53456,2364,9.5,107748,70777,2.9143923614532589277690396806579078927671865986526339280969846723235146738747935384339217505721207807154977972590540346638851258880,1
maemo,2010,12,1154001,78463,488,2.5,1312288,539122,1.69733739480938458881045147786060845414321247861453648223940685131315714705930558131256523782855685000000,5
Test-More,2010,12,18846,7079,196,2.,24051,10178,1.7336553017727953129740025776151354579330803600470660814364131230188932168610231799028679673467206103040000,9
shotwell,2009,12,50617,27081,517,3,23320,22085,18.88259109241581175775257779162771431461256407361550714684263049695117755971504050466854400,0
drizzle,2009,12,1641180,1644593,7295,18.,380639,-3257,0.99151593139874282953215801836056150590722902060714804492430787875130473324743666700477550829510432002029629588661578441206897535479372076800,1
zookeeper,2011,12,15449,31670,239,4.,132029,-16221,0.87667077227145467613586373603871566845549443267442853343396915433936069247657703878625259418180165951161226172892639176473038575228316416000,4
phpunit,2007,12,45514,23791,1650,1.,22867,10361,1.8284823285225954422050000000000,1
glade,2004,12,5911,5249,126,2.,16478,662,1.0422247735650738239963438804396584378773684002408150173857844771056444154159458826931468151899868958020864000,3
mypaint,2010,12,6838,3971,380,3.5,11330,2867,1.33876875811302058634797054396091093496732671428874749259930379377003618924535030850173971079821722536275360880081438680574887529196800,6
ossim,2006,12,144744,40706,1407,3.,437735,104038,1.31177385472719881334607633661809842719263068780756295085986437666385584407046684105651724651476496223724102025523824817677426031971860480000,5
citadel,2002,12,22015,9883,650,3.,79126,12132,1.18109084396643920036691994017956729242606698452455203091351110208036615330183442538281700330752900681868583023395164436387954870661120000,4
openchange,2006,12,14369,6115,43,2.5,19231,8254,1.769819063574866676888,0
mod_python,2001,12,2390,1349,65,1.,9424,1041,1.124179887874737288433212064496472145189975151032962504869662970551476254091013866744296660082536964820863353705333797728000,1
xfardic,2007,12,4348,2737,122,1,17934,1611,1.098695092815694259606035428825063604589136428182195580841423242126476390230413792553909476310480000,0
unrealircd,2003,12,199891,120435,893,3.,37438,0,1.000000000000,3
libpcap,2010,12,10431,5046,119,1.,50421,1728,1.035487647097066721021962373067430292166979330464000000000,11
codeblocks,2007,12,332847,171782,1622,9.5,438920,161065,1.579672850904418390029260992761049878314969371400911544234888841684900145387477070028643937877325051991327916842348144021334859368220800,3
fest,2011,12,33025,14009,67,1.,265440,17925,1.072419853344276997423661916369419445524700939611308875299954949745556841466179244501522301433174104118446993022749888523840000,4
compiere,2007,12,0,0,0,0.,1083197,0,1.000000000000,6
plasma-addons,2013,12,6124,6509,61,5,121537,-220,0.99819312236660530537906054595783294585850,6
prado,2011,12,79169,51279,294,1.,308139,27890,1.099518642383401559260058739526351907624223536169931649790922835194131311458101044902894533388845597951165887557325967455787779258627788031770206211184640,6
maven2,2012,12,42540092,2833472,4076,13.5,40658702,39706620,42.705042213018212052806814366891497681195890627912811542359335527601138027218022091178013855341553312812949123751619895689276153420230078720000,9
dotproject,2008,12,29481,23687,885,3.,409324,5794,1.0143582881075619052600835629674664149453418199948609391756583710936774942858057472752675290061227322302281530374290507895028953513812899455077213962240,7
ibus,2011,12,24845,9014,259,4.,58448,7573,1.1488550368482498630059230213756729267801114897365048726037323714843622181241401865120933837034388420289181226884969568112203542103093721600000,3
shorewall,2011,12,26346,22534,1155,1.,999506,1195,1.00120208146136624309086358861692042949853213874813890424700863841771481359005911278691162112747401623822605876608966010985499546628788119691633352500000,9
bcfg2,2006,12,36959,27427,743,2.5,17377,9532,2.215041427573633744139931555859283342438258237882590780247176754027745334242376527452974730334224117578517154198860193795517180800000,3
tortoisesvn,2010,12,54067,50007,1219,3.,245960,4060,1.016881567068882812785828825917981151494123438761219888647917120428377930229736386108175919871020668417317679010529305866333881017970324160000,7
putty,2003,12,28051,11634,560,3.,68292,16417,1.31647228915605110635971999963720057216235774349817723138699396997790713808799376656770855170379920965823825006821829964582296113472088989532160,4
emesene,2011,12,46475,24783,1325,9.,51812,19912,1.624200626914868054030042370764498069637246368087984443676255135472492076674525116138789274002841742788149929465407926905053015484800,3
rsnapshot,2010,12,55,175,12,0.,15124,-120,0.9920655911139623162811200353446086400000000000,7
sysresccd,2009,12,0,0,0,0.,43645,0,1.000000000000,6
mysql-python,2013,12,8,8,3,0,11818,0,1.000,14
ramaze,2010,12,6223,5167,115,2.,23016,1052,1.0492924749365790119178683806776972163590416701552179210109965979529663205532463382364182842742330498088625638373332997392355457383101505915431680000,4
scons,2012,12,12407,4106,213,3.5,123290,3950,1.033098709571898062550181596118461794802701043251796842045910873961912105212110487208316055165985731207282663113593534826262867688978533537062424399436800,11
equinox,2006,12,399281,250851,4490,22.,693162,148430,1.272482615303278291258710858122612387598703502965262252633755188897163358881215784310381381730476385891152209347340797931474587041817600,5
aros,2004,12,368302,433355,1682,8.,3250236,-65053,0.97906214988075870600397181605998012309389166440499899046464141184304242242096184389115585893626931701618972787170280698784070747569321510809638000000,8
calligra,2003,12,358429,192476,4060,29.5,748667,165953,1.28479322617843525581086511514972883964903485462392304757040840084713826667542028166357201650358636625120226156357489560924405486107033600,5
openbabel,2011,12,103352,97450,321,5.,245641,5902,1.02461843921896359358551387218318032969759845113103644443516949570277582814651058957960943289175883875763221615737466499658172411644728770481722400000,10
blender,2011,12,547705,318800,6706,33.5,945279,228905,1.3195328138897502613014278948294068688914232644023334323532678009619028409231477005145450077307951734395295867128691033221255277557760000,9
adempiere,2007,12,2816400,1973210,3670,10.,2631950,843190,1.47138241018163150191559464836556747606734347248320751486686246228962635991113684683624773160074680083409736296162035456343906830094848000,1
cygwin,2006,12,110229,37751,783,5.,1534696,72478,1.0496417517264400391219548420567475917428909318411529765101461153111459576466246737881581393785795213004528396976695682263685530739680474025300608000,6
pax-exam,2012,12,0,0,0,0.,29180,0,1.0000000000,4
swftools,2006,12,76440,9249,171,1.,232609,67191,1.40618916921157464666046651560979631485687173822870635714347064455091493002122141347423725736205425296192907840000,5
mdadm,2006,12,5112,1249,189,1.,11870,3863,1.4824528537217615714947149671069825228407725884338501186460942622704119824381019422881127724101241568914575168000000,5
vim,2006,12,571438,76155,1577,2.,1599907,495283,1.448372477869831310786764442742504961871410576214106623686637778652900778639572015991848033686334043387387894827727862685775547581496109270743987618078720,6
twisted,2012,12,28786,20871,397,5.,201308,7915,1.0409270242454464461510776728761401251870532193724425090812154957325392348804144535070816496838702722396667354110021774532699357246394727864341808,11
satchmo,2012,12,219,110,13,1.5,139651,77,1.00055167867940,5
eclipse-scala-plugin,2010,12,43357,33513,511,4.,16237,6429,1.65635528327735596049170598746516879088056260865762467412073827461813123763948418550549410968552588043748338531996689612800000,2
qcad,2008,12,0,0,0,0.,131333,0,1.000000000000,8
seahorse,2012,12,3142,3724,104,1.,54181,-672,0.98757419426038189122937039735628357512710123538237621930439824112886437374349875691156810457119040000000,9
paste,2008,12,1064,308,186,2.,39952,756,1.0192926045017064425032580040231475546173170652782079797598775513376571435737896348906139041230240442142470495843028811787917244743456728933514240576000,3
grep,1998,12,118,81,14,1,13897,37,1.002669552670,0
mpc,2005,12,4041,1657,153,2.,13239,2384,1.2196222938815152207988771541047862060276827283433109915956076624876120925141330313481348814763997056554818446827722581519207774201685606400,3
phd,2007,12,7943,2540,285,1,24215,5403,1.2872102912934336838376063671732834570983626363133356160,0
warmux,2013,12,10,11,2,0,422475,-1,0.99999763299603500,8
konversation,2002,12,7066,2907,162,1.,9574,4159,1.76805170815271775777739138959646823959682835961045402080081941250,0
CEGUI,2011,12,235184,236561,699,2.,184471,1804,1.00987589439041033614139161583940507275146878627326574466928943751893004279438456236822945016262025021362958798754328009080955904000,7
Apache-OFBiz,2011,12,233677,120450,2042,10.,1330124,113227,1.0930456727259425344981803979020474893082183966749477169468483241061227056621311730850754034166779112738014851296095707873792915063013625915260,5
tt-rss,2011,12,87600,98707,1045,2.,161671,-13972,0.904641655513539589547750047196374058996361887876754371733138770529567399908216924527007984510338494365550922224518824132970957588216176284592967100000,6
gate,2007,12,1163956,940045,660,5.,1332848,223911,1.933530397725583641608277456299193242071595683715382170418425555070288532373190940001838597927528387599024343264706507129786263183159843900000,8
FlexSDK,2010,12,689468,458996,463,2.5,1903607,230472,1.137748597696807027020513680228543448183012294833715773887529745555074203975329866915231974499200368000000,2
kdelibs,2013,12,2296,1411,249,19,833560,500,1.0006001968645512195262812754454782513080,16
bitlbee,2013,12,926,2959,88,3,50539,-953,0.981492270647705976804060425478013440,8
tidy,2002,12,8975,728,183,2.5,28369,8247,1.4098499154899120127670331614316399532688903628615404181118191431364983934489617597887603215825409246996082434664221614800977920000,1
stateless,2009,12,193,31,5,0.5,19096,162,1.00855603675985921181238500,0
piwi,2007,12,158,82,38,1.,37215,76,1.002046366353351409357210010549559030627853760965610337227499203753359251996920913915479890634531907786075600000,2
zk,2006,12,466287,422472,4644,2,218397,43815,1.25097089046550120618732990572845634241905316000843521529561990064565204051840,0
zenoss,2013,12,2549,1395,25,0,1173753,1154,1.000984138652700,9
qtparted,2012,12,560,327,27,0.,24321,233,1.00967286615700000000000,9
mintty,2009,12,7473,7790,194,1.,12372,-317,0.973642637395217184590477066744016209385162168883335496794824551779140408511078844990911316484208644942308943427755061657600000,0
smolder,2013,12,0,0,0,0,9769,0,1.000,7
haddock,2007,12,7684,6835,161,1.,6743,849,1.144044791321025117611500634990067397009953775595148072165503932081712277139918541903257626781704202213132772558702507388000000000,5
awn,2009,12,135351,88295,2220,5.,51609,578,1.01132644862958311945357180334692135296886352683524854780511506000000000,2
bazaar,2006,12,1520614,594462,5773,14.5,74321,44200,2.467414760466610164243019270120618969063801400212628048525575685337823598711693060409921477436125422597838827513497632583928217600,1
xchataqua,2008,12,2551,1187,87,1.,299775,1364,1.0045708770783250368487490399113872725712878051161059377492600057075133384498771965496493168699105995142700924262526881068391524773030707670642224636951494595525120,6
xerces2-j,2001,12,178410,155915,1071,6.5,115022,22495,1.2584651799065610782983643695772241419487543834760283264346547407611995285329507160235804699927743777136375216773201067934888665328000,2
Fink,2001,12,41000,10828,888,2,36764,30172,5.577063107556719261202415323326403129938248889554240146761335046769111860755309366654560611222183885607949034784000000,0
u-boot,2010,12,1110564,1055175,3323,48.,1001995,877,1.0008902080210362533063919154063025234350046087398549522128321530133012986532848703267270642512178663460285311336379356926307328362162392924160,10
wicket,2006,12,487167,569347,5545,8.,238302,-14142,0.919896231047324073206746189341695396488811390417205696733737020606189384571835100092828463510293584004020553861601679111968784384000,2
openrasta,2012,12,4981,333,41,1,306102,4642,1.0153983944830982617921882625645486763,3
zsh,2003,12,2648,1181,114,2.,82551,1467,1.01809234867447581036326684387184770261829371349987399097624400645402710945093432207362083704375913716872798914706069722613411961761523144800000000000,4
ixthemes,2012,12,0,0,0,0.,12409238,0,1.000000000000,3
debian,2003,12,1926699,326076,10137,46.,4356522,1482679,1.515922059713390210702643061765085695647917038788469075606900789231736466329091790275609994778217679719648153484118232908188583915520000,7
beautifulsoup,2010,12,35,1945,8,0.,3872,-1910,0.5067148759931491903217328160583680000000000,3
findbugs,2011,12,30900,18145,1057,2.,276051,12755,1.04844357680941082392050490103629642241392175057516741601000698099532211166763221848289496936871300014044714274574655565488451273393058608609792,8
izpack,2009,12,875684,483063,1333,4.,3193163,392675,1.140216633676963920052842844635162968562500331659589442109394557219350143032551822151230964208484567839754486333994099055650044419897036309880320000,7
mariadb,2006,12,1928861,2457780,16843,85.5,1131131,-129013,0.88298034452163072907383064649359727759746768302584590962760448374614435564553004210995517308783066086111200003038553170923360000,6
cvblob,2011,12,72,27,10,0.,2629,45,1.017414860682587284525545343760296696367839416027000000000,3
powerdns,2007,12,4672,6710,195,1.,69611,-2038,0.9705482817472253128698911329124453606353447304594820825933004601749338887876115500320036557864597379009581052423708764847806312596827925428945361250000,5
asdf,2003,12,633,433,42,1.5,1423,200,1.16353229763321895931737620429084344027256676972484991583320889584549782672456372534868488212500000,2
adblock-plus,2008,12,88944,39781,560,1.,59248,49118,5.8487660419342695517761101729428582355771948313809962812917357055124890742480474379506798759093388407355636296346438989816249114460160,2
mutt,2005,12,20597,8133,441,7.,73735,-245,0.99668829413400000000000,7
bochs,2001,12,72485,40944,911,4.,107882,31541,1.41315937706689496867707130779126254685454634893222533150455226359635850488986790877600000,0
ilias,2004,12,347869,87414,4353,9.,643157,260455,1.68056869319489044466434873931352866274580465136776675737685276421556353964388300074654308693202903614487707820170133636636238946304000,2
gtg,2009,12,103629,58393,1910,4.5,17945,15814,8.4209291419385442655319968252801809175439101976708907903686765404830069288915166784750598766968532917914767049176336013521920000,1
avogadro,2010,12,189065,130919,1079,5.,109653,20870,1.23506752419438747447615932950901505249575061367860279674949663144778416608442489272798956712394089996692664491055848068489588036913944000000,4
kerberos,2006,12,91726,58282,710,5.,351984,29336,1.0911401214012053972565656341314737713249778594234983749758953023243054843548363771167780959636454735232258872837944644037652405608354372873600000,19
ardour,2009,12,12337,51576,377,3.,398958,-39239,0.90063761682758576795265573211338574783285884340073655556360818827562376369498812090247924084656065080560676673340513489184141192116915736106038149120,4
geotools,2007,12,0,0,0,0.,226318,0,1.000000000000,5
mule,2010,12,352840,180142,3924,9.5,1218780,172698,1.16509030840316207804970429340815390858733710759013943579642818449193094314419445246530643093019221348216443548520164924305614770337693600000,5
pytables,2004,12,199528,168554,608,2.,122018,30974,1.441501796080171469866198177358261800540599999139966416994770777286125482858516824739178215261829087497971369001266336210713600000000,2
gnome-do,2011,12,8328,478,45,1,78772,5162,1.0701263415237677801258647518980143740604734117120,4
keychain,2012,12,0,0,0,0.,1114,0,1.000000000000,11
gnugo,2005,12,8401,11603,174,2.5,82153,-3202,0.96062904991436907919655844589792695973948790004881873325666993876955389079415473755348760876474106947764710029056000,4
argouml,2003,12,172638,284979,2188,8.,387349,-112341,0.704151688702276655963776574780001142676281271747533601628663981810870500408070162765917403741410274853698666304302037495907928225600000,5
spacewalk,2012,12,372892,2205968,3124,13.,3093557,-1833926,0.40842947814987459463451487984610057671467449113722247085820566457736438099254472481287295400255897047868595424005884404147184886422272388111508480,9
enigmail,2004,12,13344,7321,337,1.,21793,6023,1.38192771084895787611499284297447285682363002359530167165787019103991173569849200538768610777347609973794803398760905499107059516917514240,3
grub,2010,12,2253155,835171,4013,6.5,201263,70051,1.533876474708075924780838771747220603184566593728655549968781771777344972571799907920802017669162771113280075922473169825415403195794560,7
wso2carbon,2009,12,100058,95308,268,5.5,17059,4750,1.385896498539985238822801923201801743917326499915973107217811541187708360947278469636783756175138603863520127684272018057634888401360000,1
aspnet-mvc,2012,12,144200,87705,836,9,327055,50209,1.181360756532709922821130155288951949977956716189422283407724153583668287685009359990441218459583200,0
privoxy,2006,12,45947,31926,199,0.5,88926,14021,1.18718376611410154523481467969841178675513883211183079428413525337600000000,5
formencode,2008,12,3612,3926,238,2.,13382,-314,0.97640871527504445672272800276229282193871850293675291320322024315507322355683688523286655788613473289890878526250000,3
cygwin,2002,12,107828,21836,1067,5.,1409917,85992,1.06495231981119595094695584707000132611630534773296720510079932061208658169981660917517300540428187541484185181636076170951945731563936542894358000,2
tao,2004,12,1609010,1992827,2541,17.5,1844224,-383817,0.76255706915224616607412203845074373553775510341857488421118361632540613585199189576729154078739239048691841359462686185819704494391296000,7
port389,2007,12,161475,273187,845,3.,715290,-111712,0.843609612011094242471943105365763029156822714978398204620702132698124200471113060542192645205900275523938489680010408351022092666123532800,2
archlinux,2003,12,1227,484,61,1.,1761,743,1.72986247548260396069136917962220502392211629200155592854187359638001125513816098457046687947869200000,1
nsis,2013,12,1697,973,19,1,5446347,724,1.00013295081208724558725266580,11
sourcemage,2004,12,32629,20400,668,12.5,30464,12229,1.670633397321757217451885401725471096552702083586003267730944648997222851494469930906736083549839890802973026976407949513514510062598139648,2
falcon,2002,12,0,0,0,0,58,0,1.00000000000,0
openlaszlo,2006,12,55181,96417,596,6.5,353432,-41236,0.884885097269854746104472611319858886807838098027202510398927579320,0
l2j,2012,12,87639,68964,568,5.,239878,18675,1.0844247139455154000036989719477908201357800978997826606115334219925472049468058531411829083912600324574492030471035342811217146160590396480000,4
openwebmail,2004,12,47430,38275,102,1.,124139,9155,1.0819151411037752603357613959641802431097659918323808339189355131718832478047840000000,3
dozer,2009,12,60103,51038,175,1.5,42317,9065,1.27534779180462451207843466764216323972501815505712641268179940057993349100693247218982908940710962350577886253547608016486400000,2
xalan-j,2005,12,11722,4623,174,3.,193722,7099,1.038085376911346419407403644294352774602305613473597049773402654694458644748956911641216450318528021188063647276510630055608873198393753600,5
pulse,2009,12,274957,45166,1116,4.,229854,229791,3648.4761909485012641842770501886340039622584726441989999462032310993051453454868996955162507147304388262706189307339664905376000,1
haxe,2008,12,22306,11649,528,2.5,45992,10657,1.301598981169988650921158441367498098311376449788733185670310384262859904854596273615419901433106288341411213766839526306285683967676907520000,3
restlet,2013,12,3036,1745,52,2,271785,836,1.003085451506082249648681290598824596267,8
spidermonkey,2003,12,54395,54475,864,8.,375109,-80,0.99978262937758404923825213896325153832451902152466008620794110961157958492884418519780249155209895976891239321718182593007570230027918178713600,5
dspam,2008,12,835,298,24,0.,29094,0,1.000000000000,4
L2Universe,2012,12,0,0,0,0.,1431348,0,1.000000000000,2
vdr,2002,12,21110,19466,119,1.,42491,1644,1.0402477538007638811342228441308791608543253769279175437173808997394603733989026023887721891216003643231312002667783471487553620608000,2
rdflib,2012,12,34356,9916,258,3.,23552,4196,1.23005647243909996224888983824430488440279575244951824130535486735026664373145633777250740041230036621880289687742414078286866022400,8
OcamlBatteries,2009,12,179258,151434,1474,3.5,70600,19996,1.3951466287121243724934278589744811788919647983512731160526034272165981270350917683454028896066550932001066114255520000000,1
agilo-trac,2009,12,65291,41529,1234,3.,50837,23762,1.8776361958115829101898327651794275657537674994956808861355029114488882123911265958714021637922071569189220897690038531177337585664,1
logback,2008,12,30935,21357,528,1.,52698,9578,1.222124304277085018330792341551956991423765771622740618847197589453288143957643529437668341696082626488134817148423703378960026877640796160000,2
WebKit,2001,12,115604,37103,633,4.,252903,78501,1.4501152510009045248852630989719872692300521,0
bluez,2002,12,42644,18940,272,1.5,2730,638,1.304971319333784097791338264191212655398032987096789606683626378696183350158434272761536899807303632800000,1
ntfs-3g,2013,12,0,0,0,0,33747,0,1.000,6
openkomodo,2008,12,246770,147432,1941,5.5,1128454,99338,1.096527505162074899915794876012675647967882433492948012467682049229986415074187019358519824009503018342143438225915289926256154380999231196334380640,1
liferay,2010,12,4327067,2397272,17716,41.,3491524,1929795,2.235678533316824546772954520371255879782915062513878631815452174524132127745838331926985903428140185932151787403805619811589299568640,4
tomboy,2006,12,15312,9296,233,4.,20996,6016,1.4016021361552757006684848398376500364314951842079912922617355708116465714720138282679275000000,2
yasm,2005,12,8111,3772,171,1.,118876,4545,1.03975299787566119759854108645113290615230332226780318753768895956993615598448731088913006856493367539612595494197325461400000,4
rrdtool,2006,12,3826,2254,186,1.,23357,0,1.000000000000,5
phpcs,2007,12,14813,4797,951,1.,21643,10016,1.8614431925349450500708908508748986604212355526269684751706198271478253071510607667062269056371482994092571840728830489948842925240000,1
console,2005,12,4304,516,38,1.,4428,3788,6.91875000016875000,0
liferay,2011,12,9308770,7294371,23409,70.5,5464351,1972827,1.565033206118658595789061337158430302593956903869259572129858686927271614171068588796998724938358189996514284734954119025902341632000,5
jax-ws,2010,12,13277,7194,349,2.,227481,6083,1.02747540628274946642991795306554435471165356433334027683714386461353367610223768345482798792986115544358573188410028803089803588316812058523910144000,5
wings3d,2005,12,25771,7385,389,3.,93538,18386,1.24465084096624623473818041592364351995174168248407726534398363060718147219726262120476625264824815580380653537253294498108326036124674293760,4
git,2006,12,362510,207676,5492,33.,104127,58158,2.2651569536289696020810755339881020259224238938798820272902853450086871472856596409244714423154765812708017286626064565265889034240,1
turbogears2,2013,12,755,490,58,2,23689,211,1.0089955661664844486309032177095710948,6
squid,2011,12,235716,134766,2818,9.,733978,29924,1.042502421690950801578641199390346118740276251814250503656771678223333006575867909192313643665815960015211502163380148128964886505093833735662632000,15
go,1983,12,0,0,0,0.,3,0,1.000000000000,11
commons-cli,2006,12,656,12650,32,0.5,19550,-11994,0.383690457823597403707246096997082638997436331195580509850000000000,4
phplist,2011,12,2026,637,401,1.,49216,1389,1.029042172831863948792527180584489732005628819570418114714745793370349344702754830818881984912929401240261589325375921175636366968488320500000000,8
waf,2012,12,8416,3230,417,3.,99512,4663,1.049162352791532151390848059200633294950992783069587737438192841285187191898015437825694970038389934922844702837310386833200624877689822483251200000,2
eclipse-gmp,2008,12,108963,59928,1065,5.,479451,49035,1.11392466822469288177436494128728958845232525380722849967986904926273382240328018933320409468235039672105449208575127841799632205531725096400000,3
e2fsprogs,1999,12,4647,1379,127,1.,40725,3268,1.0872467095663058538044455015986650462756618146330301154444256983872365789037837753232044724481770222506400000,2
inspircd,2009,12,36944,53266,991,4.,76127,-16322,0.783401454388115832230630587115715657176480341111410687607375500958157453503448399209380477108298120702367388201883430928898278359217003621600000,6
pnotepad,2008,12,1453909,20168,794,1.,514605,34075,1.070911285452467724517703516796402728635123886381057963348360156198132272197520369084540520150779387785525099300530324565240977877474574847263968000,6
openacs,2003,12,541550,279777,3783,13.,890762,261773,1.41618056909562680985847060342134905629591541859995382350779277935678039675897353022546363591479382561295635126913767590294316400640,2
jfreechart,2009,12,15615,6313,160,1.,177525,9302,1.05529564922951575226707912958503781167552084417942614824977383208344267894866355233650544673120000000,5
jpox,2009,12,0,0,0,0.,1108397,0,1.000000000000,6
WordPressMU,2011,12,0,0,0,0.,135856,0,1.000000000000,6
pdfcreator,2006,12,91555,83588,183,1.,59783,7967,1.1537555967211962992373578461693257321563477615950204200178695377063607536417147247482122153180183896057499805597489921192817599193600,2
Darwin,2010,12,4800,1684,74,1.,12611,3116,1.32817272247798265958536439032468443749159743167877423319624126136275977082406358042086161288457019854952792174019162218715216000,5
jboss-transactions,2009,12,104137,234016,637,3.5,515813,-129879,0.7361175167610696904120478514625288292179295268599325896133247846728976942967706846887901963185798178371893345521586377299079761046324514997760,3
prado,2008,12,14381,8685,398,3.,262190,5696,1.0222071471449340971143280596988609835123038399891788632968839302157063945448972272542126873662195739478101224429194842591597542439997345236230401966080,3
fbc,2007,12,401236,323744,1428,4.,978594,77492,1.08666050847152726144120607938127688670346356641246186977711149091309288865325187036996657593922643258378271390952626825856516178889472000000000,2
gnumeric,2003,12,225728,117247,1691,7.5,382645,108481,1.3956792285155919782616597192446920141319247904713536419850433008168395258127407193848354714730467596885578247513906064068182144553139200000,5
krita,1999,12,321030,242520,2524,12.,215618,78510,1.57261428945933000009869176713591992616192431516746902737689076650480353297376292270109295035557102259260603350893639983144171063746560,1
lunar-linux,2012,12,18054,18431,264,3.,20516,-1133,0.944718223971326489569430272765221657759609168957809978832077262699276455936386577608272958476086211598229866779773274901943749017600,10
sauerbraten,2007,12,46592,33211,1607,5.5,77789,13381,1.20775369519185015081428226214604359736212517844069365551423905057799723884100251546675516584886039979328249883727948728039189101214720000,3
autoconf,2010,12,1751,975,125,2.,36174,776,1.0219221424933398159668648594046750130609383326697870484866210561043412185717727225876256345795471292079936206800271810221422316371605366771200,18
sqlobject,2013,12,25,7,4,1,16181,18,1.001113654643259417347817600,8
gitorious,2007,12,94571,64198,169,0.5,135237,30373,1.28964182178134520495400,0
graphviz,2007,12,39449,8444,909,3.,246823,13213,1.0565600787617508945388501978695885831112628922904864693521674109550505046718081504623040117093451152117982017825149351186294740147991639801392160000,2
Dancer_cpan,2010,12,43103,23493,1571,9.5,11520,6871,2.477952247586355867101228819879239196619543095697469433869279770194090997803252730830927493532120795224160206991273460674560000,1
stxxl,2005,12,71,51,11,0.5,32628,20,1.0006133464181000,0
sogo,2007,12,172301,123112,3419,2.,136527,40555,1.4225711666670587681795236933265739498377607430383554548085424494500544860706107561707918909277709199584806294240172352615399126182400,3
mod_python,2002,12,6262,4140,210,1.,11546,2122,1.22516977930442589366570288005407348722719728854714230569832539156738797746068873625033770479799296000000000,2
apr,2003,12,13174,9160,687,10.,210959,4014,1.01939645799630900731855017757726338962236008037508643839173272396643583205834467391059724039494137673295958247999094135352111756633942431735789578240,4
asciidoc,2008,12,4535,3166,217,1.,8289,882,1.119076549213420607331219328343370783985216408989365846939248750359013613419469838909658448123446662899400000,1
seamonkey,2013,12,10313,8086,419,31,918243,2227,1.00243163682889055188302930738774681504,14
make,1990,12,0,0,0,0.,66,0,1.000000000000,1
phonegap,2013,12,389952,379887,199,10,569485,27284,1.05731499296985395994412005873347,5
urlrewrite,2013,12,0,0,0,0,26610,0,1.000,6
jasig_uportal,2013,12,5073,2178,91,4,164033,2718,1.016849022099732367174867711006435200,13
cacti,2010,12,882602,287042,3718,4.,2361951,595560,1.3371620439676109200587556302711258193198622326560327237579731214274192172187255226894955972140897921030704333210607227390781109547750000,3
kcachegrind,2010,12,2204,1876,50,1.,78092,328,1.00421789002587693723915749709775825642392039833217994499039731684856099161742088965450907401576525941258707371520000000,8
rhino,2012,12,0,0,0,0.,88935,0,1.000000000000,13
strigi,2008,12,7028,3514,324,4.,65529,3514,1.05666371039457753590947533257474212321156161538771681475816278395062913234073812457053517308753210585516161964232266600406692752670720000,2
devhelp,2011,12,212,287,40,2.,11268,-75,0.99334339220803533620570507105139074892272427745886511179588193093618299341021825155308644273897635840000,10
grafx2,2009,12,197660,201392,576,3.,53821,-3732,0.9313491041112072538645451681425517941902981868165227528452686357233075073983816571415815007090294028834406956805866957514857268913664000,2
vi,2010,12,0,0,0,0.,18135,0,1.000000000000,5
haiku,2013,12,61222,42016,381,15,5684114,19155,1.0033813130866932881129906848605113340,11
e107,2011,12,57160,44424,937,3.,1008315,12736,1.012792555889168921686394027534799907819807860063539270154973823091581696712814530492734147494568897556855706810362727264782442586154077891854702067712000,7
qtractor,2009,12,14074,4590,839,1.,63766,9484,1.174717217500027384283364905400152529970319762308616563621769399010480555374791161162095216803295408866919529225609084451734547830781378560,4
grok,2007,12,85468,48745,2130,5.,59457,36723,2.7077287945518442247652962215104306282727710784837958983507252219914685498008986624732551146649000255759771561789931257344058982400,1
god,2012,12,142,92,35,0.,12498,30,1.002406159768839217215366566807765292186000000000,5
coreboot,2011,12,702219,182361,773,13.5,909583,519858,2.33390980823677203369452197191466173922969821344239175789976520634129840148132997275186242993297596000953620234371847407886474135902464000,8
gtksourceview,2013,12,5968,4261,193,3,64192,1707,1.027318556450308154564346645410012160,11
poe,2010,12,1605,1132,86,2.,22824,473,1.021226944308104611634738909427260376582579930424206012417237258514759713487666259959076531911950437321952948402148689838080000,12
sparse,2003,12,7117,2843,321,2,9289,4226,1.8346829941793844256803356481846611427131575488931675652526207829107509472000000,0
gpick,2009,12,29655,20164,118,1.,12989,9491,3.7132647229784411659920203945522962285110127300572130943059944283174745257120713004277786522378261799030336,0
adempiere,2012,12,817844,592280,276,2.5,6952814,48911,1.007085827301910932575942308801978931851287017813092500771960153781678633746849398874255624420829554128025230170848300817376352342489675875824973748416313446400,6
libxml2,2007,12,20503,740,138,2.,464898,19763,1.044397766967418727451416622637797397531825121567654594736855202457162578158403931289838667480319255943191918337038514093626555992827286183215104000000,9
MediaPortal,2008,12,2001106,1916088,5036,19.,1610252,85018,1.05657291304379301506931628447637355831478867057572133400899325507163294097912710358364091812625424032950157128464091934348556786440724288512,4
ntfs-3g,2012,12,0,0,0,0.,33747,0,1.000000000000,5
hamcrest,2007,12,4428,1928,79,1.,6367,2500,1.6464959917424806726514956941329641705501183497670055743567413210517136885380110721897885059214140423936507045822234918912000,1
inetmessage,2008,12,1147167,1073485,74,1.5,251756,73682,1.41384384675811994996580,0
l2jfree,2007,12,6182970,5508733,2746,7.5,1358704,674237,2.02534323226047342593322376061889484470690375706898684967784583367152986026464647953730215788310728755563403454185844586504292193157120,1
Test-More,2009,12,14531,6495,470,2.,13873,3628,1.35412396291405530661285862285646670616889629061707487516635202299049849016138819872827837779441817881935910996985462718000000,8
glew,2012,12,0,0,0,0.,51597,0,1.000000000000,9
tiled-qt,2011,12,44496,13897,361,5.5,67717,28357,1.720452235786677752062494161919374762533445871907257052989116015894910529212315917848702215213669504123815205617748403909949492640000,3
WebKit,2002,12,268394,364033,3639,7.,265838,-95639,0.621835249142633561891239572053006938466154310824099679556914717962014281083140412741068915849686807047143000699919922498455868130880,1
aspell,2013,12,0,0,0,0,28196,0,1.000,12
cpio,1997,12,0,0,0,0.,6616,0,1.000000000000,3
nantcontrib,2007,12,326,145,23,0.,34090,181,1.00533781591958779286024731711971673455801126251469175384120756800000000,5
cherrypy,2004,12,9441,9119,61,5,1886,177,1.1035693388,0
mcrypt,2000,12,1354,1102,49,1,18984,252,1.0134529147971899800452224153601925774677000995476123625792453387868642918000,0
freeradius,2009,12,27589,8145,447,2.,318284,19444,1.06506491767854567226072032504181684698065300033901344150861676049995825105573577289997817840031007515249329718056314003295470113936297414555489402880,10
pnp4nagios,2009,12,18932,13035,609,4.,42477,4969,1.132478404616725413206165415476911351752062685520787088053218085697750,0
eclipse-cs,2010,12,4095,1918,75,1.,59712,2177,1.037837837838281962847672128436076737595897352794363038777372753266910826180430577524232767538453754537139415424000000,7
python-ldap,2005,12,1037,419,53,1.,6794,618,1.100848563979299366536207876764985805204257868295540400407401140395200000000,5
sozi,2012,12,10471,4515,197,1.,6855,4514,2.9282357970476162114877772430368821918628254618010339705495683004761451143084032000000,2
go,1976,12,0,0,0,0.,3,0,1.000000000000,4
Gallio,2012,12,100529,23026,49,0.5,1596677,77503,1.05101653925256723421490967523452288651238449097401153850329000000000,5
yard,2008,12,13030,19599,568,0.5,13745,-7059,0.4864314296135082719043053867029958974455068207650619868004350000000,1
courier,2000,12,35375,5007,499,1.,51260,30368,2.45357074489188849197013882904244610830053094573473475081850882560551075885551912835101120232145755798885323276339353491296734400,2
gentoo,2002,12,702104,378177,17215,57.,418867,323927,4.4119127872625467199148987180733298414551423411393372875739150847763584401470796082187112154870343548038903211267952475500000,2
qooxdoo,2009,12,724915,651443,8100,22.,837365,73459,1.09754371334663770245329067099159063151022800315415474095140681658405867337947161454973289121335945980391812660494997527387227057100800000,4
sane,2001,12,72669,25002,427,6.,178478,47667,1.36439596057162359457298741891828301273682000662957487531413560761199502035819410890660549315102842663162728029436152393023783876269853736960,7
kaltura-ce,2011,12,1918932,1225382,32,0.,1918923,693550,1.565990926800000000000,1
postgis,2003,12,17062,10124,196,2.5,75544,6938,1.1011281812139656859379398556745863398857747960563695675863594399799021917153243944106874990098854987751322139588446126395438799860742255944294400,2
ncmpc,2008,12,10952,11560,506,0.,13355,-608,0.95447397978204219731370092303520450000000000,4
synapse,2005,12,93937,14756,222,3.5,79325,79181,550.8680554281954594996167631960,0
dompdf,2010,12,17132,30121,208,1.,43027,-12989,0.66734108487386573550056121510386900272625492852534820669442985751878396649436034675026540442462208000000,5
geeqie,2005,12,67018,13430,73,0.5,64699,53588,5.8229682294464815775634735782932981770894827381613047152366011657600000000,5
racket,2012,12,542792,368654,7174,20.,3950871,174138,1.04610810454611586240978826088186850179821358547748637788810004085939996575705663575864867154520442707594790138845047003993263642900461892160000,8
gitg,2012,12,81276,117857,367,2.,36726,-18805,0.36503916795047810008057570660293349310330472000000000,4
dolphin,2002,12,408,391,43,2.,530,17,1.033203125006963977340170822559688797881557150231346388733379441257490925903320312500000,1
cppunit,2002,12,35863,14753,437,2.,44048,21110,1.9203069142307533039899520645305324894193022685350708335466523650794554385033011660874158270711300000000,2
mantis,2009,12,209532,209403,1887,6.5,194373,-9736,0.9481832745759383421396396419416343476643173527937022689135255843507207049311319089683368543999734161082397432803843593861391741127239925760,8
wxwidgets,2000,12,803101,463026,2835,8.5,1147381,340075,1.421246714363747533971179304553353760882046945359244011806105746021940647728074042256832609273672975333658305371375251175815852019774298188800,2
freecad,2011,12,192795,164864,399,5.5,1615971,26826,1.016880775511323845902920,0
jmonkeyengine,2003,12,57131,29243,169,1.5,27893,27888,5578.59999981441837602928165501446802511056473168294577792,0
phpcs,2011,12,2005,652,293,1.,36768,1233,1.034698184888157498829994155198291158745150550398906842378790921282895316931432529397543897666244830654209522440560353162710033006926635920415257259088,5
HtmlUnit,2009,12,846102,665463,1656,3.,567339,180639,1.46712955787346149414960669457917849637961454684775828173160702991672624360673759339676381958494783219462671738405375772625132708661760000,7
automake,2002,12,13549,7413,782,2.5,32232,6136,1.2351318209777065246964712242516853272327425570186150776466003483378571780203525104201967975197695337378914732481617203135040765128704000,10
taskcoach,2013,12,0,0,0,0,233341,0,1.000,8
nunit,2004,12,134741,52871,1123,3.,149569,81870,2.2093236236011195874780037818560563840580381074124296408965840974305529497688239805161442543656264963694190584738564791470457720960000,4
Syllable,2009,12,16438,11460,128,2.,2675413,4978,1.0018641157717327099437774292135147404150701362747827245920904985345404617881734650815850471404884426628106758518957299567527303441524206500000,7
html5,2013,12,10983,14396,124,1,74839,-3413,0.9549016239659517171950114142092828,4
liquibase,2009,12,304869,305381,588,2.,67903,-512,0.99155867709709565906418471519595613244415881601260254802942310914787420927311147668887645931229442285919031712222439202461147055159019872,2
pfSense,2005,12,107656,45590,11111,5.,86102,62066,3.58221001820788391994655180575564836478366454989881740606112791793195434745606801772321027861744690310963617589593366225932030400,1
go,2008,12,178132,68182,1674,3.,109957,109950,15708.1428503118109373320673298327399242720585256039626855704919263945505832663343924773129244296081984000000,36
classpath,2009,12,4324,3916,29,1.,785506,408,1.000519680345663791940860071199443351924073201851507778656244479386067546912049768785015600286584391657719713792000000,11
lilith,2013,12,2609,2181,34,1,95002,428,1.00452555670679111461443600,5
awn,2010,12,87684,46128,637,3.,79630,28021,1.54294793545036865102321015910068115610195344724570000371179590809384140298042027919904645561731309408015789512312449913678074809204584960000,3
openvz,2005,12,47171599,27383114,73358,326.,19023377,1481193,1.0844360656643194150712128739481389748396492236900019723931270744811257929982899293313920716800,0
jaxb,2011,12,324841,253962,389,1.5,288182,70879,1.3261758926704671015947363640563211909542147084194917560765993743339148482753110023514538206705570146140409820567135402688192918403743672644864000000,7
qtwitter,2012,12,4,4,3,0.,34140,0,1.000000000000,4
p4155,2009,12,1589513,706618,485,2.,1176663,882895,4.0054158377630104079330229913370300073222933613631361884640318385235802430204120928447800777222010880000,3
jnode,2010,12,4609,3928,66,1.,2217872,681,1.0003071539816192636570406897555842676330432976767049343498622034951312147675336002578424349570889822738835312000000,7
amule,2012,12,5713,11821,70,1.,204639,-6108,0.97014502245569652032263198911672979153445426531436708998304981209508030649160178248326237604150151926400000000,4
nasm,2006,12,16,8,4,0.,31933,8,1.0002505873140483682041644680000000000,4
linuxdcpp,2011,12,1621,1843,31,0.,63025,-235,0.9962709658995220099281395592904971272812222356117541845095876865000000000,6
smartgwt,2010,12,59232,43754,605,2.,98867,15478,1.185612011182098708534762563554322115971626564974256307002291012021722917582001218813929860047554933602532948136763171395458623372339916800,1
unrealircd,2009,12,8531,6170,175,2.5,37438,0,1.000000000000,9
atl,2009,12,279638,133855,768,1.,759496,145783,1.23754262979789947998277082924659857415596966277388000794183779259038482436587858210907680240462579942260885467689702509439387441080958952800,5
xz-utils,2013,12,98,31,4,0,26073,67,1.00257632854000,5
adminer,2013,12,860,138,78,1,43291,722,1.016960699099834708005360,6
jmol,2005,12,130844,108512,1682,4.,173915,22332,1.1554839203667558797011997688232369165969662761871664271642275431571883320733646282096472226741533081209128029578395733754304340066000,6
maemo,2008,12,263053,344297,1447,8.,1121796,-81244,0.918557606356011432274540457606896198720888334693770122666839038919130020484035911994883562234519312233344042344812424717854770738812976007168000,3
ree,2012,12,0,0,0,0.,379955,0,1.000000000000,14
gajim,2006,12,282055,188342,2691,5.,66686,22183,1.4984607779291537246016941821869536730774789075424205751574151112336517606533276334905988138295989629227817546580719042929402020681728000,3
xdebug,2002,12,15594,4776,250,1.,11637,10818,14.208791206675099320892535985397793595939082033774421012050246926707251200,0
phd,2011,12,1523,482,200,2.,25186,1041,1.043114516460916693610177205800666818036195588203631001243179191368400196232457410802524595894207300512225280000,4
findutils,2012,12,68,23,12,0.,17899,45,1.002520443597881784779298100326361971328000000000,16
bitbake,2010,12,33868,19076,998,4.5,33502,12010,1.5754671777346169404161245431056088321375281166043751274381941856455765020962428972584082546207073700867727219970369297317888000,7
xerces-c,2008,12,150075,405412,470,3.,511537,-255337,0.52500302297591764387143948427903400682092318751780891334597461024089969418339965937207325058174595510931430737660403972649048000000,9
terminal,2010,12,0,0,0,0.,6034,0,1.000000000000,8
phppgadmin,2008,12,38266,14482,342,2.,315875,23784,1.0814266786697498880726691208326662581961808279295000469196245922921572536928077265992285364460615341251125849264056970375819721657421536256000,7
easymock,2013,12,876,649,13,1,3394851,227,1.0000668704398500,4
opensips,2011,12,61155,21087,785,5.5,351690,40068,1.12857885514657004018479909148623322480813587392404405090209659817065163350981340817732815506201205122729121217986284931076618970759445975104000,6
brlcad,1994,12,77896,36010,2121,5.5,304810,41886,1.1593083933105980481045296787277534203950329363114998417670810521830040691579252211029459953898487483544557744501345812258375818215424000,10
maven2,2005,12,596013,463589,9343,11.5,236328,132053,2.5998667311181158869552452745160608861971717535307138776820073736993327859425345514434175714261036401033983462290429903698841600,2
subversion,2003,12,132966,89870,3334,20.5,197594,43096,1.27894212221658268972004138037252424926880198126161161929616659841047167425126082393482349342288937047119679043258221055474138323353600,3
func,2011,12,903,198,49,2.,24965,680,1.028000823553795160578652214841825614574607970520843079440142554205676643010034914736000000,4
ltb-project,2009,12,2639,925,46,1.,5103,1714,1.505753909696712657705411224978816360587581091985208680000,0
findutils,2010,12,3449,3058,150,0.5,17566,391,1.02276564774329270601455309860073578971831361775345830495669710950171996160000000,14
Titan,2011,12,86203,115985,1241,6.5,275382,-15316,0.939995847155390884589164443301060744475026522209055236658878839234604605755368579143305685638880230585445562747820226424101326186670456832000,1
pacman,2007,12,43084,25970,1126,7.,33245,16993,2.08734322970470375156332909629652325591102594317767442455484764280986388349390837828247802033242699566908067109875591857811143531840000000,2
squashfs,2008,12,7171,7166,245,1.,13757,5,1.0003967939157147788624758006123028697839723499873488110363630192191016630849069626418124186530683118590720000,3
seamonkey,2006,12,115274,71392,2211,10.5,49432,43882,8.90666666667352178887314123378610424446300078175254389091062280848566684637621812669278592278659475454197800960000,7
camino,2006,12,12261,8142,454,4.,57198,4119,1.07760131125120142598910254709201421750113349518611022973855740026556115640556670567621385931299369831551700099799475579724106088719281245664000,4
n2cms,2006,12,10123,3456,210,1.,37585,6667,1.215634905220135372728,0
coloane,2009,12,36783,14914,377,2.,50771,21869,1.756660438559477859128409049943426870110953329387348279498331373827220110318720002431404430422134784000,2
gconf,2007,12,375,386,43,1.,36931,-11,0.99970192933007694218758225457424953443119790972859559777322096088783471476487543253967552210154704763664000000,8
eggdrop,2011,12,2662,2557,60,1.,304163,105,1.000345420870980556922399417956820800780229952172963096372742168001423285637680000000,12
docbkx-tools,2011,12,6505,4646,58,1.,10610,1859,1.2148636153342310196639751853646594607723925951324529001906266227835133078260231767435488668000000,4
TrinityCore,2012,12,674290,379146,4256,39.5,1598633,156146,1.108247769303824253573823229120276343579534042546493926691311655870218914008875721125437466866889573284286374451391699175636196774304103989248,4
stgit,2009,12,4687,2235,222,3.,17654,1535,1.095229232581594669678110797265880831103885680811066000101667764117488573335919071204719023683263999826104669563038541427085015280000,4
openobex,2003,12,2,3,2,0.,16840,-1,0.9999406175772000000000000,3
netbeans,1999,12,52753,12616,1203,10,44152,40137,10.996762142669965430335014675219387215689353936983016307875740794779400529462073098870212260594342494094830645760000,0
kompozer,2009,12,38249,46618,214,1.,3982460,-8369,0.99789721768942204127453180574803989825921951870813774390756028003902046143226253345722423923793395536530379400847438022139320709673294016000,2
icewm,2009,12,0,0,0,0.,125390,0,1.000000000000,9
kalzium,2012,12,3641,1350,72,1.,49249,1357,1.0283345861512059689902081915458103544417447114752800000000,10
gnome-commander,2006,12,31413,15908,298,1.,94450,15505,1.19659181680803567445176505190749518617701116510435651169606510497166921951393321448038151831857851928621831113297888517642201500000,5
MbUnit,2006,12,543212,176293,160,1.5,530840,366919,3.23838922446808268419718585732606799125766709280738683749094821246408991690764615469353013557172362644090880000,1
sawfish,2012,12,642,405,66,1.,73733,198,1.0026928150800076626855950388856849495370648091422273513528530911004156304119401107221352448000000,15
quodlibet,2004,12,30182,21703,405,1.5,17762,8479,3.2023376625573590490,0
mapguide,2009,12,57517,52385,779,6.,477658,5132,1.0108607780251238046651024096003026427074617738208308252907814528782856160114519013025064264539879382706160454555578718031016131289278742528000,3
atl,2005,12,112207,72875,167,1.,164665,39332,1.3178831497283347520575462359315114524019413179720582635559944511487447507844177976071475200000,1
protobuf,2010,12,14354,3322,78,1.,92335,11032,1.13568994998977204260220960837244925230642720241446905018787163267546787043202357315929600000,2
jpcsp,2013,12,4349,3273,71,1,170738,1076,1.00634202119509418111292952907178689250,5
coq,2009,12,159777,157689,879,8.5,324062,2088,1.00657509400176411035337547355654450810248308077797254423470360573222872744430156976510470726785243398993810334386354512934303190774745922048000,10
arbit,2008,12,43023,16352,1171,1,29270,26671,11.262023854264691298951112841671760110137373560628323029847007187717870447490217519758074813199040749203815250380800000,0
debhelper,2013,12,4,4,2,0.5,5873,0,1.00,14
observium,2010,12,41781,32809,2306,2.,35182,8972,1.342312094573861563198161384400739243298509205089390172879824483567195890017358047752093260350595511294377426729809368143681687800960000,3
coremanager,2012,12,6283,5365,62,1.,82048,918,1.011315173179284882356263345622774556000000000,2
god,2008,12,4315,2169,185,3.,12107,853,1.075795272799620830470170476409710876595925253869939600946017606225628684023909611649500024002614743856260000000,1
gwt,2011,12,229862,103910,1303,23.,712362,125952,1.21478487748782993414275276846522218494553332929685603011583287978448299757786927248656150289745890957905631146476476714542328332010127360,4
Gentoo-Sunrise,2007,12,49002,42287,2462,27.,18786,6715,1.556291939345703899088402382540460555012379605714696571093882535237258953052096538478149647461512381055152936320886004929585071431552000,1
horde,2000,12,48069,56998,3688,4.,30392,-8929,0.68996527776276889820999945550113697363496555513230262157371644894630040453202270211801721744048776616025061551381908920154830000000,2
kaltura-ce,2013,12,0,0,0,0,2653995,0,1.000,3
perlbal,2009,12,372,55,30,1.,10153,317,1.032228548193251898447348046639321907269118858201239881338950895065911995586871056351665389821849600000,5
aws,2013,12,713,62,24,1,108114,337,1.00312682668795332931180160,14
Guake,2007,12,451,410,34,0.5,3240,41,1.01281650515771321761571700,0
wix,2013,12,0,0,0,0,1429200,0,1.0,9
quantaplus,2005,12,10818,4136,303,3.5,206808,6682,1.033388964952695811371557132542666934692562400949324245817768921525215483361999056515776373634554668800000,5
go,1996,12,0,0,0,0.,7,0,1.000000000000,24
icinga,2005,12,9539,4071,133,1.,103966,5468,1.0555138175382544166737253522581043243691379501290835773374375126861487427600004136745150084312418790860764772447970851475287639912716800,5
sylpheed,2009,12,13272,5111,183,1.,126489,8161,1.0689693056608265308007918772752771287838073414622033971463768573895328546998892578156512210057920000,4
DownThemAll,2010,12,13781,14515,428,1.,21681,-734,0.966513070848331911602810885660645900381320251649515371077946928460941511002899564425204043485009553529439005391742803188106955124480000000,4
metacity,2013,12,0,0,0,0,62896,0,1.000,12
ekiga,2007,12,51475,48222,709,3.,47156,3253,1.077266573241373560524172990591277212136002061792210835491872893956788519496180587528947448776415933135744633167025867983825787969120000,6
ocaml,2012,12,31993,19729,661,8.,316514,12264,1.040308956446198137530554145992814645365659472667294925169977482360215668096829326941093902761512950707416420583943189378376176868621568913971200,17
opensso,2006,12,429559,43352,791,9.5,483444,386207,4.971811142039486046230041011404036164245491937279868149020932561689765854246158231118725647524435424268091801803034851845120000,1
Texinfo,2005,12,3728,12499,182,2.,63377,-8771,0.8605298308538445116091048568292994513583623718840411266351758514594330095839760685784419721371295071541556221004098286476887624658219342762598707200,3
lazarus,2012,12,294620,144061,4123,11.5,1564679,150559,1.1064683336477743962787670017380153217211660992524617228193641292733434638344328680047666125134908937286438082235631200880710284222595584000,12
scons,2006,12,14938,6547,77,1.,68875,8391,1.13873090402534272821466221422672065148042275911641542753367116864463558546227984982618779713871440734592000,5
sakai,2006,12,1465091,725733,5954,25,843897,739358,8.0725566537153076958737386482192968555100700276395487313702789359114431375499672498764654222457600,0
wsdl4j,2011,12,0,0,0,0.,14628,0,1.000000000000,10
mpc-hc,2011,12,200625,357659,988,6.5,515836,-157034,0.6945196633061258602545102383821454864516535896398157330211700493910030548884781508342385410714504309526478831488624404211254432910716672000,5
pyflakes,2006,12,111,22,7,0.,659,89,1.1561403508280250687165081243795120000000000,1
statcvs,2009,12,4066,534,68,0.,19446,3532,1.221942943320627449933561099257343936548055627157639100800000000,7
caucho_resin,2008,12,406231,359954,1519,5.,750903,46277,1.065675975642216053992729508621476968467406065853731765858468523100373196378162997039536522635132811520821918567860360882744144964096000,3
L2Emu,2011,12,0,0,0,0.,831555,0,1.000000000000,3
mw3d,2010,12,42420,70122,43,0.,384679,-27702,0.92646606003559408327914950657622400000000000,3
Jitsi,2006,12,107804,38598,1887,4.,79421,69206,7.774938814884381118754060425171206394991931828288810810632083850276007709269223882828272643986905345944381009162481821286400,1
karaf,2013,12,4127,3034,95,6,104128,1093,1.010608045809731892810407837965356476,6
rockbox,2003,12,35346,23932,1150,7.,65538,11414,1.2108861133702192559273291520113537366732153255591491192991220942665011404876798096696496153139101370379921989775637653786203258880000,1
vtk,1996,12,235132,145202,953,5.,138981,89930,2.8333978918962917505194823855767042187574640391287182833938139690949165842969355665262604375620853913883578669346622643352416720000,2
blackbox,2012,12,0,0,0,0.,31532,0,1.000000000000,11
snort,2005,12,16974,4535,97,1.,95437,12439,1.14987108123309843931503656610086814695811625513013499449505679492139778085581467712152367198305350963006822386900675000000,5
NServiceBus,2012,12,693205,290333,920,7.,665438,149055,1.28865202765626143852763839271615702965783620774601817207707360748899151739626240925009273432543333270741817943663506391175929002880,5
sage,2012,12,732715,250504,2034,10.5,633895,449538,3.524444894088047039395332994593302938018382983539626568252371889982593856682321952339764347105883453408880252745979060231212290018188034048000,3
pharo,2012,12,236641,121871,660,4.,383197,111758,1.4155360309798408494961813418431039973947836694687428883522246615895757275717638552542372967193909249370190603038876031865334167773240286977223445000000,17
cyrus-imap,2013,12,2373,1858,178,5,878548,515,1.0005865383190991382116226512637461125800,20
bluecloth,2009,12,5172,2833,35,1.,7662,1856,1.31966930767403204368016817504291211054709878189751128007982863773452625163618278590541184000000,5
sdl_image,2003,12,8070,3695,20,1.,16716,4375,1.3547105561461812430725108246716678193959883410558972851007907484509196800000000,3
node_js,2013,12,20655,8382,451,13,108822,7600,1.0750824919430109173961615576330084,4
checkstyle,2002,12,110601,66890,3255,2.,54065,43679,5.20556518366892583457806069245032640772963426253702957455713298679429424526886411742704460320725170873103972199541866077388800,1
jQuery,2010,12,22821,10139,765,8.,35269,11534,1.4859490204238999324484384370192033670942790756330016844022294589482356957096975690319719430905254408617350342538401448258729600,4
openstack,2011,12,3372504,1769242,18392,81.5,427427,290193,6.5304352800293134024370229678674968480590344810402654650108704361741113320657240712507800297106215999486417930706018523200000,1
activiti,2010,12,207225,130798,1646,12.,140097,76427,2.200361237663214338259794600515286038105404513676687803536324,0
velocity,2000,12,45664,31925,702,5,25360,13739,2.182256260051741637470096211874,0
moodle_contrib,2011,12,39099,42141,667,13.,1754634,-3042,0.9982621343522246814273687212011199760837242542973488913396226023093428963050,9
netcat,2005,12,0,0,0,0.,14423,0,1.000000000000,3
eiffelstudio,2006,12,2702592,2124026,7683,10.5,2384168,578566,1.320428311415182643465547268899499776559206345123868080106856297078743159247585926496041679173503530409578012223378170321951021334528000,13
lazarus,2009,12,323730,121477,4514,12.5,1166758,202253,1.209696165389491959360169058971183622253233447276925242754985384162858779797310487668756829742897935935817507626205905744233432016469478400,9
audacity,2008,12,31274,16687,742,7.5,141428,14587,1.1150630255351900285171393470337077816794979699456001485026535731993966950684109512712590158462815224738171476792338378197605376063272296382464000,7
mercurial,2010,12,40841,23791,2099,29.5,50223,8338,1.199068879076962210493914655934396233480237861458309522879876519325474099509943979560839182744452068390028047910377398261515710332950400000,5
atheme,2005,12,26756,12219,1009,7,67962,14537,1.27210107623283430035929444193612,0
qsampler,2009,12,6005,215,26,0.5,15937,5790,1.570612003608714833552671992941801526689931327836831222946750000000,5
vimperator,2010,12,5128,4664,267,4.,34543,393,1.012419415998825851957035143150621645408769513055037980776868425436746515827902364242441644927720732971462708296289571022501443747614934018000000,3
fura,2013,12,0,0,0,0,288911,0,1.000,5
fontforge,2003,12,140740,192529,1142,1.,450375,-51789,0.871266110713886803228357668776855873227085495392597625005099889639715398008449164815900903418106844471243675756332328163104518769440000,2
swig,2010,12,256098,37454,989,5.,560437,19726,1.03648159552902387891555141162456730099366080687707163048540468537751279258864101134725823914591374876307074182223927915615731136282631701782400,11
spamassassin,2012,12,2112,801,121,3.,84513,1311,1.01575683276852761669578956730325397106932118265505484138569428074650016164342367752540769403304494320182441869945504234348407946060083200000,8
lfs,2003,12,69612,43416,1902,7.,60384,26196,1.7662337662319359202679145035104725175499305906823850148017913394565014811655622797197016917972774801548388412474291404816578300000000,2
libev,2010,12,791,526,138,2.,5824,265,1.047670444332509228829248267807333675266821483891053202655492879477435499272435217427070063365000000000,3
gendarme,2005,12,9258,6457,46,1.,8733,2801,21.15107914021416174283653903411841103773314658724745117887573687740786097590272000000,2
graphviz,2008,12,199599,111308,2186,5.,315846,69023,1.279645737992867134145738793785597550289771630793602470479851971440758865516504584022447383824226514999418724514053508035574398634410905600,3
forrest,2009,12,22326,26696,209,3.,233393,-4370,0.981144938044756527737539427185607401393845605691597702842417325247860195986423117172480686394310664919428398199951464646212664537399088796131079753393766400,5
gupnp,2006,12,10089,7792,64,0.5,7553,2297,1.49397849467148378659287100201898757092699280000,0
putty,2008,12,4891,1156,74,2.,91244,3735,1.042681324207985526854881355588572439565875477421792773692904962667395686410828156698172218739303312765980230077885513526659708369130356736000,9
thegrinder,2004,12,33244,21198,600,1.,59318,11776,1.2476967733640986324191484810256552270634128191333852928896681085364947511139402974532304149640362493153179514047904275886804510457598992384,3
gv,2013,12,21,6,4,0,35618,15,1.000421312810700,9
cpio,2006,12,837,558,29,1.,6413,279,1.04548418649207455787583405178186724548974312853911760159560843786248060000000,12
kicad,2010,12,1028727,894242,1362,7.,512073,83141,1.193832588838652060558407939171819300081890500939340149559032771372671820511525430404906708281944764812041406860275551018991305681364981600000,3
radiant,2011,12,21317,194626,411,5.,190072,-167888,0.11500487602747984219937217826386164167266435645220062202593804034507799110653549287893943428705459847207437575848097259051478406312000,3
john-the-ripper,2007,12,0,0,0,0.,20996,0,1.000000000000,5
TrinityCore2,2012,12,1348559,758278,8513,39.5,2141695,268797,1.143519294705287212350446939416762453711251022698112741553179167129737778945075276188316516691092018337838791288787510441061799369019112960,4
sogo,2013,12,3191,1569,152,4,260411,1476,1.0057002722689807779491457019656297120,9
smuxi,2010,12,16299,11401,402,1.,51343,2953,1.06494963270333901818204836277435893109274382011691913368546039000910149981900401503309780991905663600000000,5
psp-maps,2009,12,49,33,8,0.,2484,16,1.0064829821712716958892000000000000,1
gnugo,2007,12,11451,4562,47,1.,84860,6889,1.0883533621396208520610647716978317669210952278491437215244426876012772090826968000000000,6
ndiswrapper,2006,12,19510,17920,611,1.,22930,1590,1.07479888977247278636885774998758311957833605056535795198127816929201784144048045714786664425359280492248751571272196431075910740729191059456000,3
mahout,2010,12,126098,108322,913,7.,109001,17776,1.19700983052917078280728254001500131818041006631984145018871029869681632368448643032685232822459615311427678774099109591557774248640000,2
openldap,2006,12,43532,35960,1314,5.,483883,7572,1.0158971764275089091646006815762701051238623241813055130611544902183784738043483730453276690111281182037330930993640506422752609156690338990000000,8
qt,2009,12,21119905,5935313,25969,108.,2499860,2499681,13965.698327444733765268317666587422119505921888049059345575276605944427628051943595108432443947460647378049282560000,1
seam,2006,12,126962,60995,2643,4.5,216174,65967,1.44465939578224291475946503134499114180016924756666473258029573979184775140161588306149778707587370916113006816065769148051857436590080,1
opensync,2004,12,3387,2695,78,3,22172,692,1.03221601490,0
x,2011,12,359135,177943,5452,41.,2229536,162350,1.0785367160933329333788161515417093302431347681885794842868116448291132290043992274948432028932853861754118032542813066560463038242810893329899520,12
pil,2009,12,2813,891,81,1,37233,507,1.013804933835933959986702012144492027813425872253600000,0
scummvm,2013,12,63436,46869,593,12,1447621,19453,1.0136209465531420314178809227645947752,12
openrc,2012,12,1350,785,151,3.,14701,565,1.04005387778031642667235163945258998855563323721131111278404507574482006893142819084521743246071923683566383763654012853619510036480000,5
weechat,2008,12,184912,143608,655,1.5,122045,41256,1.51066358045906376448566899817327184974859104513249551232286273779231906581759465329477626668863970671864402936496767515710003723700000,5
jax-ws,2007,12,153408,104806,1239,4.,203984,48602,1.34644939634540563818571410995095240305851004185601023390379580684648763190087552096598879055622350756833096824544076779628349250701312000000,2
adonthell,2010,12,36745,5239,308,2.,129515,22889,1.214666216485714143494546674046726080156431912585254838333292380008969556321186521247999352857492204848218380050940172800,10
gedit,2003,12,24934,42919,193,4.,68614,-17985,0.7353823971060852262604150725835701301613735233304780690677455609969657317277044610915039148126966574339643036502610103610160000,5
argouml,2012,12,13638,6731,169,2.,924699,6907,1.0075256703042921556210736713657769384073780539513233639933770947953788311691724272396323883975707926438066044251545451627793408000,14
celestia,2007,12,11851,3266,281,3.5,156904,8585,1.0578819975892334989014223691715294501302994876528940756297548922362904680324821257365660407202661689473334270828076516160170815243204879094918623840,6
unixodbc,2012,12,2386,1401,19,1.,579325,985,1.001703150395876281948385480650329571296508465959377479425938411837147888727399360000000,11
aforge,2012,12,2521,881,51,1.,153324,1640,1.0108119511617056175023488064443404032402203085004436323326734443492169233103401207726338937005509328197255811367117120000,6
putty,2012,12,3098,2451,122,1.,87890,647,1.00741606776396263625809533064139134767570614507255868892106547946764151521578134030041324108897275063497424070374924654311266204209777330500191104000000,13
quassel,2010,12,14530,6932,352,5.,65078,7598,1.1321851078597371470724959967037140751111992329472590654022713283147708030336005375542370836727117189783743930368000000,4
hugin,2008,12,60673,21600,746,6.,150418,25205,1.201296989950109772831562403265979303561534000628582280537148819680342233754524874460863167023435212947739023507238670993447621826555461632000,5
apache-james,2006,12,697150,89259,452,2.5,2333936,607891,1.352187225714047835453270622890901679992131912142238257671818971341450594291380780361062821156487523023390584298332800,7
jonas,2011,12,2443428,839016,1800,7.,9740541,1604412,1.197195988396697680903669076872946920212864352876489437667548735509832061195296799438537799039836901151493572328808440526214801951633136407552000,6
fireboard,2008,12,70818,32752,838,1.5,138346,38066,1.379597128058700880607513077325665682569921390127604120000,1
guile,2011,12,50133,33162,1383,6.5,187080,9763,1.055059582557411066430444660730890186702756753694352370696903025745144608631797179402989365484119729180634598768930363045284088466115570180000,15
revelation,2009,12,31515,2948,31,0.,45625,28567,2.98326853607833487680835485314980000000000,5
fluxbox,2011,12,4336,16588,211,2.,64916,-12285,0.80989740499355859066645991015480647596718005300224408051516549602164083006803637008036533070254234642158822395251530728631734354142080000,9
zen-coding,2010,12,18733,3772,196,1.,44377,13860,1.4541730838237561964764328867087339614867087480763732403849672871675124228021971638894176000000,2
php,2000,12,453993,305954,10471,64.,435888,148039,1.5142939526728059048577516614619916638929916911028924244497928968544979946611925334687363722908469970461813978596764247597441220608000,3
notepad-plus,2012,12,31728,15811,225,1.,251840,15917,1.06746692776579023514809022420077259523331077138045314049871238370337261645087954249682292037219357144003892411150233733787944324015613572915200,3
bioperl,2007,12,47630,21972,776,8.,411790,25658,1.06644877918059250589397891035884551347183364922240941171249475640736358016220088648140266785794494989030163834306156479185523957357512725237760,8
smart,2008,12,18857,10940,263,4.,48318,7917,1.195960496031828518105817604053153558585723394879936518556608992452637767325970405719756410141878404442940304954158948884995357224710144000,6
trac-hacks,2013,12,54132,11522,321,13,1242618,42610,1.035508096617513604231978527882939498,9
cherrypy,2008,12,5913,5091,242,2.,13676,-582,0.959180810818378831262439266272463897394973982261221122834736735734481344083894844412050925342501528004175876285032140222768607456133120,4
piwigo,2013,12,183340,42924,3423,13,1550633,140416,1.099570491635858741951331428053296,10
mpg123,2011,12,1139,524,85,1.,55195,615,1.0112678636851808934767996025856473862138369574259018423949081745129058034495394360296981391740190800592849665462980000,8
roundcube,2013,12,34501,19076,365,2,178811,14853,1.0905902731154269214466153721224616,8
gitg,2008,12,1018,429,16,0.,5031,589,1.13259792886518272461920000,0
hudson,2012,12,66495,61945,606,2.,303193,188,1.00062064639934962620076018699241296178636267330718956499965880137964972449006773033033897464797668080969134792421582498739119558593006103112241520785472000,6
quickcheck,2007,12,0,0,0,0.,2217,0,1.000000000000,1
netbsd,1989,12,0,0,0,0.,336,0,1.000000000000,3
libxml2,2003,12,295949,372476,1318,3.5,426751,-76527,0.7943624125326608378666242916176488354029567557777414984983334549807815363121409666578059521317180406085785799688021764176186054399328000,5
synapse,2007,12,399354,55048,937,5.,430420,344306,4.998258122481942568802585835928245421621861754731346763130566211887722738130089425788236751175996526756899215692690857087549705770120,2
fcitx,2006,12,0,0,0,0.,11848,0,1.000000000000,2
cgit,2008,12,14944,8512,546,2.,10728,3232,1.431163287081569794987399826643100948966038153839878751826399611483127296908840790958634618572597695451013489006482654607288920192683366400,1
piwigo,2006,12,40250,28581,872,4.5,32932,11669,1.5487936790944106003139694685353179642086753616171638952575669569120604947801898982919843739288265003702292781221472533737728501760000,3
edje,2005,12,3084,2120,180,3.,18228,964,1.0569100891467842890433585740009380487529352518049363427700501354432746785924485534041878766533925648244169630901353964291399754723042109504000,2
CloudStack,2012,12,2156380,1710119,6472,31.5,1227267,357590,1.5660326586800844485147494470518126109006776692481401452926178516650248331562510352937458482311063300940271502802674652760965120000000,2
JsonNET,2012,12,89747,72690,194,1.,72869,16968,1.30353660937387594867100604928601124222059777172719972129867358973547906023097277091322993698003965115338088243681298675111128097661911040,5
phpcs,2012,12,6915,1882,729,2.5,41149,4381,1.119152523926936417218544757215053573015452182801390443447563624388078100139270041127272606896187136215353792758570543935726220135150649344000,6
autohotkey,2007,12,11538,8389,48,1.,59603,3149,1.055779927014480400999116590624300033532577013498077633695489218267100879406429768529551786957084333385987310000000,4
pentaho-reporting,2008,12,15054627,13556818,1168,2.5,1670297,1497809,9.68355479770511073357493992489329559935129579836492362696630205117594449722046748318939432143887739299858671259411938847831899602372210000,6
openlaszlo,2012,12,18727,6573,106,2.,377556,12154,1.0332619963795191947064491544240998778735019083089777514164834455515127346662731852762035321372523111219466315889387458224341942092702604992078080000,6
nixpkgs,2008,12,66156,39792,3778,9.,57612,21429,1.59223944942784743798955958910301300008582772663591770765011773214526791034981141364417981963135859462729252158622317905676532121600,5
tar,1994,12,16487,7193,198,0.,9394,9294,93.9400000000000,4
okular,2009,12,7153,2173,259,5.,65701,5692,1.09485243879781231768543700236716638949608251134685410687693800372526810877132153919908284987123244024262095610131577576635840093212187136027197440,7
nancyfx,2012,12,571361,493342,1269,10.,269322,41000,1.17957095680187562011509481255910457381065651540568673469659520988542249933681057297916235173517177294031683492732717750233262891883282432000,2
jabref,2003,12,8378,1444,100,2.5,14466,6934,1.92060541701353998933,0
cppunit,2006,12,5111,5691,94,1.,75532,-580,0.9920166274392950933839442073686168999693114694196084716138873417031082658396940418685000000,6
jogl,2011,12,361602,243864,2672,3.,341796,74272,1.27762742777845458330201518634779813197414156886896845502828819168342566845900448633934204408982043391240944619529018231300715643123680000,8
php-gtk,2004,12,82060,22762,502,2.5,211904,59298,1.3887220903918752577208733564780077124398462050615361073741088690279071766479125139183444266594043964209000000000,3
gnustep,2012,12,196675,161144,1201,9.,2206937,35531,1.016499945900534614434938726947523005234829290044515730634115437517110624017449951074783955053197836774532532361189561247309649278827966914979840000000,8
scribus,2007,12,1961255,754602,2811,7.,1509792,1206653,5.263354638508161904356424184809820033901769770258452131041517211624377466537868214342929484458336532005804218384311342369001518534656000,4
AsteriskIM,2007,12,8525,8699,76,1.,7940,-174,0.97735259664208926849077407443543513805615091564775348337323130890788788959733699074229083600000000,2
MooTools,2013,12,266,186,16,2,29479,50,1.00169900438300,5
geoserver,2010,12,0,0,0,0.,114668,0,1.000000000000,8
transifex,2008,12,9147,3126,290,3,5891,5405,12.12139917354126250873980946257051837087464979308400,0
freeciv,2008,12,32498,41471,496,3.,265436,-8973,0.96518962789072077418189463767801255475761727116777052555568375059429940937572404429855254863069134087900477204780216993815347451899456000000,10
ndiswrapper,2005,12,36494,29050,587,1.,21328,7444,1.5389126185196631634773129312241592431294353747928613349150976316229279785134280337041549626654308465376490868088069658375278460928000000,2
marauroa,2009,12,3539,2367,246,1.,16588,1172,1.0760249091908717598898181859125575419673229347892516738914297836593895651598698139183300686150634771395456000,6
liftweb,2009,12,423072,283449,1740,9.,152117,109262,3.5495741451073067443362310151215667626462201463128272030238624425404497757013884290124359735161811173035314706393536800000,2
enblend,2010,12,2512,970,70,1.,135704,1542,1.01149356747847355562222615070961943376662766284879594681031070317280593396573013967254405032173493833600000,6
chicken,2003,12,22350,23466,305,1.,69379,-1116,0.983756877109053719807494634996320100089605740287029418414979689999921561588976254371352039013962209635409454484660731507027831209419427840,1
clang,2007,12,57331,31446,2009,11,48485,25885,2.145353982240790627992389235025921272797056351219200,0
Gallio,2007,12,1136349,1207984,894,5,848942,-71635,0.8650870479540470797485465083780917270643598842594252540032287752655946611181655149546330748899794309568015293746306924544,0
svnedge,2011,12,47529,39914,737,4.,28417,7615,1.36607057009416375519896427681102746521928636738553200924468948565022102238897518265950557721580342134211972405017754174496329093750,2
qtparted,2006,12,321,23472,12,0.,42976,-23151,0.460626252317419307759320713736043808000000000,3
Pcsx2,2013,12,875,547,45,2,453135,328,1.000724370427143779785615945919845049231211,6
nixos,2012,12,18357,13161,1884,8.5,29152,2672,1.10095209309488398915345030122427423456637905563900859347389438172923532647605661365624635489428378529793811055828697256891877578433571528224,8
rekonq,2012,12,37494,37163,614,4.,52279,367,1.01517030428494677457915803338315144668726656789109047748186396871325289080006001731604783710232841272291249587488242562418233006400,3
gnome-tracker,2013,12,17851,13309,116,5,152758,1816,1.01248753652712398447380683908197230,7
roma,2012,12,9611,8020,322,2.5,296365,1640,1.005564509288642001476078237673812832576892328719173645209410450256970896799082138071493051782314547103295581006080000,6
geany-plugins,2008,12,13041,10264,162,0.5,17406,2730,1.3097345133598149190026310795631452452560417702480065086473884800000000,1
gitosis,2011,12,0,0,0,0.,2757,0,1.000000000000,4
port389,2013,12,37654,36802,111,5,655876,834,1.0012732008026477785698522425118554600,8
netbsd,2010,12,3314720,2420698,8175,53.,16169901,894022,1.0585250773440211938924875673218679399317060915401533359705539796693090437068474243740601536239257062495568543570703170305527921862181834314833920000,24
pciutils,2002,12,389,89,30,0.,3752,300,1.08690614136947680539854965204498740000000000,4
gnome,2002,12,1865462,1231279,18565,116.5,2490247,633472,1.341167885181347933061488465343109653669106644198815255809614347665179583533280517551912550868392737431024060627124530578186348759520000,5
quicksilver,2007,12,18397,76543,62,2.,106242,-58146,0.45256835127688429659744,0
perl-ldap,2006,12,1671,541,46,1.,11000,1130,1.1144999493387666627940831349446715371397412147801527925607539855109996856849470785350111009379445817333044838400000,6
gnutls,2011,12,76109,81563,911,3.,119603,-5454,0.95422538171103722932037364799207844259235932966553169284330689497685061746547710704600411329394503820874052889680028164501141742304000000,11
taskwarrior,2009,12,52090,45580,1161,2.,19999,8081,1.67805000845112713346668002870441667046882432220750033152369628399768198382498986501254756719727263928509072941932000,1
duplicity,2005,12,7,9,1,0.,9459,-2,0.999788561158700000000000,3
tikiwiki,2003,12,608413,357747,5076,11.,313147,250666,5.011875610491099945321735992967514223170162788601118873047730046925100981545253575999372632644752301929716172124723088614400000,1
cocoon,2010,12,5375,2010,168,1.5,1305224,3365,1.002584765323830328654518783924267376797876554482233554190284100482445641382461316909330865728000000,11
opensync,2006,12,207037,80594,508,5.,171706,126443,3.79351788403520463549287695100401439507971907239280142236620017416445623680610467680877940860377534060390610006003849712995144541153280000,2
picard,2010,12,11372,9682,104,1.,45358,966,1.0217606775988927553631638301188790986419512982934926694005679577337207077279206372044800000,4
wxwidgets,2004,12,1708199,1311813,6420,15.,2701807,396386,1.17193649228670064948052990454851258269105420450478945539252642089210056311063418744114564506378736528920770513696428425259030664483491020800,6
pentadactyl,2013,12,133,59,11,1,45373,74,1.001633590144940859549802812660212434572,6
sauerbraten,2008,12,132946,23070,1447,3.,187665,109876,2.41248762681124070724810983550790120227847217415437236751966776250318180982643476715711298949037642345250354716279108296768462972518400,4
lfs,2012,12,170561,134215,2212,7.,458626,36346,1.087117634929168123908840178839727063444015101766457937835767554104382009584121387210312071833600026438395980917250832312886522702019267409920,11
CEGUI,2007,12,12821,4128,65,1.,144452,8693,1.06403258716661495292018700510817589582786980081782086387468119595305834814286852055019656765291520731031791001600000,3
iftop,2008,12,0,0,0,0.,5764,0,1.000000000000,6
growl,2008,12,55280,70673,1371,3.,680719,-22696,0.966428220655459564440827672069741912651216769477811174672878373764936754174904041080456753413416657761161474926556920915094972979840000,4
mc,2001,12,44553,98686,1666,3.,265242,-54133,0.788995474581961778101643851693902613283178288034406694113877200854828362070514817778101610294160448910136028947993167145845510953440111561564160,4
dolphin-emu,2011,12,609076,149720,1651,11.,1136207,453968,1.665409042869176534213135290600721714570023897823310794622047966561482490280147085231098959149501959478156990351255057493429354401956044485501449216000,3
php,2002,12,662974,257527,18629,96.,1005068,405447,1.676172115368944620446216900689367700601877118603317101625238820043486224319938927489951786768044241855931823654770280914816215232000,5
vserver,2005,12,10930,6421,405,1.,31341,4509,1.17442265288985589556074842570828410333946120562469809808978314061671079458122046791479638793111140723200000,2
Tvalue,2005,12,59699,39453,329,2.,251121,20246,1.087692474272934136322764933174353676421589670956530312073231762321411878564902541814429094616468047321356468571140324989170126583189737066161143808,3
statcvs,2010,12,551,27,8,0.,19970,524,1.0269464157212948717249812846779624000000000,8
hg-git,2013,12,132,6,6,1,8816,126,1.014499424628642824380350,4
gnulib,2003,12,26896,11441,735,4.,61170,15455,1.338072842573882923151334281565630279020741764592996019757522236080400963801081884731455809980575937399040144543536617238367268274176000,11
zc-buildout,2010,12,67,37,5,0.,3853,30,1.00784724038669180129836160000000000,4
theunarchiver,2008,12,308484,293584,306,0.,291508,14900,1.05524493155419249384345775113715260000000000,1
postgis,2007,12,17780,9153,127,2.5,129739,8627,1.071231587291928715792535063539073641294128714861888063395857915265008901188283072434662623031321482671241583611873379425812800610887000,6
gmp,2010,12,29541,18086,469,2.,200263,10429,1.05512680910727604736970472032833938041425049939280035672654280610091319812070749940573501984038454150072320000,14
django,2009,12,30053,12521,820,7.,78016,17532,1.2898617816415812964426411980721826124539230570619656775878311773209256812538044006041108238997143654630625607579372187839698943977792640000,4
joda-time,2011,12,88216,201637,82,1.,200670,-113445,0.43404556768225267362104280503406563006498067189857733351392135051811396988698294959072110454464675376809432598456074643134420800,7
swiftmailer,2007,12,113176,64915,402,1.,52406,48261,12.6431845592672712197130437191382219312705284220943105526931842701449274773388032630348833869089955840,0
cyanogenmod,2011,12,56329649,10400916,76932,295.,57062978,41866611,3.75504079343765897329969996658612729821802979407732534679939277546223797501988304585036338901924561893816946213976330608682790289408,3
debhelper,2007,12,155,57,48,1.,3146,98,1.03215223097630951931079993631807148807592053838274844316271729146367762484158400384000000,8
feedparser,2013,12,676,681,20,1,16850,-5,0.999703352121077915947560320,9
graphviz,2013,12,3715,1810,73,3,378028,1493,1.0039651028456774331298543503193167060,8
madwifi,2007,12,49536,2794,190,0.,75142,46742,2.64584507066372264673258837657216000000000,4
auctex,2007,12,1996,1674,140,2.,31174,322,1.0105442399618645981992353702217614251102923827424133977259988781602125520577427018078564408660449039178078139987251688138587595816960000,16
vnc-tight,2011,12,0,0,0,0.,79132,0,1.000000000000,7
libcaca,2011,12,958,131,20,0.,70148,827,1.0119300067802388745984731803556665433273913868092800000000,8
xith3d,2008,12,81375,71249,402,3.,128639,10126,1.0877644591248695808465611120854541379578336882909353041232930033275665656188428976781538246898902349756716046193534955837868931827840000000,5
jamin,2003,12,26151,20329,366,3.5,22132,5822,1.35695892089119402267253184430126537937318075705272783765453020613491560060623360104806400,0
w3m,2007,12,4652,3987,29,0.,83313,665,1.0080467558870160291895767908366609042100000000000,6
mysql,2001,12,690208,132179,3181,12.,568942,303907,2.1466674212105776708984007014732579417083040107496029727851602714086157477933965606440675580159593750871875241987232351185186329031598837760000,1
opengpstracker,2011,12,372724,141110,1307,2.5,299897,231614,4.39197164709481289201950600777875334327080446131541846606781040455250489722511561498901861222958754858265071390640004857017466599313664000,2
fundroid,2009,12,8808,3519,143,1.5,7650,5289,3.24015247775287435503673104123567994181572123412623328342043936384000000,1
swig,2000,12,319562,172381,2943,5.5,112889,104693,18.390863788618903001283773817162672498781222384302769064954732357873304908122438790200684707219832932893319269717167172066253606912,1
dcplusplus,2011,12,0,0,0,0.,4907171,0,1.000000000000,10
wordpress,2013,12,220485,6443,800,11,390826,214042,2.210754366670096174310518688148309,10
clojure,2007,12,33054,32779,379,1.,26381,275,1.01249943205287218719156599188997246919356506797597216742956038904500000000000,1
forms,2003,12,12273,33978,102,1.,10174,-21705,0.31914426433197582552192883295881735677540828329632341271665613620,0
dcmtk,2002,12,67740,35270,496,2.5,226899,32470,1.16700183615064008167747290428449410995820430021862370638502106151239282981743585454402306775146366842382310562404263762878632081200000,7
smart,2011,12,7352,4955,278,3.,56054,2397,1.0459283387692945584494159209890350706702167134206516338057535612767863172475551639949019131424238705436115690392312375784027505748550818048000,9
lilypond,2001,12,352779,260561,6947,2.,885732,92218,1.1162147107707650038628418475325271312707190827964971527867836794669916905113047499731274614187626121627665707599033921701234878068543500000,5
coffeescript,2010,12,159763,134023,3483,6.,20765,16869,5.32982546219540681672481037325447162890926113039107823439386910014615314721528333890705092400980715610439915813324527584739328000,0
eclipse-jdt,2010,12,82259,30479,1793,11.5,1947097,51780,1.0273199681092032721428818915901838358162318321526363661663268615941232529631399497491999496233634701762553542368426687722858239053503602688000000,9
libtheora,2012,12,218,188,8,0.,68327,30,1.0004392579468598335984701000000000000,10
flightgear,2003,12,62925,41475,1229,4.5,137460,21450,1.18489785363384062257131759495496444800213206824289452650558584963132195795974140186478332330839986634880608512272353845727100643647160320,6
aquamacs,1990,12,84644,1924,394,4.,78794,41360,2.1048779186038959681191294597456428502159323450257306425111848522367823970662228097989795518677585776538320682152936890553840000000,5
openbabel,2009,12,128416,12567,363,3.5,330105,115849,1.54070364422211758952794130070111961600529096726273535657811949554227818994761446808263763192303728261514499887687305160574878813410235590511820800,8
nitrogen,2006,12,3990,11090,53,1,10422,-7100,0.318159992300443544809615397240243790881973909987202926270323490324155696127360,0
bison,2012,12,14941,13150,805,2.,33367,712,1.02180370540916846811321267577944252223945573348916756841892068285325584827619212231487789592925436768715657487385503745141949060953514743436140480000,21
htmlpurifier,2008,12,16870,11838,603,1.,33000,5032,1.17991990847269443937080630525927072939052176974329535245487090009813800868910317241840627968499075328812200827521956144577378808593750,2
dotnetopenauth,2010,12,169039,88387,1050,1.,110227,8215,1.080529741605915903556647542709781120310768221811869503000000000,2
zotero,2009,12,56972,16604,1226,4.,176468,39698,1.2902537106152640484115445147895236642569801167309072838280375341873506139203759572448009879410953526144262960430123799912630992713968000,3
classpath,2007,12,25266,18167,488,10.,752397,7099,1.009525049040676774814712438619763094250462720617038916150606417478485144655235374711585559926050105567979172867851771854700334167692137347081439477760,9
hal,2004,12,54294,28249,549,2.,45358,26045,2.3485734998641844966511043927277587388754589768869012904301981041754950497642427710014510643572670694125124239636964941278592000000,1
dreamwidth,2013,12,0,0,0,0,230763,0,1.0,5
josm,2013,12,31187,76246,344,8,894776,-45059,0.9520564780004614820640469168137216,8
haml,2008,12,12801,6814,732,4.5,8041,3129,1.63701140065207005450404931095477852769000353925359985635188507772191108983558853751219546274400117024600747863971145216000,2
ace,2012,12,9815,5130,318,3.,495795,4685,1.009539614343624145577140279750806204206915634730402946961176867522270714466980698940124387890454439086903097865650631909819512522041649044527136068298240000,16
ganttproject,2007,12,2353,1219,39,0.5,50751,1134,1.023002494978522049029186399741280242598302407578041471861930058616241320000000,4
cgit,2012,12,1266,776,116,1.,17716,484,1.028087279481852640233026436570159391310853521242392842780670251495081896896859392000000000,5
llvm,2003,12,236996,114014,4116,6.,218091,122982,2.293063748090516128692526136227699282452420706445659958466294202948847717548663887331407280644986759893852752358671751421825187840,2
gnome-do,2007,12,19349,13512,182,3,6965,3958,2.316262055177082840154682193650,0
compiere,2008,12,0,0,0,0.,1083197,0,1.000000000000,7
bochs,2009,12,77211,81340,838,2.,298519,-4129,0.9857995288285737920913365262219131394986321275576799626218013200942788740496397266559797916134801932884663066849442500803143985681739759699112291200000,8
thunar,2010,12,3202,1845,131,2.,78969,1458,1.018810233384904069574954590668529835155817598302433552558857901411730145847608792228207114219468530365192571782330983768426868825887078400000,5
xfree86,1996,12,345206,258296,449,1.,1271693,86910,1.08125604207538728666517087817477220838891297128937611793403050630229314180628050329708618832123815904462535255143127675508229847592960000,2
fusionforge,2003,12,62480,29480,1628,4.5,99691,33000,1.4948193909022962202855805676675920445107392808653201281508705391284402227448162985434272503999111416516422696632470088287465786584907776000,2
MooTools,2010,12,67864,74498,2042,10.,19450,1139,1.0622030473312383245671533595387809451254376894772180005858970992784869179739282264956912564270611311138820637261004800000,2
factor,2010,12,1165461,531972,3037,9.,387259,45631,1.133569262468070648724183304639915410783479218987338014722901280118852755165285232265124030622897807897006181312000000,3
opengpstracker,2010,12,85553,39521,1690,2.,68283,40530,2.46038266141149316628357561990202850560426160663269967414219577548926647517718304923147123718494929253046317318764756347945012428800,1
openvpn,2005,12,339674,55619,876,1.,328776,284055,7.3517139598492489757895350348252166406888218757183356425500771444043528831304067728727744851761225189513719670118527582752522980272578560000,3
apache,2010,12,230771,154791,3549,14.,1474192,75980,1.05434082957813939927398167796288496611842906687903860439724531690574888815360875603524762847033908578617833433905089678915335458469379094000000,14
axiscommerce,2010,12,848370,636368,1931,2.,472016,174725,1.5877238126646642073432237395123393420080772017557469265790519719030944897050296310751385591568922741957549056517848040239011764780928000,2
gnupg,1997,12,7613,2667,27,1,21378,4946,1.3009980526,0
rproject,1997,12,11566,7502,211,5,86801,4064,1.0491194991382725729585063965479524,0
linux-pam,2002,12,1810,1192,62,1.,45432,618,1.0137903333782483027688133975360852423153013444060433294960288204724527635050044546423840000000,2
poedit,2007,12,12142,1630,180,1.,29139,10512,1.564342084117801468193330447325213187634068832005534266911573023294361414630529994299000000,7
kdenlive,2008,12,59703,37317,1236,2.,26034,22386,7.1365131579465853917126627976530538637252295768637662594005361324810102058658028542701116766178615520260480205811678018014945600,0
zynaddsubfx,2006,12,2044,246,30,0.,29419,1798,1.06509539842779549331444654915833186000000000,3
nasm,2012,12,3815,1803,68,1.,59384,2012,1.0350840482711917675569449038977478219260460526125369639804134646696420509218914799017117120737200797272466059417600000,10
ghc,2004,12,47306,11527,547,6.5,197617,35779,1.221079103828475697915505554897852169010152416823081736515309516659498954337317841464830985535392303999891777282470164441270400486848100307591008000000,8
phing,2010,12,11228,2058,547,2.,48543,9081,1.23012011554482818625582022283407460261847704414687413979685821381094925201209859683382887529880323935622204141006962699009591916934755587072000,4
ganglia,2002,12,16357,5545,474,2.5,35619,10812,1.435844721275904008115575066655550548194169069947496400151491717848216,0
sdl_ttf,2004,12,889,1037,9,0.,15667,-148,0.9904429807566529848826696453579516926918119340000000000,3
lemonldap-ng,2009,12,23447,21894,396,2.,30708,1553,1.0532670211024405173711438069899913814347898721985886364977156375821269205474713390274795650939552969185843139745298835520000000,2
config,2000,12,687,331,78,1.,2373,356,1.1764997521087629402260868586164730850390788557732487723854003628542783918790925210553548575594559608298310727872000000,8
winmerge,2011,12,2257,864,54,1.5,391456,1393,1.00357121798236091007024724045734209263643567273729262414353464414287011074401348602370919656881484513741600000000,11
pax-exam,2009,12,52503,18009,514,2.,39466,34494,7.937650845241230961155947342753887752763692241644557245086045199382574343573274293317968984942737076118603839909980389120,1
ownCloud,2012,12,6445648,4675760,25048,30.5,792695,572832,3.60540427402248602796376943530975122874255711732946106297470698717115024663512981208601348272646937936807148243276279742600000,2
spacewalk,2004,12,0,0,0,0.,35,0,1.000000000000,1
geany,2011,12,158184,155493,1086,5.,149334,4658,1.033429262447421614014828502026838779022593345423293415953814278972676591831516015182572134799269844813915774689146638221903885422039559009843200,6
Openfire,2009,12,14209,11367,173,2.,190214,2842,1.015167687805525148498317341637840269639865446551751566969693751294141424134113605860891124156782646900656720000000,2
kadu,2008,12,89318,154699,1083,4.,148155,-65381,0.5229718588308843045530319543510536432314659201305000988769041552360070445612781615028997747037912440516292144632361499290701589504000,6
vip,2009,12,886,93,14,0.,1235,793,3.114666666337417004050000000000,4
flyspray,2003,12,489,49,12,1,8240,440,1.05641025641,0
libreoffice,2008,12,1055199,1009662,44604,17.5,1597350,-211206,0.882482683102614918181585403104672450514032361076538269300147686935338593375696859315815601680145865364584405751854378158315953820662408460000,8
springlobby,2012,12,4722,10860,211,1.,36465,-1799,0.9483283547795843503390745943370025280365694924828130636535668827506123963887425460089857916557287313372160000000,5
numpy,2008,12,84884,77513,1356,10.,161568,706,1.004693462390133645597949784482330569087909971409132666022966236594277528103828360782102049299031445840599678516224067670613009223580443260800000,6
prosody,2008,12,18390,7193,636,3.,7296,6220,6.78066914512299292558488513667017989320,0
gimp,2013,12,5022,3315,129,7,728303,1707,1.00234931103415370014268772414702130792,16
phplist,2009,12,14945,11329,388,2.,68894,3616,1.05539385398181115480308165573131273453556955936754874147078460972815341709007375365278282517109589138520629500200474065413916131262400000,6
jmol,1999,12,0,0,0,0,39424,0,1.0,0
sane,1998,12,0,0,0,0.,163,0,1.000000000000,4
emma,2012,12,0,0,0,0.,38912,0,1.000000000000,8
nethack,1996,12,64672,38515,22,0.,159887,26157,1.195595603120794932968861115951768000000000,11
apache-continuum,2011,12,11562,3513,217,3.,484415,8049,1.016896671886574401402138040090361645781434673387861832273714152862143931146954158572017148814409512346027474944000000,6
cheetah,2007,12,438,245,40,0.,12660,193,1.01548086949814034547725374157326003792294965008000000000,6
axis2,2008,12,142406,203469,1632,16.,482095,-61063,0.8643315781355928957097040628478146300396799199820848642713186500323899431108059782065709244442049340983863636145182595443738323998621040640,4
apache-continuum,2006,12,9688,12,18,1.,10299,9676,16.53130016144288182609605506853343069270573817913288195358080000000,1
asm,2011,12,85878,81294,105,1.,73701,4584,1.066322323014324782654023448321530713121960144720847673264402595984489662123223495889205736957747200000,9
noc,2008,12,13358,6398,499,1,8599,6872,4.97915460386372497629144361655129411578637271195648,0
autoconf,1998,12,7887,1390,54,1.,19408,6497,1.503214313353454113667875228066404613436841884861040872818262406854983130829744019746008448000000000,6
freeswitch,2011,12,1369961,596406,4052,23.5,2282395,184068,1.088039599353596861098992945080677659031247672403590766303758405541998541495857235342731035555940709854244603787770446961353680347600296618750330880000,6
postgres,2008,12,72745,46042,1699,9.,545595,26703,1.051461575814008872333423423904622320898464149897449886415741525773033959012019947997546468299854806804738271720657884746501933894306539645644800,12
phpmd,2012,12,2114,969,148,1.,10974,990,1.099158653851093655494512081508509916333085216268850500483750000000,3
processhacker,2013,12,655,445,28,2,458238,210,1.000458487254054907133394360,5
geexbox,2007,12,15621,8954,1137,4.,22040,4546,1.289960454124219070797998314532920978261416526128452358016194873199750873948587489162296258335155845829692406506705684700842885351997440,4
opengrok,2010,12,16096,5086,317,3.,39526,11010,1.386099032122084417912735731337630141074951137456795631928987396709402691414631206767524389805714704271240755869162844210831460465500000,4
chatzilla,2002,12,2141,1535,72,2.,15552,606,1.040545965471958865984574450754997120542882514418261217140937602667696413999968546378974275550831132236061751848932576263222463638769861510978244224000,3
geos,2012,12,14516,9166,138,1.,142601,5350,1.038979679562688447890605138279905526283107055795631617518763732178614901522252382122688419688972648164662263808000000,10
firebreath,2013,12,2,2,2,0,70209,0,1.000,4
fdo,2007,12,379158,74031,1505,7.,1109151,305127,1.3794998656684052647750280827988039505232231651797165359449823727296199795403226953420708120938480183036068044903559263697542555612735899648,1
zookeeper,2009,12,47748,10621,385,3.,91471,37127,1.68318489621171074681475797634555449779775454777688937567128962484704402178590425016196594900397983488030228908884770010147809900754680,2
dompdf,2011,12,10947,2876,192,1.,34143,8071,1.30974402266389231339788021777596235983884494538070688822524541916426603386069663831432989969136593341382499172607237981115530833920,6
zathura-pdf-viewer,2009,12,2401,2684,37,1.,1419,247,1.236816874350978341857465966659450,0
MediaPortal,2007,12,1321531,1118539,4912,20.5,1521027,202992,1.15617027693597380113490897919691280902430853135194760039153670681000550441226714419363178101770854299766149917339853606416880059145616384,3
openmeetings,2008,12,537427,228725,1177,2.,367458,308702,6.2539655519734167561533135121925755114584566056849845158100760124847732567840884344235768324515245748633600000,1
pfSense,2010,12,352176,211618,11519,14.5,464625,69826,1.176864683045803708303607982844882848602873761224462105345843490078692328066170104675916582830242268032652498321691693896861050013029843968,6
hibernate-search,2010,12,159093,117773,926,3.,114209,39565,1.53004930073300433367951532447671061074414181957116388971709938097754592153263648054292716779278861994651193958428399185020091358117888,3
simpletest,2003,12,25423,16810,626,1,15548,8613,2.776608910786219035351916898917741870029734362515127377673183359298846503718085976735031296000,0
jifty,2008,12,53284,41976,649,7.5,92150,11308,1.1398777862971302812709293408326387248060176378220452121487187846670589285005114501094903271912340720489654293685630316848471944522700423168000,2
lastfm-sharp,2008,12,1108,351,5,1,3566,757,1.2694909220,0
apc,2003,12,3703,18144,69,0.,18309,-14441,0.2112622207350888255980000000000,2
openssl,2010,12,21548,4814,481,3.,352133,16734,1.0498928142308571316038986890428484334922722435302034348758971946814623292970380944380996261716729785939528488839827003338581228156964801498316800,11
hibernate-search,2009,12,103184,330692,320,3.,302884,-227508,0.247041224243697175038419746548050720902478119828228318644299329527824218365325159749636381249613364608276273115115494400000,2
moodle,2009,12,288809,224391,8901,20.5,529485,64417,1.1385109274320149038804389260869403097647689750339186006781293019604437211457963638659640790274030610464532713579215902803418891205753400,8
e2fsprogs,2010,12,7011,9979,181,2.5,115360,-3764,0.96840267283926803942198477407731298994554111147992518091321500522926613187964141991920021340160000000,13
f-spot,2004,12,17673,5036,453,2.,27793,12637,1.833795196573848958913404314730395328494879912724741653943242553209857081871297591502447434152715546242713950349229776013939543204940000,1
mpg123,2006,12,186922,103180,337,1.,85425,83742,50.7575757577682619323383131001126796920132078403064514070041250586295012977212501482241537434696519680000,3
gitorious,2013,12,833,531,64,3,67723,242,1.00358619463248351909841755553548068352,6
jpox,2006,12,466307,196975,4033,3.,612434,269332,1.7849910521923087733340324254495582700112874960519358208212093373760523080962644531533275229862181383091281046694872157304274454400000,3
thin,2007,12,8807,18041,72,1,2911,-3149,0.4803630363,0
cogito,2011,12,55,73,7,0,6648,-18,0.99729241877300000000,6
squid,2012,12,153818,117370,2376,8.,746520,12542,1.0170877056263297530099604226555555938832962201443050918942135717636542708535729058984249329252356261288583601260565843983990291353347018952951040000000,16
hibernate,2004,12,573785,229373,1207,5.5,424345,344412,5.308758585496955955068498524663324349193953802987816932853982793747191434159388837762575043430400000,1
clip,2011,12,22180,13144,1176,2.,18126,8749,1.933027620821766096572831800606709732497296684014540973328988077392008850314549579142580177835518404203992070947039480260000,3
capistrano,2011,12,1680,499,130,3.5,9043,628,1.0746286393326396164104608430729860066069652008229283958702100608986680072981416157668924601604572917658076466229248000000,6
nixpkgs,2007,12,34142,21705,1877,5.5,36183,12479,1.5264512318539463564655778491949658826075688218665342625525552684137855907536846607058068555096291169309449935803849515859740531456000,4
sdl_ttf,2006,12,1649,857,23,1.,16362,792,1.050867052020686323638517041589240925143545824682489813093368906699894498296737013034771520000000,5
Intellij-IDEA,2008,12,694180,439448,10292,23.,1083798,126126,1.131700624013694070261673961821981982509053033997507936711231822631258957128187983846609187132552864757522354154779665361052555008187404800,3
wings3d,2002,12,47354,28063,1125,2.,35698,19291,2.1757786309294912164071349740844662309889155994710885649051862807882033896963114820911142433836701726718413390036653872189060147200,1
gnote,2009,12,12263,2448,330,2,25191,9815,1.63833246623772768013079809603825428986671159625055062952298353930131449235973999681324406344000,0
brasero,2013,12,471,469,8,2,107627,2,1.0000185830429700,7
lazarus,2010,12,273451,135162,4720,12.5,1305047,138289,1.118524149827289235056617660988457327761142985688741901709054474783858308510533977945532447501533550240252160884669204680156929343429713920,10
wmii,2009,12,7260,2635,201,1.5,26903,4699,1.2116285353826870993161759791473396367956202160732840365669638590680927260971391178593569371014923563945136212298259446118400,4
cobbler,2011,12,6487,22673,358,6.5,33546,-5482,0.82864466120221337145887538487709761241025417334869367928380732119130050689096002902500887431109829914771631848425300177783121660795699200000,5
josm,2010,12,500942,192637,3524,15.5,674489,308305,1.841940117566292008644367514619686236945995823789249355909015632304093782234949490030885301551884208278050760461875159549430170560000,5
wso2carbon,2013,12,9767735,7482242,5380,11,8201498,2285493,1.3863237100040793380554186098641188,5
ncmpc,2007,12,1482,556,20,0.5,13355,926,1.074503178052449589498808761294723872468746957795116158232819804063418160000000,3
L2J-Archid,2008,12,502695,491110,170,2,607738,11585,1.019432930809065963325110,0
mpdscribble,2011,12,192,55,17,0.,3051,137,1.0470305526942073086064200000000000,5
tesseract-ocr,2008,12,34278,16756,122,0.5,136175,17522,1.14767431085258618501185224863832892612106713629090829788275200000000,1
funambol,2008,12,2017643,555176,471,2,1463724,1462467,1164.458233565951281626366282413910908494206095308516800,0
tvbrowser,2006,12,50604,28722,911,2.,129101,21882,1.2040869621874775366726357851919200209239402800796796871142527160034903020207150036705076746373973464571198073674651737487568688672960000000,3
etoile,2008,12,139030,210794,1584,5.,619840,-71764,0.88073819869766901318053778564268206898324472741375408842441866323430928093291550055853099081378427444159055150900392417607194075712899180352000,4
lighttpd,2010,12,12251,5002,384,2.,80673,7249,1.0987279363674478190645081462729447066325495982534555509465289936684915222821023915961896737878335923117446566947830806189218469691298283520000,5
tor,2010,12,247267,239577,3086,12.5,243799,18670,1.0840597197745134665644024521519200672657060249239888537208805362555453529376143257588235676021464961890385342528540936058533509120000,8
swi-prolog,2004,12,142605,47705,526,1.,795632,94900,1.1354298077312050874965079867679581448748318810012901660620020139813009124569493080320000000,12
repoze,2008,12,169683,131052,854,3.,42491,38631,11.00803108860912224861994768884471042846722119018168449851002775997876959447788252426858554776014565221911888615191061053440000,1
groff,2005,12,25690,24276,121,1.,130933,1414,1.0113238674163316891189114002308024537037626651033823426142680259757169335264842921121492988858412211826552859325173596459159763392223111116800000,5
equinox,2007,12,351538,174145,5041,24.5,870555,177393,1.25591852988045821448292273790696024855185110000767899444143897022610531059886049545734979244194776018949729872665294832990323700531200,6
gnucash,2001,12,405463,228226,3123,6.5,300824,177237,2.4341071471761720429318733981952438674639318507405064733173012026900145112160146349420229138855080240371064494707125041303895219200,4
nfs,1999,12,3001494,56069,172,1.,2972731,2945425,108.86731856862449461462255568873822823498708900118865370228841147123934863401531988737748742040681505441912391907840000000,1
mod_perl,2005,12,31062,29668,333,3.,66730,1394,1.021335863842470519183663665663825862604418291392944553231281113686304083927885581631896039382766347358498484629357234625738508549344000000,5
compass,2012,12,9753,13798,407,6.,26682,-6027,0.75308287926528406900118349423773726854349350608126959056683503137672564658912906538194233843898895498240000,4
ultravnc,2011,12,339582,235484,64,0.,634164,104098,1.1963868650140948386040909980029964743530135279930603604940000000000,4
xiphos,2004,12,43563,61532,262,1.,248402,-17969,0.92604162807824165410615635360272966481662802660844289466094441691901631986423866457834476972061261965506116411002789814501475748245831855543296,4
gnustep,2013,12,20418,16300,458,10,2194089,4118,1.00188128274422602666001469178137357888,9
concordion,2012,12,257,61,11,0.5,30673,196,1.0064310791740827001861885130336153656310282022780858603280332691245891936000000000,4
e2fsprogs,2000,12,14736,4342,204,1.,51119,10394,1.25522406388686274942450747491002955976768576021803828586559914363804203816120191439661937969897462874653252542624446817771008000,3
twisted,2010,12,17658,9725,305,4.5,195509,7933,1.042592831219233394670779698067205461087665124931414814217330923060157542010064476715377361440119979995017122757627231152654432906772480,9
tortoisecvs,2012,12,0,0,0,0.,215290,0,1.000000000000,11
gnumeric,2006,12,61860,48744,762,6.,432037,13116,1.03130900575168924034916292786360442922578047139129324572385162204532447536621250536093198679972448854953260736750137311045126719554768459985469016320,8
fso,2011,12,172061,117530,2090,4.,203453,37956,1.229345547048848337055368024556949076055534453403748896275355674766765616145943596676503982694861575807733896890626746616951190229090304000,3
ipcop,2006,12,75007,13874,330,4.,160498,61133,1.640632532064070484071064976803761125439590209445316858484896065872855748426290952614022644905655774295454338612349064317263762510605180851488768,5
feh,2010,12,4236,13705,235,1.,10729,-9487,0.53067181161422691282235861684744712784254982567648970487130159490268743406922550951865012925056505027366612336000000,0
authlogic,2013,12,57,8,6,1,4451,38,1.00861092227500,5
apertium,2008,12,22677451,8558846,4026,12.,16307023,14118605,7.451512005538275321852213224264701605084674671796264291879654023553471937375445378366009650068631696170505311726289734447059381739520,3
clisp,2010,12,201624,250028,1504,2.5,1431586,-49326,0.964949754632415690548697164613359734865127141612132406244780004361081667035299435578507887700671619364072037532815401162073788676035067087200000000,12
tcltk,2006,12,204171,108804,1909,9.,912959,84816,1.1033876219153377229395448192950826145304106413143062104037949167595282046967906201271878498017302818954002384220269122013930182616157551067136000,8
xvidcap,2006,12,833047,519619,204,1.,519236,313428,2.522914561089815931159990508587855879838976845738660978659062875145866180207080000000000,3
dotproject,2013,12,0,0,0,0,443356,0,1.000,12
openacs,2011,12,33991,43247,278,4.,2643630,-9256,0.996498578776887778060802878820597580329627710082231649878640438211756685445133690712553701574199810238654670372770435529445040331603331247585693207575944000,10
WebKit,2006,12,957522,685097,8254,22.,996983,272425,1.375987843642162027291125872973711949982361785261556607565740867210887811146098551206635227555585619719283469042223823158973149384206336000,5
nixpkgs,2012,12,223790,145340,9884,25.5,148967,23269,1.185118299438197787540130232334839112832473043026397520307046321568841754594189214901381924461561686666394806945610289627037740384308220,9
aptana,2005,12,95109,81119,971,1.,79185,5578,1.10070955279326016506810284817557878576195301184443588693233642431940555165762520096054162590919299402254672525432839306611200000000,2
linux-ntfs,2012,12,5579208,4228651,3317,0.,10236231,115254,1.011418524894996335193470000000000,10
revelation,2006,12,8277,2425,134,1.,14147,5852,1.70548523205172109513475331883143775327405379204357858425400199117824000000,2
www-mechanize,2011,12,0,0,0,0,3546,0,1.00000,4
simplejson,2008,12,9566,7788,117,1.,6064,1778,1.4148390106947868083878052009935004438551355741098720976550487518816932696042171884592329737072597248000000,2
openacs,2007,12,601840,451279,1336,7.,2263282,150561,1.0712640240049626118890394690759147380806800551497052936590696852297539013179635124463903635672321037052907275127325003506924149454664448000000,6
conemu-maximus5,2013,12,15560,7053,100,1,198754,8507,1.0447155539889809144908826856411198,2
mochikit,2010,12,47178,46787,101,0.,37782,391,1.010469942429018748329310505640916412023426840700000000000,5
firestarter,2010,12,0,0,0,0.,11472,0,1.000000000000,10
kdepim,1998,12,24402,15336,686,7.,47594,9066,1.2353093853804232886352907816466516867114164305768609093784875709800850773966103343037601894264139152003944013369621757654863555755088281600,1
lame,2008,12,25316,15226,201,2.5,126521,10090,1.0875032521055609408669400250257138856136290601935736213967945310660219213178407913249821500636470689811774205741390452164139762532891853810176000,9
moodle,2004,12,438292,216360,9760,22.5,453095,221932,1.96006713880680667519573890481756410536088287624488395962070003395940206534608140331597042794080116222854505639068264789161472000000,3
sound-juicer,2011,12,1821,551,65,1.,10851,1270,1.132678646053279789186996858776240829414057588507530890161872202498558945619824647300202003076033500708638720000,8
velocity,2011,12,12,5,3,0.,51151,7,1.00013686844986613047635814230000000000,11
simplesamlphp,2013,12,228,165,29,2,59651,63,1.001057259850942113963886076782816919940,6
krdc,2007,12,4251,10689,109,3.5,9867,-6438,0.345798191194602824932748251737148196096729792651840830403097045270373460232295275223308070670943569648640000,2
eclipse-wtp,2005,12,1797014,1029458,9070,20.,1750241,767556,1.7810804072500218854290876413432331653091429777145533365236328729310550265984148255723373142851462941632529674186337513229925313032000,2
fundroid,2010,12,33229,16585,587,3.,24294,16644,3.1756862743655717148702868079417688888179125367423122183326056603440808516842322722633680819684913526685995107103049624318012000,2
fltk,2003,12,67927,38310,929,2.5,446379,29617,1.071064540429605810797387177270945192219270922155555369732198709192148250414917430752147846918070552130693182199028271043586479091362622944000000,5
rproject,2001,12,291057,174245,2486,9.5,351798,116812,1.49710195496363216282889270980308570353514848537291018645203783904856864664369084813482131681151307429291482451644621612763659429183488000,4
tor,2009,12,230643,150745,2178,12.5,222104,55591,1.3338538132641739242062186379005929258754020116424704768343150980368041383449563573253209612123582678730218554710444419300339200000000,7
limesurvey,2009,12,912680,699211,2447,7.5,340137,107985,1.47716577185401780072616178273335394092594853940732861987573343742015949719425711017799912213642394612662461818721943350513496889135000000,6
bbdb,2003,12,1056,735,138,2.,76854,321,1.004194269138795790581522211630590376722672719007963900244099775614796008655139771855069360000000,6
itext,2013,12,0,0,0,0,164014,0,1.000,12
sling,2010,12,109529,82676,1822,6.,163767,26853,1.19613041763225527537308315933899957950649340606663833756864288449174314731983724353674544492740884513337723344850143371992215148070400,3
epic,2004,12,46007,26767,326,2.,57641,19240,1.5010286190420030614907619690353702850737880699995713733230127217565496802831602502690313075755149534455012166252310375191159699447360,1
maven1,2003,12,115072,106195,2379,8.5,87338,8877,1.49803635542279657908594396977580924751669001034471999533591781785459759868934085495449147285474163700201360691841778340724364800,1
telepathy,2006,12,171384,81812,5427,5.,97040,89572,12.9941081941550798793506274162096256315294991843102620238209722984019859076379867376237485865869720110638650553872701835939920,1
mysql-python,2001,12,9610,3466,214,1.,11946,6144,2.0589451912663980699160871914195219548070374211704769112523982572202586859362728670287674566305784556466200276491750699083846117728190464000,2
genshi,2007,12,8577,5500,229,1.,11585,3077,1.36165961440707600915262277247929183627404657506487679512001946706569341771352429084289099142947532700359560359939411530907914488295424000,1
bluecove,2010,12,1467,372,34,1.,68086,1095,1.016345479246357800328306061318663480683154772382695706559172573150574163762862013538098532585874099200000,4
libreoffice,2004,12,1431614,623823,28222,18.5,1051439,175427,1.2002563891510762621789314115624477751393206692328995669744782654368692350439534615935024704943587856353648250133644612888670185662695725568000,4
pygtk,2012,12,0,0,0,0.,274664,0,1.000000000000,13
phpbb,2011,12,92480,68167,5393,11.5,410843,11265,1.028192242817434408101876589241378348667861419410125597914218314811333411073700299473211042689768043873648148490831940721948086013492888503040000,10
tuxracer,2010,12,0,0,0,0.,27025,0,1.000000000000,10
etherboot,1998,12,0,0,0,0,37,0,1.000000000,0
nlog,2006,12,125983,77293,783,1.,69117,35816,2.075523257488921800025591319488223301735597922241461655124498435917465343903859061575710279360998400000,2
redmine,2013,12,5483,3804,283,2,87468,1679,1.019571273706512793101164782435202880,7
mh-e,2010,12,0,0,0,0.,17585,0,1.000000000000,10
fetchmail,2012,12,431,254,66,1.,31653,89,1.002819667975933049153203871586689958209896643858100000000000,16
viewvc,2006,12,11312,9439,195,2.,17956,1873,1.1164583721906370486394839599193747281061386846087968496292017049748030292141196722647498477261344999819739465024931640933665177600000,6
fcitx,2009,12,2273,1148,109,1.,17448,1125,1.068921154202832023671716615782836569912942031457767593126039797906211546843522669211170593865521491622157488215795451430160642184288236149669888000,5
pmd,2008,12,170788,146085,1070,4.,171614,24703,1.16814942381472506677457021795997181447356500321190238020771228639820728553708101551372735167433321357303163858745373218440840686899438208000,6
estudy,2009,12,701155,315996,1169,4.,1031043,385159,1.680873066938616919653870416924954077119404580831906032648365619360324948551175978744291128499193847434914178771877940799545747141154570240,1
pkgsrc,2003,12,202190,74648,9370,54.5,285914,127542,1.8053317507045271974626030611086375468484086601391751740916800308268284775766021625690502859129261559501867722444430738531242160947200,6
merb,2013,12,2,2,1,0,41832,0,1.000,5
kile,2012,12,64414,13961,214,2.,103634,36034,1.5330473372930347105280193193930400039471915133563996208556991372989338572380107725834838744018944058855990058447442245169637212160000,9
openshot-video-editor,2012,12,3182,945,118,1.,40626,2237,1.05827190080327785196727783807952638492364580790800565606466167165251165157439499698176000000,4
textmate_bundles,2011,12,1894,23008,78,2.,361318,-21114,0.9425586614898871722494527898144980572905379348440730401841275770093996156386619657613310258873187396692783068893270485904762193628660480,7
netbsd,1987,12,0,0,0,0.,336,0,1.000000000000,1
sugarcrm,2011,12,277182,146512,41,1.,861184,130670,1.17935576325200550119525075322708787396920949997445528754865271174792467728989241217049914400,0
lvm,2012,12,23087,12934,1019,6.,114564,10153,1.097240712187078739605614865047798273611824716397405554745595747186185022332471650459021485902485902020110418874877422210062658844462415872000,11
xbmc,2013,12,42849,146916,844,39,6851050,-108304,0.98443666322134354899239804541883260680,10
k9mail,2013,12,15554,10776,446,9,108120,3169,1.03019504339790296273536783311034908,5
bluez,2006,12,35930,20777,1183,3.,9615,443,1.0482991713930932850866684762992223802952662206795354776131996661176020100529030373313866406946560000,5
iftop,2013,12,0,0,0,0,6169,0,1.000,11
wget,2013,12,5,5,1,0,36421,0,1.000,13
dolphin,2001,12,49,25,15,3.,512,24,1.04918032787282174226424,0
xmonad,2009,12,242,128,41,2.,2002,114,1.060381355931080037509133938462301929492862115850499577160842120967146871078213020808555803080000000,2
jaws-arts,2007,12,8191,5984,49,1.5,11818,2207,1.2318033820117797390188630566296799223897029678900682226660,0
libphobos,2007,12,20748,11702,156,2,112486,9046,1.0879926851082795122174286127881786,0
dbmail,2009,12,12971,11835,265,2.,33654,1114,1.034234787952262045049960101161526453043352430585672495116871891321739580862198074891766174605556341920824835967902993063654508976171066474496000000,8
mojo,2010,12,95225,45446,1910,14.,520445,49779,1.10576289769174445782022845509627689218851660725176456187325084809718044479985286996040496884683568409138011128584822876210022242161213440000,6
cdexos,2009,12,0,0,0,0.,307583,0,1.000000000000,9
mpc,2008,12,4659,4834,149,2.,17216,-175,0.9895777499798828656676202234710471546162903744536283580385726552364367969936827457963704769061558382717183085457084622304706560000,6
wicket,2008,12,189796,179421,958,6.5,167500,10375,1.066030230712377553373310945008371091329837128893308024123246139399215305530315118927210164735305199947588005014230275301158388726785618000000,4
gettext,2007,12,44994,82618,522,1.,540509,-37624,0.929886678963717171267921255003669832916631919778129114815505906193861671373496184339774326458750187458375650400478299081616450734623648948544000000,7
darktable,2012,12,366537,133220,3248,18.,192686,59200,1.443492201425669994335729547498035420624360056965213507658905075375963137655054568491199997126592363883814531399473439344422819913728000,3
HtmlUnit,2012,12,331417,317463,1334,3.,671866,13954,1.0229979019045812668401237540271930146601666216904425394535057628576496096400879533370514025194513407046210011745223677196933247341604023705600,10
xmlunit,2010,12,13158,5636,192,0.5,25865,7522,1.41007468790521775440801413195801468773837200996547913485657430600000000,9
asterisk,2001,12,28938,6778,155,1.,58592,22160,1.60825647780449431887938011544687837003187629940268849296534768925964958236079616233925465219192710493962708480000,2
jtds,2010,12,216125,242003,32,0.,155827,-25878,0.833886446040185599428795603519307466560127000163238898933389198080000000,6
helenos,2009,12,235998,93371,1318,4.,263994,128412,1.94711687440028537959052161350512312698057875924551722303244210148583402648893483243470853890464983911791299565854313541994497206959378432000,4
luxrender,2007,12,1617721,1737178,388,7,329985,-119340,0.460021990203055977370253471763,0
freshmeat_apachejakartaregexp,2006,12,68,38,6,0.,4192,30,1.00721153846127245449207280000000000,6
alpine,2008,12,27661,5035,87,1.,449365,22626,1.0530206988312867708402824491107899923308375731281000178832573766841920995381196527285698281046016000000,1
ArcEmu,2008,12,3355621,3224406,2021,17.5,574100,131215,1.35397597452702621031646554650975050779617940023970842255409680,0
mpc-hc,2007,12,519148,332417,362,1.,526465,186731,1.549638835127234390720232205072730031861738374513989883432464945278040918398010070241794355991660800000,1
joe-editor,2007,12,1346,1709,11,0.,40097,-363,0.9909723949273891213671840091279487026983176418043200000000,6
fwbuilder,2008,12,283203,223992,1031,2.,505373,59211,1.1366358293147395405236108461229259197340705059827616273546716653423940806631349004668038982195635006182434300100860069816386582932013030400,8
mame,2011,12,805433,609233,4532,19.,1933003,196200,1.11296617981604017078262586809679023894799400382700103928295372221490427112876490560686713569779963990419421644172558590741131686511571720000,3
glibc,2012,12,622396,522747,2743,23.,1313775,9904,1.008523389852660334212022353961812094890644754400230712029794451400359091498149482522630776953127377051904858182025511225250595551874350096973824,23
linux-ntfs,2006,12,11033165,7076075,33361,456.5,5285563,493052,1.10287968039862686082244611254159274810054462497496991226398581960433653218917498481231837671360961516355739506121092031012137252993142961250560,4
sub-exporter,2010,12,0,0,1,0.,2235,0,1.000000000000,4
freeimage,2004,12,298365,284267,157,1,163721,14098,1.09422348168294048671553353057430072527517862859148655976035738883324208252818332040448840000000,0
scipy,2003,12,72278,50083,276,2.,297159,22195,1.080719657843915454588873106078476290245672200075042389687188136382989139741711690497996120709420291808381623035273434066862242390010431523735936447448960000,2
tigasexmpp,2010,12,49697,38382,495,1.,72332,7197,1.110493590238943707403510286649268703952703838381099348291579155980281703595248159022521590029802161897275507469399474561929910292715591243607040000,5
tidy,2001,12,7059,1740,390,2,20122,5319,1.35931905694518659706471572798697091835078942878318308975939049329604381191489600,0
sawfish,2007,12,231,122,10,0.,70897,109,1.0015398090075696625421822717712030239736000000000,10
game_0ad,2011,12,3285759,1307987,2130,8.,4023251,1468434,1.574770717436051592894829999656156967981769065441179676530958568644949696407313604467907272507354252491218760607339673355649095548728770560,8
nantcontrib,2008,12,1188,709,31,0.,34569,479,1.01405104136143819665323473048128099403877215433155929485941500000000,6
hippositetoolkit,2009,12,149750,105318,2015,4.,67601,44432,2.9177349043757112437418355510681298776255712367406867242784591995921952555733570201029525149670243977185472499930976498127206400,1
roundup,2004,12,15424,9638,879,3.,28524,5238,1.22494202524541986893900958607441660981451552182393579590695089528374971858992736424962463644706312544500418743187074888930295494991759664000,3
facter,2008,12,56557,5511,142,2.,28306,26042,12.502650176188522928695994120034064284989788518957787968787883046132751255516544034373793060494407123927435638279601333381945984000000,3
tar,1997,12,9565,4952,59,1.,14045,4613,1.4890797285334113823184974995537168555987397886806231378739285533140345301313061405686784000000,7
tig,2007,12,4012,1680,248,1.,7962,2304,1.407211028642277170285246610130654584222338672572556029141241055357307883014208993181300000000,1
linux,2003,12,5623571,4548612,22646,156.5,3854678,215267,1.05946296682297309189228721176622471580709138349759999257424914543070073850316146290003198729089034290460123279840367873447446439932668362752000,1
epydoc,2011,12,0,0,0,0.,19417,0,1.000000000000,9
seahorse,2013,12,71,162,12,1,53409,-91,0.99829616731233117343719300,10
aquamacs,2004,12,1512174,742844,16518,26.5,2195838,136836,1.066457439096916262609535899057382160845411445592939986897737681010688240115331100745796167883218044943111190145941900851255873771035124509176080,19
lxml,2007,12,9234,1471,277,1.,16572,7763,1.881257804536364079050376622295892243478896950420174321232446485447602046816304415508631473906641219796605798635836997836800,3
kubuntu,2010,12,4967,5669,467,6.,19601,-811,0.9581980310288021407950678320484500550554450520873181050477749198408977265965915492352471740223571226264446096267570614770525684721337444958464,5
ghostscript,2003,12,235827,81814,1816,15.5,962586,110848,1.13014330697743113008503960133598769555227079693327043889895724179482839875359762666264409081065465130640738954794617287247814656000000000,5
axiscommerce,2008,12,43155,18338,544,2,119664,24817,1.261652977909031532779525175520340170155138711222219000,0
cpan,2007,12,9242,10328,529,1.,18297,-1086,0.92577404136091927223552624217268692403097770068331720300070453606702142444616783285293739030617606173349294336451069606018252800000,4
hippocms7,2013,12,14023,14518,453,11,292445,-495,0.9982866458738423519283210453792080,5
ghc,1999,12,48967,34950,900,5.,126744,14017,1.1287345132002516244165471084972661075211325956209826410257673236975093669689984999679962035316655776270853827358257687013068872983680000,3
opentk,2008,12,183251,171525,612,1.,88320,11726,1.1560782121756521463632075913783730069467483112235403125288358296366036852681731724984798614695978116828173558886975048702734208000,1
KumbiaPHP_framework,2010,12,80775,83583,1767,2.,451005,-2808,0.99375907079141981350970409245133665801542999140555764440352081336884600269663500591593459426075204364874752068782229616640000,8
gnus,2010,12,18892,25449,1498,3.,131149,-6089,0.952179000859289235795665863135412855475089789332151095047398079798954215993985404164419270832744637757517668178489375481643085919336326075926336000,13
epydoc,2004,12,2351,606,64,0.,13094,1745,1.1537580403567038067432240003253509924294070400000000,2
clang,2009,12,357892,212986,13133,22.5,264625,144906,2.210384316571018816973924927618408308697202839327429486230091185145678545429682164382281190194419407832192078235728287689984378560,2
trac,2005,12,35493,28207,1302,4.,21371,7286,1.5172878948751498979199334519284261830105622301109751867315833943140759518060824976270522283876488126649947470825064542014286683520000,2
wcv,2011,12,730,291,49,0.,12268,439,1.037112181924733468235191240821902196000000000,4
opensolaris,2009,12,2301038,1615557,3993,152.5,9883535,685481,1.0749399862167609049035168168132274139021521693751543024934946865684986711141210114437079918316986871848210614592312769398861394045224412267520,4
sawfish,2005,12,108,41,12,0.,70119,67,1.0009564323645163668197208433466847995625919878236412800000000,8
xfce-terminal,2008,12,245,25,9,0.,13050,220,1.017147310990010302408847607871979142240119965286400000000,4
Miro,2009,12,65912,366412,2766,4.,269354,-144750,0.444925913419359501807172562593172712724129310496365420314596460135597031507857530440665958489598597117113650290537075325638332115798943248000,4
agavi,2006,12,268722,28157,1534,2.,250176,240565,26.0301737611599654662385575470517676073805354048461059179778279807649820235330170112154707442344361132857926400,1
umbrello,2011,12,13011,10313,169,1.5,201232,2698,1.0135896118549343465114973178805597259916230533743864944284887196233174912714953563429170241909499384576754009426419661287256473600,8
dcmtk,2011,12,46982,46912,630,3.,325906,70,1.00021890118253813915025019289361448789776282966973405464991932605491633884336281555138410973933388477952261449593739431532732772038792501399552000,16
commons-lang,2007,12,2566,600,95,3,52361,1966,1.039095591301019260018434024532558129092992483654910764296800,0
quicklisp,2011,12,1922,595,90,1.,8822,1325,1.176737361602755152918865965467615044097827495825231947976689086000858457021127588304206225135771536573216000,1
iolanguage,2010,12,347419,329484,612,3.5,187238,-26001,0.86078450270298753668842499178290485371330009736843046297864025176064000000,3
game_0ad,2005,12,805973,410474,1798,9.,542462,395499,3.6911467512174674591497664754905366400863358921689894399080804753252777982829925760558815088974923791548098300235857625635052584960,2
diffutils,1998,12,1194,742,43,0.,7380,452,1.0652519128010659267788000000000000,6
twiki,2013,12,55074,59337,263,4,1926227,-4263,0.99778563054487809646377997552708384000,13
eclipse-gef,2010,12,107409,55463,643,4.,238246,11871,1.052653055791371401738771147793067375262172213426743862857806053491381450838927470803885481412631937246964006827294205159817856931149611872307200000,8
inferno-os,2013,12,4,1,1,0,1185518,3,1.00000253054579700,6
xerces-c,2002,12,331352,238305,1240,4.,295419,93047,1.459781985714831799051979419373574577190849170960776879912973926533976791931944101552537566363592754669745684095845477315092230785228800000,3
testng,2009,12,15068,8650,486,1.5,181934,6418,1.0365664668778610196710516310963737112229494248806667896742759922174845220941668591167708047856440220960903639807518735995619902633620480,3
devhelp,2004,12,2685,10361,82,2.5,5603,-7676,0.4219444234932283605859807820720883503004975476481514070545536972580403260739759778477837830279976960000000000000000,3
sib,2007,12,4,3,3,0,1718,1,1.0005824111823000000,0
mockito,2009,12,695493,16485,540,1.5,43145,28842,3.023290073639204773467538432217547007635790941153308094451574249200098735391437175963199208065613214729152596088353734269600,2
bugzilla,2002,12,47087,58822,614,7.,75900,-11735,0.8442931825606886300070024815034748664109870819775393010564115098380636977118591633251802839853442636876631738790377482485480724795228160000,4
fail2ban,2008,12,390,208,41,1.,4444,182,1.0427029563577997840181600438104022524036038677198527757470807674677236214123611712000000,4
openjpa,2010,12,93554,31678,1218,9.5,472291,61876,1.15076447011558214297386953454531761634640688458336670690492038373173434025539407716666273108643347546757482317738576348475419844113052160000,4
wesnoth,2010,12,1047330,983551,4489,16.,266213,63779,1.32047655176788943020493146230806510775117105652555564663238835562646422982374009958216324791870949377688309951867852957926077325773680640,7
warsow,2013,12,0,0,0,0,999,0,1.000,3
doxygen,2000,12,108125,82223,228,1.,87085,25902,1.4233528920523562375723748891850363372459842313117864704289990102153765643907231176778114119575760584939621745895045120,0
docbook,2013,12,2050,85,27,3,1385766,1965,1.0014200018642629378029244471673446707300,13
cdrdao,2011,12,0,0,0,0.,91723,0,1.000000000000,11
xmms2,2004,12,45559,29118,734,4.,21664,7102,1.50119971777163590921164169214456212866051960010657966451058590053778615394740019473048598457310316622468534589388076523520,1
ghc,2002,12,24211,16853,845,8.,157225,7358,1.049096865889917975409218081828437050291156664494321419387395752269321479284995732723847541661522275240762175751691152234162957213382620224000000,6
audacity,2009,12,34888,22878,988,9.5,153371,12010,1.0849597838100695307897271119103290333685868819266798037521686688943387626520272566283468094735916501325817209773405683855539410915324399521280,8
factor,2013,12,3026,1893,246,2,732460,1133,1.001549238575896536307205858613909430272,6
djangobb,2013,12,1430,415,12,2,9812,1014,1.11525346670447225426940,4
cpan-mini,2012,12,21,4,4,0.,894,17,1.019384264535552134802990000000000,7
seqan,2007,12,122176,70473,719,5,100233,51703,2.065382237864636608967702192721021057139323846271543098375543306360396401196137957630295883776777592360081684450868920320,0
zeoslib,2007,12,3720,7018,40,1.,288508,-3298,0.9886979705712124549028427184564759304712189174538295118159082684072874467529612813398885009830559548601347161456640000,1
telepathy-kde,2013,12,25524,22896,836,13,131214,4681,1.0369943018800821365865481117974462,4
distcc,2011,12,408,169,13,0.,37446,239,1.00642352245548287649473251298906551340000000000,3
debian-installer,2003,12,65413,28109,1970,9.5,60661,37304,2.597122918195512533709404785034139376192692927685142409931886298894515111901654602906369991886274745029100918696968248719978266880,3
colloquy,2006,12,14788,13508,442,2.,67949,1280,1.0191993280223798596324470137743190648911285697811261203550518885478014468246925370259451135820353588178693951955365181219484401624394726266088000000,3
pandoc,2011,12,16704,12880,566,2.,24587,3255,1.15258766172910739288906467836578971000458769627900783509957263246328876309878805746048611569984717175703539436478994631493866127360,5
pnp4nagios,2012,12,5180,1984,166,2.,59349,1025,1.0176319818340639728492833293708712856129712289192546636237502038304970520401271364614106293357807323770938991504648493665987583298764800000,3
privoxy,2004,12,120,4,3,0.,74905,116,1.001551030231810633104760230000000000,3
ardour,2011,12,3921,1947,177,2.5,359873,1974,1.00551552253570569607252637393118518375081093517192212160209389241226510034338749732466608650117484987616145964527471462589595415616303371075584000,6
gtksharp,2013,12,0,0,0,0,540101,0,1.000,12
rsync,2007,12,13188,5831,553,1.,41560,7357,1.21509809082201022328149911343783242120689605498246634579620878713659761570193643441812706588946787453616301934538519760519690697899112256329920,11
gnumeric,1999,12,215349,125721,1761,12.,122697,89628,3.710332940540643276259285152817073669434449929583847225140458441247541976677310561760415581192246325125559468107530737471488000,1
ghc,2008,12,45539,34016,1522,10.5,175116,11523,1.070436999144486578952741890789484294546304349775509160999144060226601511523130639039071728259591400229889848404928768793963712622297139200000,12
freenet,2003,12,98144,97126,173,1.,59574,1018,1.020144454311248896626346254973303407270805307403246090312061836389026668502514470434866529319027241092848635925467449759153679089903595520000,3
k3b,2003,12,140363,93580,1201,7.5,95256,46783,1.96513522990087654095990022623369813681020763096983651406579914945460653774763715117715001709781421455314932481666299671303472021504,2
kate,2013,12,11070,5331,300,13,339967,3641,1.010825805913946017663711100082030940,8
svg-edit,2009,12,57379,40236,1058,3.,24285,17143,3.40030803707615779528439150346004010403527749062233803164969151676327990400000,0
valgrind,2007,12,43282,16832,509,3.,286121,26450,1.101859660884039403539502286339574783094067428670673653409172396003700310841378329862029952430889149861423561113915172491129602280240920819648142608,5
jonas,2013,12,10172,14553,128,3,9876781,-4381,0.9995561057149923451543215112343922456480,8
spirit,2012,12,189622,897422,21,0.,942430,-707800,0.248962787700000000000,11
mplayer,2004,12,127292,72686,1845,21.,436751,54606,1.1428934043487275937212531534270993843652633977178525686550794303365571104862811620353565046779505883827225302012946398748710419539513466880,3
sane,1996,12,0,0,0,0.,163,0,1.000000000000,2
swfdec,2007,12,290185,229907,4878,3.5,100995,8975,1.1128945017689547537306228213155622443960526601383970766699045438051279104312607279947824115186622636744314053899368502751888000,5
SHFB,2013,12,45286,5557,21,1,335545,39729,1.1343030803080904543749007289399936,3
coq,2011,12,48202,33795,1041,7.5,345348,14407,1.043533439497546749759642451825900692921855528311630263147157594509208574469669584536251475600142576514248286023177804353323870886759361959696640,12
cvs,2002,12,14443,8072,247,2.,120722,6371,1.055714423133641871692721046749530840126924632134389334564679607968486567299042345285107975093922596733515441369151230542053709679483648772125300736000,7
R-project_,2004,12,142102,147524,2568,9.,514876,-5422,0.9890492078827008092428028305901634577694415270847545132322539686029670185560739807565322578345954547212782551227237111660451465230217872332800,7
bbdb,2002,12,8506,5512,309,2.,76533,2994,1.040713091008500480979578748949616658438500363915268903887468458280552954254985541590799372212435139697101034593819902278175505639560000,5
struts1,2009,12,30,27,3,0.,172008,3,1.0000174413534500000000000,9
sakai,2008,12,1122001,921358,5283,25.,1373709,200643,1.1710415270717511663750187539577026823296741672812893565103004086353167052854473998462356478926085174965672094340218253638665583577073152000,2
galeon,2001,12,166193,116306,3123,9.,72319,49887,3.22392118402896757497586255518416424270883246280054941556988238937423143942066026433041743088657517419751557572508130532777656320,4
mondrian,2010,12,114300,98039,107,1.,1024603,16261,1.016126472963143625317208614444700487251649180424900844612892665743267361504805027160314937089834306444744650450908664713043500244186942009600000000,8
mediawiki,2010,12,330046,234451,10722,32.5,724894,95595,1.1519071220427771883118509404052059560838811853876257944151919730103553904783620640683641713153164022227661183657749067287313816627977118592,7
mutt,2004,12,2679,1545,109,2.5,73980,1145,1.01572046406177961286005932280254903119291372855312774303182882047405250942432071638903225957518025002069376225280000,6
rapidsvn,2004,12,3960,2499,126,1.,16093,1461,1.09984964460917868991990752993243944357454809825488231347497170814469403461391515537617648635431431996766583055656307291937419673600,2
libgcrypt,2000,12,17763,3509,146,2.,62618,14254,1.2948086866703496574498828105920369091230048470082579147921639526744251604149158933536914753261133240569600000000,3
cs,2003,12,346022,227910,3388,17.,459877,118112,1.3455941948367690756499022803933934995073789722775308973109565908873288637685354487573569077778466217836641206610888715805812118455360000,4
modx,2008,12,160291,152840,118,1.,145403,7451,1.054139086087305475835067252643422801898690163394643766068634788315188151123597365893227411204204800000,3
utorrent-client,2012,12,0,0,0,0.,2588,0,1.000000000000,5
putty,2001,12,31785,13351,467,1.,37752,18434,1.95423956924907458409872335669731607344947725832553253464421470187277375058226457949904056479559909475976681268901951720964206256246400,2
jcal,2013,12,0,0,0,0,5343,0,1.000,6
nagiosplug,2008,12,14901,5208,245,3.,82610,9693,1.1329319637493050451428017158233709525815586455736222794621882088494954897833010934662397490442491042290654378081326046398972997970053964734778572800,6
nclass,2013,12,122,24,1,0,50357,98,1.00194989952000,4
stxxl,2010,12,5335,3585,414,2.,45461,1750,1.04003568895554619262788618428296375281206442310485282433196595342221791906631130199367731883922843801845507087877211244776047453470561860240811264000,5
amsn,2008,12,148789,47762,1294,7.5,285002,101027,1.58930206786392521380175656089783921404430153625672332263544985505444314953653087731869382637366976779487162560454178960636355564496637440,6
nautilus,1999,12,41807,6548,169,0.,41607,35259,6.554347825845046407402473353468590729444217600000000,2
reportlab,2007,12,7160,4350,316,2.,258310,2810,1.010998043051403289945094312559595720007596863907406984962672894801825618128023402099067523748741525868920253149702882342035103322131264421179674920000,7
homebrew,2013,12,16379,12415,2539,195,79177,3964,1.0527036549574275180385601262968969,4
perian,2006,12,11952,1882,165,4.,13196,10070,4.22136916231820766997572358190228825771580553538876792363244000,0
yamj,2008,12,18203,9808,361,5,11442,8395,3.755169018900063418571920228913634384611502630311809054457902962319411200,0
haml,2010,12,44105,45046,1128,3.,22945,-4296,0.64185077109423043792773596421857580885362228321773889629975176866538790612251865724211957071293923728433015713708444297705234916304896,4
eet,2012,12,2750,789,108,4,19719,1961,1.1104291023817075805581586801364175989162104744981191832054062529461654737698007958213306798496862650559203200000,9
kerberos,2009,12,122185,121916,911,6.,470861,269,1.00063012710063387234080440006486311133952984785662809743586162810882269400223957272796004092033252046260798153653232824262576863128087549132800000,22
gtksharp,2010,12,56059,44118,39,0.5,498999,11922,1.0245144203698724307809162815968791294833268797097280000000000,9
reviewboard,2007,12,31483,12941,1230,2.,19371,18542,23.366706883187243246836859316225604103253661452927767234102147839694951893530441595303517360147838394411638547893244402728960000,1
xwiki,2013,12,64545,38044,802,9,676822,19753,1.03006229178691722368844636103285797,7
xmlunit,2011,12,100,8,9,0.,25957,92,1.00355693021509494233096219050953334757747861574096000000000,10
xchat,2003,12,15631,40006,494,2.,73920,-24375,0.6449225748985393798620552603025684107328211818304859899504233698626366194075369046656205386099404840244192711786453149895633742903193600000,1
firefox,2012,12,15347956,8302507,55357,284.5,8234893,2035632,1.329036603523217372136944218111904276670315620938741469389942730281051131210580424565000798346999849617725608135278404073677595611538000,10
memcached,2009,12,25971,9097,1027,4.5,51798,16874,1.4831634405825494810090556481059271203212951016611379720824990141887630829835463399030007451205261122090262532746943571245915586247065600,6
jboss-drools,2011,12,1454407,1727018,3735,16,828847,-257520,0.722145196177798571359755281784220469980925623123709952448775523366796573244920536476627665613076000,5
spring_net,2010,12,507991,95035,304,2.5,1760908,412956,1.3063580898937655882834822366864425032628541703125355085575345854970318349011997993068105968382091780170428735118037362278400,6
planeshift,2012,12,49000,49044,705,4.,1089414,-44,0.999959394350644239264182897905076675565543852032266529925494428156496382101594442737907112140368425518125502459723718703310598213970637755582489395200000,11
glob2,2006,12,25204,11299,293,4.,79000,13905,1.21361087639698846648486863867351920720067851836957722689317341965371873555123104323370244090619939257613128424660349042202664239424513272560000,5
atheme,2010,12,91343,77152,1575,5.,107181,14934,1.16189144362312288680918204679622130926080573412885684330417821977224813981078716581386283779654648715851133358251352152318999586593177600,5
django-registration,2013,12,0,0,0,0,261,0,1.000,6
clutter,2007,12,53010,24001,837,4.,41918,29009,3.247191881630802307493388413271072433247362902811207399404424498042666357762120126921594867467363439321724187579875253320294400000,2
phpbb,2010,12,393864,140433,3782,8.5,399798,14913,1.038768798826676135591069722675833969210013965299241520322838235813786029178949478380105450599586400654059179477243477455878902033468702052997120,9
jgroups,2013,12,11260,7932,91,2,117549,2504,1.02176539614853204301155544992926720,10
bazaar,2005,12,315124,170491,3024,5,30121,27403,11.0820456237072836136809026820149330433145812646889682798876889805715252634067181367504422400,0
libjpeg,2011,12,0,0,0,0.,58006,0,1.000000000000,5
performous,2007,12,10997,7260,438,2.,5391,3737,3.25937122130657184641449495069726737681945635228417177293200719776321014530065143481520964875939789080680983328865036469760000000,1
iolanguage,2012,12,25726,83117,72,2.,213407,-57451,0.7878925488864128534726052483396625967044525549921603056443120553314128517491051504173893836800000000,5
gnuaccounting,2011,12,17605,13663,262,1.,28441,3942,1.1609045266758975029905577716855931401412574699734334426207121368449224076190912222373288409225045134353927864639952713682510848000,4
pyccuracy,2011,12,269,58,12,0.,14562,25,1.00171974960400000000000,2
phpmd,2010,12,9350,2150,439,1.,8779,3753,1.806923242267312217263394551927880613383917342864858402418579764916640377673719125649146076767002620773334991213325440000000,1
scikit-image,2012,12,57458,43342,1504,8.5,17978,7644,1.73969421328177709482867629205339461456889852765322305464618176477993904069102731280940289780297596392840465976337166150116141048463360,3
nclass,2012,12,1152,30,5,0.,50259,1122,1.0228341168546223707348280000000000,3
sbt,2013,12,3675,2032,163,5,39429,1643,1.0434817128099711664896954843057513,4
linuxmint,2010,12,337401,33829,580,2.,421538,303327,3.5689567562000570285450029337409712758218710331807412293695641883716748454991871248941150962744230399740953300266045979871328000,1
yasm,2003,12,92989,36003,281,1.5,120033,56986,1.9038653701351476999815538808917567701525277770885795103933429516723756416215554141424204616493199190111091501595457439514290402631200000,2
py2exe,2005,12,2497,1325,102,1.,5334,1172,1.3005898949609043576786392955003797681209362586651664309352035231076268772005791094672896000000,4
cinepaint,2005,12,373052,35859,505,2.5,711317,337193,1.901286739140042225207272743937355074982729619995771718769775974043151669591635005008340043414858896219625104083810716496525311887288304000,1
liquibase,2012,12,39516,33045,369,5.,67240,164,1.0024449877793239390273555519369099336095352299238275998976901398043919520195906380944659271642972323361275205200000,5
kubuntu,2006,12,53192,51245,926,2.,15046,-5171,0.59724277586238577882321369840562814840662592433232587532009828604892236130447436543513460886466913225599112908242944000,1
padre,2011,12,909642,775541,3598,8.,306894,134101,1.82605535318098735070047885053893821036004149906518238840891564977791531995898447284627388267308675992195789496766003611645163212800,3
lambdabot,2005,12,32941,23820,749,3.,12588,9121,3.630804730165937335325688700061343704231226204949927352899108646284777748885501154770754385800929900462595452208170268672000,1
org-mode,2008,12,105832,171518,1299,2,75483,-31977,0.601249485563224103442266997554862196443548643725805681345602457091377113128114038268486713227557058899004688000,0
commons-codec,2009,12,5000,2951,130,1.,11326,2049,1.22103559871880428236609162807413100767396543044886820646624108661856000000000,6
util-linux-ng,2010,12,27325,14748,735,7.5,97282,12068,1.14188966749656954132440388109536110392636851603773026064997730158557401916323176728989281057595785774937225311983415411409739604804118113024,3
Tulip,2010,12,312091,46616,1532,5.,1231004,265475,1.27495290147211197301863817363240686611187876965110094140315005749873417533283465422354334326528006798269938631228627547249948358430267076608000,5
infozip,2009,12,0,0,0,0.,786,0,1.000000000000,1
aolserver,2008,12,2389,1602,43,1.,227319,787,1.00347774596018994656367629805687855678496910702001536606246383841678548992000000000,8
gtk,2004,12,61807,28363,1743,14.5,394615,33444,1.092598796694626455586824206661037059484833998726536500396389311963824816579730799721178893542823184725286899470419756371232283619419225600000,7
nitrogen,2013,12,0,0,0,0,4297,0,1.000,7
zsh,2004,12,7042,3387,206,3.,86206,3655,1.04427565988975305817677710754390690139964783887799220164963330435939950954717982977289726829785565972077414026523832215699021285959388882150604800,5
sproutcore,2013,12,8981,6427,125,5,196664,2620,1.01354761314005922473207603132302650,5
arquillian,2003,12,0,0,0,0.,2,0,1.000000000000,2
stackless,1993,12,32623,9244,302,2.,101728,23379,1.2983956400273153578697768581464576667122022358687569217455252744934109629703611286947789210367359115444185936074913447824590450314208000,3
opensub,2011,12,363,282,2,0.,11624,81,1.00701723988600000000000,4
gconf,2005,12,2439,950,69,3.,36886,1489,1.042065711779202223719269977082153362591612417598492104677285611880359519282813095909557164056998519610468134397478155050000000,6
simple-build-tool,2008,12,8084,5632,48,1.,5551,2452,1.79122297519890024594,0
slime,2012,12,1685,967,94,1.5,43647,718,1.01672529059535701239907554861404189149378490634710978344180576002980439137733748193830400000,9
python-ldap,2006,12,322,229,31,1.,6843,93,1.0137859472271353978731914005324878437124095284800418706649005528710466480000000,6
hurd,2006,12,89549,113592,366,2.,733160,-23929,0.966905607200557972005445626067850162764663435534689400408485149298486414478576052074124047259689996212197938153971090809828859909282701921577984000,15
virtualbox,2008,12,1335342,683014,10142,2.,1360199,652328,1.92153513842522740485979418917742140837325699720656526205073624228949562021322446708573455799459074664613492168099680173603735470080,6
zenphoto,2008,12,129414,108255,4728,4.,55576,21159,1.6147833920059714408803405313587921632102148690500105155302826387921573742564810531352968382433901449252682821045525689066651648000,1
mutt,2009,12,8554,6060,411,5.,92445,2406,1.02672175390685818771816877362242705951504355963857305027579594783164148429815889498525066149460089399666203980127499128898560000,11
blueman,2012,12,7,3,1,0.,17639,4,1.000226821661500000000000,4
php-doc-translations,2012,12,638912,243712,2612,18.,4258744,395200,1.10228950414124165738647229424273135456510609993801646114412955387015405281532028963605407465952875059294687378290162065361109847152920268800,12
n2cms,2011,12,339808,300467,954,2,394306,41006,1.1181283146663288954079872386646544232732757961808200554053115930568828666211506295203762390770500219848704,5
cspspemu,2011,12,13568,2565,65,1,41038,11139,1.3725542660,0
openoffice,2009,12,7213328,5633094,5757,16.5,7601816,211661,1.02864094190192364486613369934629413549569350608533380569562883336531941542288553479205276729188867735860790754625022299706690702283928614787052768000,9
Jitsi,2005,12,11305,1133,42,0,10378,10172,237.558139526271221412000,0
noosfero,2011,12,322569,167664,1663,6.,396527,123634,1.453049363612138540997562461662640035037984966029735757043764304222526705858786668193894867203216159585141007467478545209120000,4
fractal,2006,12,85729,30156,677,4.,158957,55573,1.537539657989216159168057546804889314718347435069317740581429438840088787462510652313863692801964573509234437541611791208712143972000000,4
debian,1996,12,240774,148964,2306,8.5,24318,3783,1.184222059907432744903464871636250058530724795643969894670000,0
fltk,2011,12,1027326,952010,1698,5.,1041688,75316,1.08039726814847802044500024720299589143586566677037663462856935389244559402476357756407412781529849342268917460369975871178775799715714856238448640,13
j-wings,2004,12,62680,25113,275,3.,82902,37567,1.8830567438968743864491283763127757096996846551711283549153597106388684787007719118653579014128562292934627758083456699085800180705735518093250304,4
gnumeric,2013,12,11023,9718,188,3,443051,1305,1.0029541863415673565330404438344043685,15
rproject,2010,12,93161,96820,1834,8.,650262,-3659,0.9943644661040686076797783995543245060640573083206954685409595895767709838750636007791771210134592526905154543196444263669897543462978235997686748000,13
gstreamer,2003,12,211560,115792,3737,12.5,334503,95763,1.4011183714354915221724792080547930581361044141710659935717493539579923707549696835372715070445004880032655330266982746550806591379200,3
fura,2009,12,43242,31019,139,1.,288911,12223,1.04417611172218066278964901882666319946309087011743613695715545149324417404058372165633061000051683660180719360000,1
tcltk,2009,12,208062,106997,1964,9.,1191464,96498,1.08812876382046124280164651153562486590211370193481280108401385831444331570252976064290585783655662642697854130893486786375927870112525777650155520000,11
eiffelstudio,2002,12,581741,1448894,4898,7.,3991329,-867153,0.769296830711283984149483615180278714457919685642827605548271533112169547451617814206590251211039154783215617750521020910905424758716977440,9
valgrind,2004,12,260228,101718,1937,4.5,226474,158510,3.3322641398515426127086609571887520710709023967275476922138496147065056421878268269263615214488263759870247443601937110002669900824874944000,2
fusion,2007,12,33260,20029,818,3.,23761,13231,2.25650522317429125126557354856793243968016403712771336276257396011179242506526366906355918082087278657639341362569438811099200000000,1
Test-More,2006,12,718,656,84,0.5,8318,62,1.007509689927462626891473103587420817071349832072464129056000000000,5
xfree86,1997,12,225292,140727,490,2.,1241057,84565,1.07312199307076704353942435547685597326860859779198253995497199961408583651218339386391855304900337630572806784772644519666436760830132103355520,3
eggdrop,2008,12,7246,5497,68,0.5,209729,1749,1.00840946244749244467451166093579757142021788362068537366366795195768345600000000000,9
sqlalchemy-migrate,2011,12,531,498,59,1.,10597,32,1.0030557677617303219209460188212393159233004871575191037057855265070318318684070316000000,3
codeblocks,2006,12,269816,230979,2023,9.,282831,38837,1.162485670521183097829873918764822594196336188957614182896894309165897320714173987207846247729343444026096549286635948291818491075200,2
R-project_,2001,12,291057,174245,2486,9.5,351772,116812,1.49715696287802197825447936805713817368746205303633617491938004207590766681345599201979088946422492145302578737227966926680281467608728320,4
gzip,1993,12,5802,0,27,1,5981,5802,33.4134078265425761609676588845868791091672843006178035011808000000,0
skype4pidgin,2012,12,746,854,14,1.,11492,-108,0.9906021580227960219884190269018689970966541228716878172374336517979234744000000,5
gnuplot,2002,12,17433,12049,388,4.5,88727,5384,1.064600506345203157395329875142075233134498070838462443409175650018946673648727960763770669483221322314551029005573753598828963248204185600000,4
maven2,2007,12,659865,460876,5758,24.,561655,198607,1.54705438400984398934916820902841360256897774650047795173808266294466367023271816216934009957799619475113259272933509590167357187750400,4
rekonq,2010,12,50320,28556,1290,8.,19335,10479,2.18326558266200842857064671198492524019809738834673783433309836151071371206419734423752258555747254155409178771418504825094144000000,1
axis2,2011,12,13705,5283,445,4.5,422330,8422,1.02034751684010513167356018583335752123587157911475908168736090162976167312262660417390509997288665599963380775650045831576491986575601205024768000,7
drupal,2009,12,256354,116413,10510,4.,530668,92581,1.21133016957579355703028959062960945775376264432753451156329711828015859392376937748514966730710389548333701935746532616339526331301248860160,9
kvm,2011,12,61496462,43344940,68986,790.,10668111,848756,1.0864370419496346726132626702841184462326692705188735055996464987884692520997469106102122961351613437532480524735040696552940914426799274240000,6
go,2007,12,0,0,0,0.,7,0,1.000000000000,35
gitorious,2008,12,228328,84756,618,2.5,230671,95434,1.7056796585888465786248824546211439006173391582866972972621613000459176792713932477293469399706920797086768577983645416448000,1
virtualdub,2011,12,0,0,0,0.,247149,0,1.000000000000,2
mod_python,2010,12,0,0,0,0.,26027,0,1.000000000000,10
gnulib,2006,12,40947,17113,1128,7.,106914,23834,1.286880115593813554351149667264528772758475000390435105511309002579384913899756204336256460612552913300852285725189413224915469538082029568,14
camping,2012,12,273,206,31,0.,4212,60,1.0144508670542460131884610000000000,6
KazooPlatform,2012,12,1114470,853552,5020,3.,266924,63809,1.41031032571508644763773438106945790148215972142083356659502760152105424899568895529397597891638710148493235602186505548456074579116032,2
banshee,2007,12,221473,170521,935,3.,152137,50952,1.5035528982115321054677281153585511645352538653685663533201230262949410152741432549107489377894756271007810105485330591093845845408101560320,2
SharpDevelop,2013,12,143821,1410,64,4,1075931,142419,1.1525638883625715135398520329378757600,8
commons-pool,2013,12,81,35,15,2,12302,46,1.00375326370800,5
aquamacs,2003,12,934234,885434,11760,23.5,2059002,67492,1.03388986246566087058375662099387199440281452480936456461879574424949422766187199078013012035230522788646428751229921692900373845106816269542720000,18
haxe,2006,12,39061,15945,1359,2.,30573,23116,4.099906128716036448858106434351421521420827069906699189669172399210541044036804618228825962847193845395891775436065512970240000,1
mono,2004,12,843429,315523,12377,38.,1553669,481258,1.448762647913103926398072409019053150802061902494964035557520431676028790636046330298279304881810305638610250239621563395766208640000,3
yakuake,2013,12,0,0,0,0,6117,0,1.000,5
evince,2013,12,1926,1193,93,8,71462,733,1.0103635001198709243741510033750673110,14
dcmtk,2007,12,10596,10429,177,2.,292237,167,1.0005812536951633714857796909122200701829825006271935719549766334209481290827966281385945464520302567329426700185398055109449154542901984000000,12
telepathy,2009,12,586080,305173,11791,18.,454304,149516,1.49055737104872407519326093394656071750854694415896538227709378808365997467649347676954286893925530362021886330398236199519807534080000,4
mpc,2004,12,6718,2950,210,3.,10855,3768,1.5316777197522137370219663473231646945120056323843651805689844962653134355208424887317559604080192901530536571198302397974280372961280,2
pciutils,2003,12,1209,515,59,0.,4446,694,1.18496801703428296668100000000000,5
commons-codec,2005,12,106,20,19,0.5,7852,86,1.0110739119286491619942025318207558160000000000,2
opensync,2007,12,225497,315979,1481,6.,189788,-90482,0.47304112844768491274619184141697947120633854788121305411881534254813836241537451262621727725100789751760752174407621271186636800000000,3
struts2-jquery,2009,12,9009,6100,57,1.,6981,2909,1.71439096261401734043103605018362083298400209750130000,0
eraser,2010,12,188049,177575,665,1.,175751,10474,1.0783424959825562770669036320328268501111557514959114259069158618170246184227574392721245164897946389102984583395198400,3
pylons,2006,12,4980,4104,433,3.,4083,876,1.31842966192529860301609207200296172236714544046449992743022572531295769213193845163530891593139200,0
jboss-drools,2006,12,816503,509498,2241,6.,349265,307005,8.26467108363351850664204687100787928374785936516311239556716886049337394964437431886223171093978230996470462509835527007481364480,0
lfs,2011,12,45680,36884,779,4.,418888,8796,1.021537180773493959926409762508555093099850858378313269626292703164675657165683008373658046879435006363000539060970266806173929172610433546956800000,10
x,2006,12,1123357,963912,6632,36.5,2118522,83040,1.040796234010854104306717603588447630688521794223707073304964528378932132770750599527401325688954330686398805570151195721208356358697726771200,7
MyGUI,2012,12,486887,475786,911,2.,201840,11101,1.0652021967035109047782669888695100152928930357425405094562535015355869009555551806731115126203914025307013198702838067276800,4
jnode,2006,12,264637,85064,765,3.5,725727,179573,1.328795541225065761699374965333215320840434987849161022623975104641327781152114235151963511531379950126221939936957411954704394153004160000,3
gobject-introspection,2010,12,48329,33443,904,7.5,46023,14866,1.477131944578858366772164257934211436263098613206569166622474230308138028733924712365047467807187994047284307342508901191004799680000000,5
ramaze,2008,12,28549,19764,776,7.,27669,8500,1.444026537130560045157004550549945294140384300084909346216682816770686947144100882444357958749351826702286196950069062020727383223607618560,2
puppet,2005,12,95100,56952,772,1.,43380,38148,8.29128440473132097516015121795574672450440032269851966875043352987443840,0
connman,2008,12,18894,9237,817,1.,11333,9657,6.7619331733640311142155520759018625952867250076041256991333156943074485113991429966088492617473666134545190402560000,0
jbehave,2013,12,225,80,19,2,66341,145,1.00219046468066268552152439512611401206,4
moose,2006,12,11285,6602,185,2,6769,4826,3.4837879575655234213460900879786011991444991948416619116692003567727656106990094000000,0
eclipse-mdt,2004,12,477139,176509,412,3.,300726,300630,3132.562499649308014997268965666819778711657369617353861605430833874439389551459252073184793049934693883288732361777152000000,1
maemo,2005,12,313565,523540,299,4,1136153,-209975,0.7488424445100292105261134482489617446122300937161106240,0
freedroid,2011,12,59104,51282,2224,4.5,131741,7822,1.06312187800121298292353519463988556123652713532262145320633887563016362622403355657447592638137768192281562260948537505094364438719493716074956800,4
qpsmtpd,2010,12,538,52,26,1.,8100,486,1.0638381715470089900308941741822428968665364067179384685246948783035023360000000,9
dtc,2006,12,44794,22374,1433,2.,57287,22420,1.64301488507950810214869674955324666720357772318602444770786520744576360690731013265182444192335075842033652741903889770504960000000,3
npgsql,2009,12,11361,722,78,2.,69734,10639,1.1800321515973860613271290817949793947940788644145956625155321317643678347400168860200902255276351633023486876996229139420322204662720000,7
shorewall,2004,12,2481208,198018,1280,1.,3012296,2283190,4.13149254073213174059787546148255948382965175637313581826601891208813712001309055375567448835669885943527099830472893337351634073720832000,2
storm,2009,12,5056,1887,167,3.,21016,831,1.04128372000117165814882330473296544578453507030605759123077104840198024795328225812046277472137522735554560000,3
R-project_,2009,12,115307,92839,2261,9.,649247,22468,1.0358467657710370473051248075917408353370912450442768121739063468966410996373969637796683987201878865232778042707865660476449939714432026570444800000,12
sdl_image,2010,12,0,0,0,0.,23418,0,1.000000000000,10
pdfsam,2009,12,6653,3106,141,1,24225,3547,1.1715349647016167810191420430910797568200255643078379571697882505000078944782676576800000000,2
firebreath,2010,12,216955,93096,1244,4.,44521,16203,1.5721802386562175810311895677804488986075400668664662443217577601218010600262605375864771297010746759954666341020642622006054617600,1
opencms,2000,12,479644,229890,4362,7.,259800,249754,25.861039214031774868831460973775509778328414933997932345062192160453540860788356783596570116728109566421866381657142475843200000,0
haxe,2011,12,15364,9423,579,2.5,66961,5941,1.0973615208169257062592246835480304850987814721851370858212470322603206758851041570497159784397074995600855035961938788931696060203452052480000,6
swftools,2003,12,41059,11763,336,1.,122765,29296,1.313430121197845607172415833287639732802547677303396315857751717055076672972054397541418088364385784173430845889409475528949621256338095550161792,2
celestia,2011,12,0,0,0,0,240522,0,1.0,10
mono,2005,12,1843087,2770884,11700,42.5,2169872,616203,1.39661150482025067304914550168045899815437294338545781242163588946012121349457291344165378278683339177271357301296250756313430484138240,4
observium,2008,12,12298,9025,391,1.,18627,3273,1.2131692067326710174445422546718928435914902260375380680460283596449236939754482846910146150400000,1
vidalia,2013,12,0,0,0,0,52563,0,1.000,7
xmms,2006,12,12527,17963,35,0.,86895,-5436,0.9349503990581092037498469906495081713772261695600000000,7
openmetaverse,2013,12,0,0,0,0,230321,0,1.000,7
wxglade,2004,12,8298,5948,158,1.5,23302,2350,1.112161130203025396060160692873266160021650656766936672480847438845366827141292379710349716263505419298070098054365952043181713180722564915200,2
kmymoney2,2011,12,19797,13287,425,6.,373001,6510,1.0177630555719193977392126774551405030543379923411600375386389205629683821064820545115932632075125441294790088455421542020913586480209435025022091079680,10
l2jdp,2006,12,992162,893280,1666,8.5,417887,98882,1.30997006315356135924571837203084690854846551976794000242925935200376452065050202840661486481971297237854603561110756182047383773357744000,1
plone,2005,12,438037,432803,3085,24.,94933,35477,1.6461406768133743964048794996631573234403831489467990975916535817515874213183982030466791694788012694110666075658461103681550903328000,3
tycho,2012,12,33692,19226,527,4.,89084,14466,1.19386743146625359897444453436741766561831577626773735340204341174703902209638466138405699065166113536596236011610331220571237107424320000,4
apache-rampart,2009,12,4286,654,68,1.,43412,3632,1.09130216188656405534582969416526019235976358424143269916517696911437733887446558287104168220937040000000,2
webrat,2008,12,43176,28772,471,5,6114,4912,5.086522462670207305690360864232763785919230611757738810724328314785134760598030328320,0
koha,2012,12,220773,249134,1913,26.5,886145,53798,1.070888791431310350532808019567349157670470963153023707257390555764637339724177413804744125873521486014430191842100034309738899241959424000,13
libcaca,2006,12,79635,57188,917,2.,36422,22447,2.60622540225749408762181016285008602250938115882724405596530613844427857002680686221951279457372463906726484259372076080128000,3
gnome-tracker,2012,12,2094,1064,127,3.5,145425,835,1.00577494985755933401419178026487839523666347162296945547939446599771353116055292723936476564319309098596168270739499865236102428590631632896000,6
dspam,2006,12,2286,7886,162,1.,34437,-5600,0.8385888049752228390092504756550857579934978930666393529095129226514643831542780590820070413888592595380000000000,2
gdc,2006,12,20405,13248,39,0.5,135199,7157,1.05589572171878255453628859270075843000,0
illumos,2012,12,163257,250942,606,15.,9538095,-87735,0.9907888612991524218166627724742097504666374703326674134024025720097545339272388380988135903667841099242588691914471729937305463545567665352393464217600,7
stackless,2006,12,1265747,281914,4949,24.5,1719397,951522,2.23945962637039767741513984688993921522622829664387289077448679225780820558095846585858961524885003140813240612090682461117842620149973751357440,16
vnc-tight,2006,12,114115,109056,221,2.,101176,5059,1.0526337692561819151133311060240706592332181296787757991770410185141833366074061055416410879034834679421250163323911921888412238269222005500231747200000,2
requirejs,2009,12,14406,3778,214,1,11780,10628,10.2256944454982345150972302110,0
glade,2006,12,39864,18694,428,2.,44548,21170,1.905552228463002894239602544130990544353777029436723822901417931925638702853301511386781323664306297315803891505932797643491115238400,5
system_data_sqlite,2008,12,117046,25520,64,0.5,189938,91526,1.9310316765106432555297969211175352310745384180208671405211173945792000000,3
planeshift,2002,12,73814,39994,1560,6.5,54746,33820,2.6161712699990871767639508080264603119222083346652691674352652282327461184837555497963284328177632478345714205478940424443072000,1
sv1,2012,12,13902,6798,92,1.,163687,7409,1.04750577070586112410413309302068246668375826652060663071898324446605134298163975656723528006613926108999899312000000,6
equinox,2002,12,369895,298827,3224,10.,214936,71068,1.49398059338052311790641521379937725593707548512837862878400684815673890114675712777657417039079347988101621843297691508439755702272000,1
dvdrtools,2010,12,0,0,0,0.,95824,0,1.000000000000,8
psycopg,2010,12,19498,9100,892,2.5,36640,8500,1.30206112295778546973681167675604169256164672592578048891247017452163930946226651485152948372069433946860851263488000,6
tinyxml,2010,12,282,1248,19,0.,5968,-966,0.83723673124950490611540000000000,9
flashrom,2010,12,18191,10157,513,4.,23313,8034,1.525819752630315867781977170949767121247742685869359173124702802379252057938577570522750861182391353971308228790406962158486578889469440,7
atheme,2008,12,22193,19595,616,3.,93903,3265,1.038905173859204287215565633186472036807237894749496168536746201558665180461416941204097791887111495460376299116978285917555936899876316480,3
DownThemAll,2013,12,4634,2749,166,1,38734,1885,1.0511547124742773032013560691980140,7
mysql-python,2009,12,4971,5153,69,0.,11321,-182,0.983923681656813503997794638672034751556050955392000000000,10
mesa,2009,12,2019741,981482,10625,35.,1136654,356283,1.45655592021553561378906942894634992423711915579985415386678727500111680454329352334810171783249659650764811353857030831108625586242000,10
android-vnc-viewer,2012,12,0,0,0,0.,10800,0,1.000000000000,4
u-boot,2002,12,284807,1257,291,1.,303958,283550,14.894061150530076041865262469997116444185070348603737947617580322678483320212904766162335412775141356399126799302855422451384320,2
alsa,2004,12,94198,6210,423,3.,180214,87988,1.954047665521878561595837365365386278951890686232209118124709431098407918782584432824820429936399542728046737324042290891273915598996931018752000,6
sabnzbdplus,2007,12,13604,12100,72,1.,21120,1504,1.0778548504061852254688,0
getk2,2009,12,6330,2932,446,2,23715,3398,1.167249101744302125229003444258635,0
meld,2007,12,316,94,52,1.,27490,222,1.00814141117792359386902930408211063199307884435589775520480118732939396474880000000,5
icedtea,2007,12,246252,417447,1557,5.5,447174,-101784,0.78787973516833112700868011903390862670161662697607670438648872556,0
gdc,2012,12,526922,975410,480,2.,691175,-455791,0.575100866598041338317590312187714835267072765601306991194646246413464990376174004037835326358338684164384439414326667153480594800000,6
gtksourceview,2011,12,5729,2447,181,4.5,58173,3282,1.059987936617330405013942161005722999302702349103834090213639796357646089973371620440283450646202607060717098660032116959212356997450657194477977600,9
marauroa,2008,12,2843,2319,103,2.,15537,524,1.0351866774105734340191557868381026585604321661726071453246348607706624795989151775337451989504000000,5
pandoc,2013,12,3355,1826,302,3,30721,1301,1.0442216179430039279644572783484704,7
linux-24,2011,12,0,0,0,0,7249311,0,1.000000000,6
mongodb,2011,12,687382,446358,5190,13.,474196,232124,2.712839432722092573859055144030991837305553091838829415993367106130026985197587524612596704537730518269286637669148142807516446720,4
bison,2005,12,8633,6740,318,2.,23858,1893,1.08618256316996583155609193941771517452053203248969298040266391906944365819181066102801005571505978774077374689020563150880200663040,14
lisppaste,2012,12,0,0,0,0.,4524,0,1.000000000000,9
xdebug,2007,12,1498,785,117,1.,19742,713,1.0374691260759253380373806638952658013166106679353413969329549535923425396946320093472227863886334493596503484455280640000000,5
moodle,2011,12,788936,611051,10092,31.,661170,70117,1.12120044043576858770171536526134912844965067567605505953985351477675960276359791215441023411803599025701905955825643354587008172874682941440,10
sawfish,2009,12,11006,16568,404,1.5,65410,-5196,0.9209577559097815203304160313048165840386399347450523109665703546210113177459328070593542214186158495963351463047294187979478379714191504723520,12
liferea,2006,12,100673,75924,1758,1.,124224,24749,1.371066164968875971971770159954487289512018926639910511201386500465851563201423015036720806156754710587488531214614056132481806720000000,3
u-boot,2001,12,14611,0,64,1.,20408,14611,3.520441607808375436610146664638041708981413261138975332783585288866090103693606219346412615795171877850498096604219987864447100557557760,1
googletest,2011,12,2212,1369,68,1.,39974,843,1.0215430221552456515662922011656524806800864091707327463413699805255633551298395311563824711236575282926992890177776080643448439643915264000,3
gtk,2002,12,69613,52150,1483,16.,318607,17463,1.05798886911626012770280166546516744393947496626332844988311864442535581947242381040606469222970902147591507183653174843808435804529704752400,5
performous,2011,12,19997,9808,856,2.5,32813,9112,1.38445635204076350002267502368957014925017415007468202182160893558050806038988237231751068042768101187407026917851505248455301876940800,5
krusader,2009,12,41652,36434,300,2.5,59379,5218,1.096342386590436234706103858410354483663339613308912237170116697813205293647387749215210640189293749349082926220312358292000,7
ace,2004,12,1721016,2238802,4324,22.5,2499615,-517786,0.769467664292422932484291265577554262120700151691389592063125779753782155049009255993798890957569720271715655332390097481901536166857932800,8
hugs,2002,12,28594,19540,706,3.,75460,9054,1.14922126081299513520324340666132791606992343616844717919525076059295778970513808504448908815142259264863104879931791302727308389295979091520,3
HtmlUnit,2003,12,22787,15565,477,1.,23610,7222,1.440688308522201212544459791558794448581442515517274008584656771946087030997177639067628354309022699518730026446502781739050376822720000,1
rproject,2006,12,111359,90637,2004,9.5,588298,20722,1.0365096480496523082197393968495353199591879611418892808316107021248738898504311074353425246185648839514179044320894720172209375286185858940928,9
zodb,2006,12,7063,5318,33,2.,39165,1745,1.046632816675499751208710482862928884275171362580213924780127259278941691237814645669636056632138895120520442985129246720000,9
playframework,2013,12,178,65,33,3,101673,113,1.001112642772724049562494810,5
dd-wrt,2008,12,57581675,6917968,3003,3.,163508670,50663707,1.448967376577676977260346183610837314515219980952917549929854153311581253781243338795534538537135787886167642677343206956612894417044239984837678080,2
toxiclibs,2011,12,23565,8649,217,1.,39809,14916,1.59920459566684311946611506458006156108916293409564610341381942501607552356500799280131295113373009257969470216974224099478310348812902400,4
yum,2010,12,29418,7856,1902,4.,123640,18776,1.17905096124426684308852979159039984050812243308184108717327829568967495445275539756512368882595406684006541533095792009930092468314931200,8
znc,2009,12,10284,5680,379,2.,34019,4604,1.15651878292857913457834314240190381578058439801356029576380769624127674648594474983843293469468722536830671793041857644632735307899868647861760,5
iodine,2009,12,7197,3276,159,1.,7850,3921,1.9979638584108467484592589478161668774040727314401720141025435853308655547982847343443635658887491584000,3
intellij-idea-plugins,2010,12,0,0,0,0.,11205,0,1.000000000000,6
EasyCreator,2012,12,190623,180411,850,1.,158099,10730,1.07524227592375418641546183972272351247715868521756136374231087266148430523501440322977461060018582736000000,4
munin,2008,12,17234,4263,360,10.,25225,8148,1.4771329858844079315250583661623089611395408108151446011496255646289242395037136481961409999193786777294553279146324655804600111544320,4
do4,2008,12,116207,77634,1513,2.,38576,38573,12858.6666667148467034989979364206439758812485215281809377040000000000,4
citadel,1999,12,40273,15873,646,2.,54436,24400,1.812358503179969382267130900573624556249476171459484699266814102628492204102946783634730223043506485189806077862636836198022536829400000,1
cython,2010,12,42428,17019,1200,5.5,40074,9705,1.31956929764806814480669880374996935046044976407847146043835674339488156660157685413477810314981710212046455383097189157041370814260401664,3
amanda,2012,12,11029,4338,377,2.,391789,6691,1.01737479810385538131221222186603047600587448679887571781998022918382957170329656044134381708300253786260132354693826013029557150393585495720464256000,15
qpsmtpd,2008,12,1167,680,97,2.,7476,487,1.0696809271654575136264389173018513711123460383312885213607355664638915273601854441500641787190126861405495803783916396800,7
dotclear,2008,12,2,1,3,0.,22957,1,1.0000435615961000000000000,1
autoconf,2006,12,16031,13347,409,3.,38807,2684,1.07430169143664934085456126880095661017039635404557464068434903346472569292520679668900068162763526874529265212788047256634995498784860704296000,14
tcltk,2007,12,224064,172056,2623,10.,954656,49471,1.054652916252715610917906345416910588868674778428806654722963350144342370427828726971038827797771772883698776056749867910804904475546492896747520,9
PyDev,2011,12,346021,161651,816,4.,568170,89615,1.187261652246655302144901714171424378114019030744817050981433817162729193859395792874561658918248834951962177889341551967173656858321344921600,8
shoppingCart,2010,12,0,0,0,0.,896,0,1.00,0
kino,2005,12,12745,8385,178,2.,87616,4360,1.053479215470410310002782972174438935795464713300267855485918481084415368843834679781762637191295630994806228671847256689958100475902569343405532855664640,4
libdmtx,2011,12,11604,24166,235,1.,30331,-12562,0.5646055732589048954651729966729224913023359112435598781144133492583086125004800000000,6
spring_net,2009,12,794654,42479,588,3.,1347952,752175,2.262510972984810230142045720743276595788279745016626037965312990671752322358563139190465647602932375058352079859871723073158530064612966604800,5
neverball,2005,12,0,0,0,0.,17913,0,1.000000000000,2
jhbuild,2008,12,21885,6844,828,14.5,42913,15041,1.539645522378650042156012906684053955475705981745791950661431258989861148869805117723379339488795186289763673973777896878818479861760000,7
oradev,2011,12,0,0,0,0.,5805,0,1.000000000000,3
osm,2011,12,822890,516664,3132,26.5,5408739,284813,1.05558491672429570584523826575269757345774940435127126747748459626245144467898028751108009187351084052115244745153578457486246558089119340696576000,7
freshmeat_jmock,2007,12,0,0,0,0.,9979,0,1.000000,0
jenkins,2012,12,416415,124848,6063,53.5,895580,39679,1.04746416771580762024444726999240422189847568271270075749376676414178807729730178553594935726908980473122441970172606083949279367677397073920,8
gtk-doc,2010,12,1122,278,108,2.,7850,844,1.1204681701415219151490111856104667883456138674606534415310270827453461095690674075651142406136670682134108513769323240238715363651267946952064000,12
commons-lang,2011,12,12547,8281,665,4.5,58130,4266,1.07919946532250020019770045236788682112663471479939204646154878858184439791695464968862763378978326125641954108440235639671211633461069799424000,4
collectd,2010,12,26186,11112,814,6.,94566,6402,1.072614672649724909261575350106715610896799020110463203909118178013412589719107100479601046399573288722864849163841092061458699784933746199535616,4
eclipsetrader,2013,12,736,138,6,0,336510,598,1.00178022815500,9
quickeasyphp,2011,12,558,592,24,0.,17054,-34,0.998010299625521586251713111859778433290000000000,1
specs,2013,12,0,0,0,0,22929,0,1.000,6
djangobb,2009,12,24645,24204,273,2,15328,547,1.0447810069796279081900532659969069337601005688789495511251949408603924160819775106779577888527157486540063100894610145280000000,0
amsn,2005,12,125956,80546,1935,10.,199082,45410,1.3780921375980372439715133187775460078729261147080823586628577689782798307186314951467593876304605642126548903472681787994837285615534080,3
lambdabot,2004,12,37,18,2,0.5,3467,19,1.0055104408350,0
pymvpa,2013,12,3638,838,113,3,113476,1101,1.00979755283668620123736384156431724200,6
wix,2012,12,1042309,79292,273,1.,1446911,955829,3.01919635973083602802172405475472996249981884960884790000000000,8
chamilo,2013,12,290079,64872,1174,5,901224,121937,1.156472519108126865068190952707284,4
supertux,2012,12,0,0,0,0,130094,0,1.0,9
ghostscript,2008,12,1781679,1650129,1318,15.5,2684492,128104,1.0501113289547654083831053200775290693808879484595162945645880804242718382117231866430691071226178816429202694131808377730256990455767464990132365760000,10
ApacheFelix,2010,12,680330,594865,2452,11.,483500,85465,1.214717298735120608262548225628921362620336511306243970117455430475767570911967729450173432575825016979400222008414856923302557438347018240,5
wicd,2010,12,14506,14256,158,0.5,26402,168,1.00640390328263228930157283253359097295124116000000000,3
launchy,2009,12,18526,12386,124,1.,37987,6140,1.1992794781030926814309992214436541932264770470896881069661193354711952089748185600000,4
aquamacs,1989,12,45876,8,58,1.,37434,26556,3.44125758379949233018449424246971855605364637785651390877244500487660054459223824144260722174709032947255040000,4
matplotlib,2004,12,259108,34754,1430,6.,236722,224354,19.139877098774454995091688057535878764204105831462974843820012882577264382615061441340046533924447544047209882445755712919388000,1
freeradius,2010,12,36943,26713,384,1.,328514,10230,1.032141106680604267188891638336643863618068039142085826955454929997153274198868641890090609589058210600083370057670222530198857088099402072580096000000,11
jax-ws,2012,12,236575,156779,408,8,325477,79796,1.32479516117146516969812718292727442218624872356387516650846190687955169208894625557804992000,7
poe,1998,12,2005,571,64,1.,2746,1434,2.0929878049060655702500,0
seahorse,2009,12,23164,26608,259,4.,60554,-3444,0.942982964424999229561312607619810795893652006010322383220961887341556517062290693810969698430535895908989267355477276179288412468347392000,6
helenos,2011,12,2259023,781271,5688,9.,442721,150200,1.51346740913808419990058678264128299851028492670380054214137443626897310917999680377443175124126053751739459395907465267421506794045440000,6
libphobos,2009,12,42798,31190,606,3.,116416,11608,1.1107549041939359798506194997827923539189416615692108546383010991424107982684165389510167460121181642543367550521056649274800000000,2
PeerGuardian,2010,12,0,0,0,0.,115940,0,1.000000000000,5
jtds,2008,12,0,0,0,0.,153619,0,1.000000000000,4
e2fsprogs,2012,12,8524,4681,310,4.5,129062,3533,1.028147805857078522513040929015658232370853821513728766374450041627008451799293746860487322644642470190057534318375192850595590990493426302008196960000,15
pyamf,2010,12,146417,103679,475,2.,54727,47061,10.0137904610446770659511746800447874691831683662188630830283424125061071132513449604153516462914258485866568509630421270161481462788096000,3
libgcrypt,2011,12,23769,11279,130,1.,187116,12529,1.072550291267725771867142232664951681083662053148797877834226547722352471634134934017970230771160564454991488000,14
squirrel-sql,2011,12,85684,51258,822,5.,1367013,34426,1.02583396055929811593629507541879256414936081070138573134926930509053630905527886066819067249115822551440410792808822643666299363748394809593344000,10
conkeror,2013,12,525,290,36,3,27764,235,1.008536452467429180133959366336439560,9
vagrantup,2010,12,38277,27070,1110,4,10458,9021,16.8263157898000819502328572746364845879069410603330875054127051349063861699979002847866974437060408715178654692224400,0
dreamwidth,2011,12,45721,29089,700,2.,209251,16632,1.08634662209030139801510696654380551737841364324574787963259845206325391046168921037283101057565925031443138361430739316809357181577134508037312,3
zope-cmf,2004,12,25535,13464,515,5.,40510,12071,1.44507945867488146423063624218776740272590278274624482477788991097781434267678386252323465157169971893993941505751882161923614031990784,3
texniccenter,2002,12,11703,11824,260,1.5,77230,-121,0.9982620436076440209792485677042169023652192977673227935105714323967155134095938963571349382900546498583360,0
capistrano,2010,12,190,1135,37,1.,9394,-965,0.89712153522569838625561487859111047362033610064856854599164439579270529658046459117964000000,5
tiles,2013,12,0,0,0,0,31201,0,1.000,8
jgroups,2011,12,44648,67131,861,2.,119461,-9805,0.91301763601916211487996504216330018442833517973763805124469283965581214325150501577945969067588141122350675822239823313134293068825211200,8
tiles,2007,12,18567,22685,275,1.,13802,-4118,0.770200892903657437813725577819681195049243795228795808422380277490669854852180674440354924859682452342657282745856000000000,2
cppcheck,2012,12,93552,60708,1710,10.5,168565,21126,1.1432863760574159639048249859444318095530446422602560881012135718597819205259837406931413160544038400666207423881965905745852875465695040000,5
vegas,2011,12,720226,644467,2152,2.,2127436,75759,1.03692540297478539639861052350121747171708552469139433546197720110760242243282837994516281971935086337207532326819235023283445408528977632599028787200,5
gmp,2000,12,140189,74874,2660,2.5,112956,65315,2.3709829769654474759110692781280150219927808167281157159362580158223533180133876859655705722157055330665775320143739034148557814633216,4
zope,2010,12,88641,87879,2355,14.5,370538,12479,1.0354545247910228073489774050834613377937094833858251401718237006461005856446376979379331899262208252818887384930042059791115962763562381213696000,14
ruby,2005,12,93774,55962,1641,16.,383037,37812,1.109528568325071277649956495934874240405852119036614013384775870412102696420726291995543306827869373463124343059563775539486118368733536000000,7
wammu,2006,12,3259,814,153,1.,7292,2445,1.5044357333029309134609976375169785996879053895509689371814919573766501467247150086200894298010785745572177672043037921987788800,2
kettle,2006,12,184567,104494,1850,4.5,218609,80073,1.577994167576445296665283305580079244235111183655038546115102375212562513683455853384154911800285381447100229624653134142528662717440000,1
geany,2005,12,3767,1079,62,1,63922,2688,1.04389718130,0
ettercap,2006,12,0,0,0,0.,92730,0,1.000000000000,5
mapguide,2007,12,268567,160285,1890,10.5,426868,108282,1.33988310845797645660516769043886181739955493646409167629812927186152479300065820954873972736144417166977495728292962495390164446412800000,1
tao,2002,12,1071410,901080,2025,15.,1403830,170330,1.13808674502931663390434265695344995122600590490072166876348389684380479101553734973429364334403065210909767401950407423446778235813888000,5
koji,2009,12,7783,9093,275,2.5,23351,-717,0.96929467688810898684327468941843032692201220545376714308336526662626583034563051717929198046412800000,2
flyspray,2008,12,12078,8497,208,1.,162661,3581,1.022510686448196078323195462764136960284940579118916872673551010190161696347489957321868800000,5
thousand-parsec,2003,12,2047,610,47,1,2295,1437,2.6748251747669310226093832015111268228575090723383536000000,0
gtk-gnutella,2005,12,113457,88762,2037,3.,231617,24695,1.11954958924014389482651553281123446677457576523525768312755610920106209012305278938136791771881244280946260840256517582649318525502259200000,5
sphinx,2013,12,6670,2204,169,10,34233,1207,1.036546962994860208615723732313072622,6
centerim,2005,12,6124,1994,150,1.,44282,1608,1.03768985561458295968100343590881922597951701765620162079366855906565208804000000,4
xapian,2005,12,27331,20434,435,1.5,90927,6897,1.08207782935197400521161854961869531305373418426240614759686539077943206578001985897717168008931951927611048394378010598478769559115798158290576000,6
cmus,2007,12,2595,1211,112,2.,25430,1384,1.057606659731142645853680560054876890827683503314796448714642357331636847000320444397278815301705215289560009783739099545127182945748295680,2
libpng,1998,12,44254,18598,238,1.,113415,25656,1.2923460841651561548044716040978530297095061987737072455435302164342784382976000000,3
nagvis,2007,12,53866,49582,952,1.,17720,4147,1.362563385128490364192013406070478784412224477367501584820902079505348917847089790428742735042577854367240000000,2
hippocms7,2010,12,338606,150833,640,4.,204667,187773,12.11477447547361722616056500900514917852361953247543098704366834000673084908206064692815483499859465621486945654803177634482073192582742016000,2
amanda,2007,12,78363,51336,648,2.,261193,27027,1.115418122183708204025839353376973998813588385507025495449270581667332419184150768797179351866432734063387981162136211970197554203836962237947392,10
layman,2013,12,0,0,1,0,40352,0,1.000,6
geoext,2013,12,0,0,0,0,32804,0,1.000,4
geexbox,2012,12,82700,109809,1566,5.,101316,-73965,0.2615315494763851722272293710549943247554800217671243119796141126157281966857799002511928660790916621748279536000000,9
sparkviewengine,2011,12,111323,16432,193,1.,1097069,85413,1.084428896775079816547875854649529864975998933336616422245081903618298661307600000000,3
symfony,2013,12,45273,19380,1407,40,797554,7396,1.0093601532849617247601845939056235504,8
oprofile,2006,12,2284,220,69,1.,41500,2064,1.0523379653140438062878634872761243853856262667952684010090600274737827848734628033905302477160899275920263184538350072786762472488800000000,6
evince,2008,12,13903,11755,297,4.,61758,2148,1.036034222457057272932254919398647928369294324107669061100783624246335907336711728196351261668481570898390201208321570811952071831301513350195200,9
kaffeine,2013,12,0,0,0,0,175360,0,1.000,6
i3_wm,2012,12,48442,15570,1696,5.,62762,17983,1.4015944974642219405057784526832427694726178799039310839501944027878397625845336014921534847739910887819776964212052207321872932536320000,3
gwenview,2012,12,9453,4144,444,3.,38534,2744,1.0766694607433145281641844905130735101398349850130276328498687774255416549346205947932527557774104647500033531015893170247486074671793184000000,5
php-dropbox,2013,12,0,0,0,0,563,0,1.000,6
kile,2011,12,18786,4222,192,2.,67600,8379,1.14148697251989147635416855573919236206303320548596215753497678965853457197672810541623479419288504783061272530621756278792153697657500000,8
scribus,2006,12,158924,89991,2807,7.,283029,68933,1.321972386194779746803008315926015275892243377867446388632532340157879314001379778779819576342190627941763312369436717139821920307742400,3
jmol,2012,12,95720,82010,787,2.,482602,13710,1.02941403635205330635295577678568424297003596917663229667845887585209648846853019221352896592780074746359612645605348059491493807804092594783220480,13
Slick,2008,12,28783,8068,399,1.,64763,20715,1.470282419144918338188023143906762225677713801726748211268402543531059773552931384303723856420710970444414533194069288677009541130560000000,2
tor,2013,12,18157,22529,563,8,315712,-6679,0.9792829204290610041479205031346861052,11
Darwin,2013,12,24,10,2,0,17681,14,1.000792437878500,8
nethack,1985,12,8944,4755,10,0.,17413,4189,1.31677253474709787448864063681250000000000,0
mapfish,2009,12,98678,54656,234,4.,153819,44022,1.4022367807430844880700626080778689583462366691261477267339718905318744456317671564679004332341403105508920259700204279443461255425657600,2
looks,2005,12,20880,18800,204,1.,16412,2080,1.14512977950285715216893797141542257985376955741270141851256113817739737463199427647257963269165930772295955831617943170732960300305285731855290880,2
gammu,2005,12,33681,15021,190,1.,84677,13407,1.188115616679847708417606864803023023199726284248341550243722850362479868010631739753030270544062825538960807529807931105375493677686120843776000,1
stgit,2006,12,3856,1434,189,3.,5566,2415,1.7664233576696703613997772423566669195626515418707762405286825615659737147429737179231290148353528828896226617293312048462035025408000,1
staruml,2008,12,0,0,0,0.,1517505,0,1.000000000000,2
inspector,2013,12,173,42,16,3,13833,-7,0.999493890535765254510402480,12
sirios,2006,12,13557,2808,163,1.,41058,10749,1.35464713453061317253652959430625339592528248437318728183933782186257868712849959543014290465309551814625134611037110301970465067260528002340298560,2
wicketstuff,2008,12,1676082,1282768,1951,12.,924830,364229,1.649711648745778685591579703504836402947698802874009330222039949939136043722270171722361275279060558009812505185900422245264998400,2
dcplusplus,2013,12,0,0,0,0,4907171,0,1.000,12
krdc,2005,12,356,160,22,1,9479,196,1.02111386405712181436580806026222733692558728867840000,0
owa,2007,12,31991,20463,322,1.,46604,11528,1.32865777165150635863550035658619055972296510125841041917272978564868954023148808462805187784830294998286103356363151911511241200000,1
syslinux,2002,12,1735,7896,103,1.,13501,-6161,0.54305421638709041245707246442072868629802227096643418902981228020280198107310218988987612160000000,4
vtk,2010,12,1084424,330661,4484,30.,2821318,513592,1.22255328406186252976886926219412765019242513398801237659491983988022980093326898569346639947166722758588704503995302510754340812663862476800,16
pygtk,2005,12,24255,8480,406,5.,216276,15775,1.07867791183784859788285816339603212551474521737374974205246437337210714812208485325600824065976613666330836635319796600150999374657990971483463172480,6
kmeleon,2002,12,11102,2817,236,2.,22219,8285,1.594588775575252942334525418883835089247955423785945564109378859775783599716080254928769250986343707465396002008453935330328280262144000,1
leiningen,2011,12,5422,4205,493,5.,3921,953,1.329074585615871259015334033249707053436158271561016715599652116908412299267580415277497636790088821081548622466304928218009600,2
ecls,2007,12,288514,178124,247,1.,497026,110390,1.2855140235205099833917891767178980395058859429119393936908384155483031359180144581622261258439500434801686666311429564407551940856734307151533749777512960000,6
vimperator,2007,12,50396,41586,1082,3.,11637,6937,2.47595744694255092485484359302833365171826542459273249490044263928938944181557325968400,0
jibx,2011,12,8906,3665,27,1,309557,5241,1.01722222952,0
SPIP,2007,12,77801,65454,5210,8.,141142,12347,1.09586552272647826255817452720444061885027589278738339223119226014797075105726200224841865935082318484381041120546841604395457559398405242880,5
file,2006,12,1980,3985,66,1.,49319,-2005,0.959229736875396874813495671809818427354723446114595500971447814385242782491274372445575540099432000000,19
cfeclipse,2009,12,9790,6882,164,1.,326036,2908,1.008999529597877461597553642663335392007650994668295779096041272762799422180215417836854711817823243059551923810389806742522086629600000,3
joomla,2010,12,688477,493522,12041,14.5,1156719,194955,1.202705653355366523694118120231689931170116930066704783334657047851071276406779790259177226406077594799525014626827163209170765550549255680,5
x264,2011,12,20954,12350,340,7.5,76407,8604,1.12689703996062174140052937469797484808226810349703941872261886062562269736458644175021126887771455617755594463916141711538586909564451328000,7
aspell,2011,12,479,313,9,0.,28196,166,1.00592222618600000000000,10
freeimage,2011,12,24458,17887,118,1.,373349,6571,1.01817452634458744482048830189635395401425007766340419935122671850166437749587066022372837465400715747280137961078291486066953513469691904000,7
couchdb,2011,12,42224,22589,708,6.,82480,19635,1.3124353568240513864905509102077303988725226102571630081736692265618785438890321189742008425752801981100289899039848211388636454977600000,3
openerp,2007,12,594164,516883,3560,9.,310119,-141080,0.5086631723364425898634515995289003068060113082134924407694428629613722645754919028725824654027936951270294548228047209775194383475592669056,0
telepathy-gabble,2007,12,68400,57277,2208,5.,42129,11123,1.3587370186244344872306709745234722177394825973322060786084354106959508462566743134874880662208998720518345144528221500545970339840,1
inspircd,2003,12,5036,3240,41,1,16073,1796,1.1257967360003392990137480631967959679532580443816855220224000000,0
cvsweb,2010,12,0,0,0,0.,3923,0,1.000000000000,10
filezilla,2008,12,32139,11147,859,1.,233711,20992,1.098684179595027421404341998076387965170396285306302663254045781532671749986934882865290518632195570698833192019175991424890424194499667558400,7
coq,2002,12,79790,45540,969,8.,158912,34250,1.274742904799713805375794443673114749038901922573708647142239834983024142292407671391807597188731218006860389340126951042216110572399158400,3
heimdal,1995,12,30754,2588,200,1.5,28595,28166,66.65501166308751391347549951796164312489926604415323918848410361785980411744000000,3
nancyfx,2013,12,58464,19135,545,14,302846,32581,1.1209741499232071990149354910293195,3
quassel,2009,12,90451,99099,935,7.,116536,-9069,0.86372447365882334600111440672699684951523463704619409742764515883204717239378821329553189398489204603438921830803474335950777060000,3
galeon,2006,12,1476,127,67,1.5,118207,1349,1.01154392510577193480671378801102215749754288733479220435808422324798346907628795411044319823067817008640000,9
kadu,2003,12,61825,77670,1160,4.,69143,-15845,0.7639970807020893433154983402900760055697867623041586522434716340671342476980994234459251609452077085036810307313129489780988264896000,1
translate-toolkit,2008,12,18629,9116,847,5.,41273,9513,1.299527707797216063863072822628759093699918474736606031177575153904303950903948649258713423404171446953274070912102949861607724654182400,2
irssi,2008,12,2155,32991,268,2.,65804,-30836,0.669130980648922367176263876564080353478314831455568995350842409510070975609800548369331317714779633885772936528656163680000,9
couchdb,2008,12,22035,27042,504,4,23235,-5007,0.822710856131457003998175875781771162438819532065273884072092215741041354154885983828059969316323200,0
linux-pam,2004,12,19176,5286,98,0.,59576,13890,1.3040318697320149666305317388671679274794963808500000000,4
kolab,2004,12,123279,10637,752,2.5,121889,112642,13.1814642584041106133005476069845269190799825272552986204674870797600486197987777682547083494261112737912262886800000,2
levent,2004,12,3328,658,88,1.,11626,2670,1.298124162579726487725748774153153128086241586407565593025701123204501883915201221601424360080237398216509690844288000,2
chiliproject,2009,12,55452,47291,1016,2.,69027,8086,1.132685712441621843677744067802725290240329837063271856621876483252586513530478999241937742060888061355612859274168905765857133781664000,3
jonas,2006,12,962540,332767,154,1.,1039727,629773,2.53620406188774649186990864353075208704323225433723780330190193137472544604602064800000000,1
gcc,1992,12,174778,25143,2690,11.,191676,149635,4.5592635750075726025915144175827398982444337892349085461320906744493218666774757828190931892375841336848304029096739073281877467136,4
rabbitmq,2010,12,475709,284721,5757,10.,97974,25954,1.3603721188578094870993640819896881836128280323829988230066622106064731719784353822085853253201655825231842413738161061253458184044544000,2
Rhythmbox,2002,12,39529,26938,523,6.5,32305,12591,1.8245039618469905517149799273716282264319423974195631739822080,0
lm-sensors,2012,12,364,141,39,1,13207,223,1.01717763056465760980720687500633106493843803269242936719263031136520175897680717555200000000,14
collectd,2007,12,62644,32112,1060,3.5,33666,14174,1.72717012109831663779611433711649254159123474474618041384608269172310242754374645350245822586414059313521578663379500382363132211200,1
openkore,2008,12,128770,136704,306,5.,259123,-7934,0.968257905518997403378379862458739696341490261605151070333039524129088172762719121323026201201748194198663891262529927382391603311000576000,5
thegrinder,2001,12,46127,14627,499,1.,29494,27348,13.7437092234288650332062230388447457127824796942229082091185595997556013909695474055293582129769116973177538634371600000,0
vpnc,2006,12,621,516,35,0.5,5940,105,1.018350227196711130479928414905551164673449050000000000,2
openlayers,2007,12,36659,11602,1219,4.,38641,25057,2.844596584067533851451489017052848428665933604257747061190214141287209926730115672636125519845709105423048636428182865712440934400000,1
h2database,2008,12,155201,135447,1101,1.,118768,19754,1.19950714040716833451117570086200333825170690902461257451538697112219784862574589411331163570784500586784847598912894067984556780617728000,1
sunpinyin,2011,12,10356,8790,100,1.5,44473,1554,1.0367793240582694401867010912575264935914957593794929583330243678328023208000000,2
ankhsvn,2005,12,19395,5402,415,2.,79988,13993,1.212031214536668356689692692985566561914879666933524600167390990864978378171710658720305209333779574955872545138723040344730250939702665773056000,2
sane,2002,12,119626,49572,691,9.5,248532,70054,1.392507760068746452400054694465666617625947558173318988544170548337762961123347845395344951567943480101450701590167010720831923736000000,8
jasperreports,2004,12,40720,13904,322,1.5,66789,26816,1.67085282571401718976362813402195482689617695786519100469352432796624846624904034543208731859405748631786172462504476390258361692979200,0
musicbrainz-server,2004,12,83042,24664,914,2.5,158074,58378,1.588511633523504011871208877546735678333771529452455043813237707861507124399208789740256394013318436864650421135967520999512826201272061337600,4
sylpheed,2010,12,14722,4756,239,1.,136455,9966,1.078789459948837095163031259397013655807479550566317881152292096805028147349629085850486748813404743052642793105365219473046138688400000,5
i3geo,2007,12,111242,93622,736,1,94444,17620,1.2557106783361597807267470397557,0
yafray,2012,12,0,0,0,0.,37150,0,1.000000000000,6
pcb,2004,12,26767,17256,373,2.5,76406,9511,1.142178040225662509019194081809599060975613236254237949522674394032038020051020674079493816227075733340587128668041617326350000000,1
haxe,2005,12,2113,573,87,1,7457,1540,1.2602670272,0
libreoffice,2000,12,320234,131322,5438,69,50740,-1773,0.9643589434324016387978137755954120,0
aolserver,2005,12,30297,20993,523,2.5,217783,9304,1.044627996105424107334633398735112729912059430039222457503255809136265557850629003979995203444057849297008470941068843692600607232000000,5
haml,2011,12,362,121,62,1.5,7818,119,1.0154565527993038737133336878502021282509826891526401941650256065918205995057735220280934400000,5
dokeos,2013,12,0,0,0,0,3023688,0,1.000,9
nagiosplug,2010,12,24257,7662,106,1.5,108061,16595,1.1814375054204658239149774366660301167126554857375698408927622844354173886105958806673281919522835504772616282112000000,8
connman,2013,12,8593,6341,237,8,75951,2252,1.0310171475725729685494739850085410,5
coloane,2007,12,10444,9126,195,0.5,15254,1318,1.0947451656953411472190500,0
findbugs,2013,12,4192,1147,84,2,287623,3045,1.0107000541156077619270663296936556800,10
libcaca,2009,12,42988,31133,499,1.,77125,11855,1.181630151702119293430658511783965173874373196256895674963816142492406724033690180763828179016331856790709835642936000000,6
commons-dbcp,2007,12,527,103,19,1,15178,424,1.0287379693628652841537555115687381236770397390400,0
tremulous,2006,12,17100,30436,235,1.,199987,-13336,0.9329579730723432033364652480522218467574021049991577268125106745284993753198173585790068005262033156004230063082492926675997684658287517773533440,6
mojomojo,2006,12,10817,9493,104,1.5,16479,1324,1.100607902764394729249980387214733673149929859129925124786458649918170171983076800000,1
jonas,2009,12,5054613,1987768,3760,14.,7066945,3066845,1.766692082688416620798935590918327219676815761213901929654667461529909409012870101646978580347027335104949001510016845677195904280842689280,4
wym-editor,2006,12,4008,2344,62,1,3166,1664,2.107856191729336844956769917621004412657575100739944441600,0
ajdt,2005,12,303613,181541,1188,4.,274478,122072,1.800965841209442569708936397069213481951973281810131906538175137691011720073863798730924488768584199623150452874675283818332928000000,1
wwc,2004,12,344826,15065,280,2.,331824,329761,160.8453708468183342845500876271788769470320,0
tinyxml,2009,12,0,0,0,0.,5935,0,1.000000000000,8
liferea,2010,12,11945,26321,491,3.,74211,-14395,0.8366747223280072543452253022203077286669787002295380121227004923646066851116145604947490959246164018009161362060040454728286693000,7
windowmaker,2004,12,15989,15076,176,1.,110851,913,1.0083083083081717929910287219936492795031031603332298636349741660000000000,6
openacs,2013,12,288,443,19,1,2727239,-155,0.999943165734584983029194108439298068232350867,12
CuteFlow,2011,12,0,0,0,0.,778342,0,1.000000000000,5
request-tracker,2010,12,340446,599091,5093,9.,393465,-76730,0.8004301948326470482448174086017317286738546302393696655168598475609314585203716597930124086987899995841908926330132019013702463191882137600,12
amavisd-new,2010,12,0,0,0,0.,7745,0,1.000000000000,9
offlineimap,2006,12,1849,5014,51,1.,6845,-1929,0.71472937005623704076663602892941373137913865817156319124792948534898125000000,4
pmd,2007,12,76489,54464,680,5.,146911,22025,1.17636084109676436487702244172554518114389067089016286603792523388685182597989392648199014524232865377332826347693683967246482910622124441600,5
openbabel,2010,12,226445,316811,894,6.5,336634,-90366,0.726250738411373563753253700999592653496993207509667348778421367839421116500947693152190132125160161391502851873872762789459740520050585548800,9
libgdx,2010,12,559870,397368,2176,2,225868,162502,3.56449831125386971268043455997346975330191158393570066368297805995319843702735405137126013952000,0
quartz,2012,12,151782,140495,193,3.,53142,11287,1.269843167247009244850269009251812749314954608102939426451263725826670627985862259751130176261866675081729778980160383554558652297216000,8
lighttpd,2008,12,26108,15730,565,2.,55207,6440,1.1320565136304960595694689195756402955422440624855608886831838545309756265084564327145559041716835446332409260006362743101255286093068589013000,3
openscada,2012,12,20870,12346,247,1.,130331,8524,1.069979557820791956299360402284775281059602814781738054603840609036123725267304433081621626569867972374492363395523144712773139905865646886092800,9
openportal,2009,12,57346,23877,296,2.,1358885,33469,1.0252516945571055757422140662704453258509098758239263687183882397886996883023811396703763129172520760635985886070513981299403328723259473192055205068800000,3
tiled-qt,2010,12,64271,32882,393,4.,39360,26141,2.97753233984878773980971347116572383598920600147044293033100726482615828923826621190315127816053263098718369587976399334763878400,2
wxwidgets,2012,12,204543,157073,2213,7.5,1734777,47470,1.0281335880217934653294532259523645089419204961200315217595870856428862145814468212379342039618397747499417691233023660214801617229426022811595000000,14
stxxl,2007,12,53573,49807,182,1.,37131,3766,1.11287277086992776041735335379712211137914480415528397957332157053538667366950431077203467136273647047588123034955588925443192560000,2
cobbler,2006,12,14064,8515,356,1.,4187,2356,2.2867285635325490490792980201344582844861162826017607905425554776298454928640,0
akelos,2013,12,0,0,0,0,175935,0,1.000,7
pkgsrc,1997,12,9925,1606,471,6.,10821,8319,4.32494004743714083800305557951013775285000,0
grep,2008,12,253,654,13,0.,23870,-401,0.9832006702994500121795585910890071865311158603375000000000,10
mpg123,2003,12,0,0,0,0,156,0,1.000000000,0
vtiger,2008,12,58072,12918,17,0.,199145,45154,1.293224928700000000000,2
dbus,2008,12,3308,506,162,3.,89240,1907,1.0218359612070062699895951514660076256542180741179888609660047491726146325000929099011905315253324483719993991404640236029447726395868834965111914496000,6
konsole,2011,12,11449,9513,603,3.,32388,1128,1.037146808923874110758134750299256456470267671158167985246380523210812498060357368353568333250365660527558177970266621893050872880566116934224281600,13
CloudStack,2013,12,808240,434719,2134,49,1161748,172410,1.1742680459063416309386495415980250,3
choqok,2012,12,1540,744,48,1.,27686,796,1.029602082558066047847031272219013151154154289403808799814779189488002852792238540800000000,3
wget,2000,12,7324,6082,135,1.5,26946,1242,1.0551975466848353623115704379874173128939923373799074317645950252494955116569756620026818421147279790476800000,0
upp,2012,12,292078,246170,1061,5.5,1668741,45908,1.028288801125629771480700992834604647238468501630172590586947886899689002757412098033015602813867252592636118307250169668878041160692265666250000000,4
mozilla,2010,12,10112182,6396031,36067,181.5,8279528,721055,1.0953969141534619125219182860162045736335585231973368720836332514506797541187993923729842263082373127156249038442968895873794932822340763648000,12
cpan-mini,2007,12,147,91,11,0.,459,56,1.13895781637509272349271729712292938000000000,2
saxon,2003,12,0,0,0,0,51975,0,1.0,0
hazelcast,2009,12,266210,217351,1348,7.5,77827,48859,2.686654239219057985114706043738208465319669291942849194076736741265579984441672661513647096138952346828798750575877554522821017600,0
genshi,2006,12,42641,37683,334,2.,8508,4958,2.396619718242504195249854426521799309885322277552792528775070144,0
FlexSDK,2013,12,0,0,0,0,2038073,0,1.000,5
statcvs,2008,12,7169,3042,45,0.,15914,4127,1.35013150076487772044736703850555000000000,6
hgsubversion,2008,12,4292,1762,179,4,4224,2530,2.493506493411274502049170787956,0
GraphicsMagick,1999,12,230043,177132,1094,1.5,196769,52706,1.36585382783890510114034587094719242736443282429751260476783030084074701433199207678456117800593316470898972259023844755232496907200000,1
kcachegrind,2009,12,35740,31922,185,2.,77764,3818,1.0516322722010074152980295952686903905062716540826394711299051923978790862455141718647179685597427858177483441291066517238649420285407098858620700366000000,7
hobo,2008,12,48025,135553,1368,3.5,43971,-33132,0.2461261917629869121774752437391982411704271955449118377842770939172267495429961000082899242046528781912158883456916320000000,1
libxml2,2005,12,123868,128098,744,3.5,464866,-4230,0.99045624996764810646243969141087747711594616235592131627386288892660692533850976705688302338881012933955927688811692798394465993267900000000,7
gksu,2013,12,0,0,0,0,82272,0,1.000,9
ecls,2008,12,107694,93447,902,1.5,506541,9515,1.019143867723094585392469946736989789254621764011762779763562911000221700082730769439184243845989534675317870613694657861283681371108065741603540384000,7
mdadm,2003,12,533,134,13,0.,4200,399,1.1049723757014887066334752657286556934449248000000000,2
gunicorn,2009,12,1339,820,27,2,686,519,4.107784431,0
gwt-maven,2011,12,0,0,0,0.,17233,0,1.000000000000,5
pyyaml,2012,12,0,0,0,0.,12505,0,1.000000000000,6
specflow,2010,12,251823,57862,479,4.,151195,124771,5.72188162322291228610844782460644996123105999533534355452855753113505386329937216448408820607488000,1
grep,2011,12,1201,819,146,2.,9006,382,1.044294990718623620137690640762318971261086492046436582738336385818924718399887201787165389378002384791705881908520308667311357054448785850400768000,13
looks,2011,12,0,0,0,0,16683,0,1.000,8
automake,2008,12,7267,3178,242,1.,49773,3820,1.0831284138107744595317310307838961913644755930439125548630247615861847526436613618528339330268096295742600000,16
hsqldb,2008,12,137210,109134,300,1.,281695,28076,1.11070148529704365395233057733684860646771453928458719199428395315400599386212083740523662867823887095524509449110629855843686400000,6
Apache-OFBiz,2006,12,41068,28436,1062,5,337630,12632,1.038867931497828770168503572618904828682387408348260815159240,0
wordpress,2009,12,88859,64390,4934,4.,127447,24469,1.2429456502715815399090099879243383937526321080749829222758260715028883101840147711543685530444956320160582603287509902034466421465542400,6
Syllable,2005,12,76258,60459,471,4.,2347334,15799,1.00677622253209964475838492759665996823315636148651504284600933753758775039162964448632034310928293245471593202696466518817836627919460905150927461750000,3
compiere,2002,12,143547,95425,1485,1.,180811,48122,1.41948447042636634023499564647287864805312707269000798554900837219970948016900657651184769535156274364031550721656837575220408460800,1
swt,2004,12,169563,114515,2431,7.,278418,55048,1.2464431212849703103821047499087477877138111836389310781654712434807089092886936598902444751217423372588018845041018417158990852723064800,3
grisbi,2011,12,27926,15729,609,3.,262722,7488,1.0293512388427344505172955248100140916850937533616405196730105015667074239317145160578084071628743014210415000835318357072684198665188982407630848000,9
rsync,2002,12,4515,2694,345,1.5,22736,1821,1.0870666985334142831885887137800469211355246422363182743040725509936003123522508338922813584000000,6
openembedded,2003,12,226,6,6,0,402,220,2.20879120900,0
puredata,2010,12,121492,242794,1162,7.,1910949,-121302,0.9383720114891093840552803633143947542187670482408666216810216011261174160264784313996992021567131240948848122856926847175504037607416013966521600000,9
Weld,2008,12,69810,47830,720,4.,19741,17082,7.424219631690416984338137296565902546229813831761700951721728,0
simpletest,2010,12,523,184,51,0.5,119188,339,1.0028523828755170855837469000132480297879942288638981292604264247200000000,7
libxslt,2008,12,33512,2050,72,1.,284207,31462,1.12448119645863994215056917227080041786643599713548826002531855876774601358897777843025042209833618688064980662000000000,11
rack,2010,12,84860,79568,676,5.5,38132,5776,1.178514031399839684237044191746175202806718609988577397308224257024903511956272583658044035604138743831840695582181939456620009268048694976000,3
firestats,2009,12,794,557,16,0.,45993,237,1.005179988197550392582673181511355747700654919348723280168927562320000000,3
rsnapshot,2008,12,230,80,47,2.,15040,150,1.0100738750836534536749673523794270924234624188135149990783524081527978304144000000,5
greasemonkey,2013,12,565,360,43,4,5336,204,1.03975058456239730684400,9
netcat,2004,12,2240,1173,14,0.,14423,1067,1.07988918837426444636700000000000,2
web2project,2008,12,268153,28087,907,1.,49822,48496,12124.99999998501866015914335215444951813500523620642932930186379846517762966062557733080759344186205801303174590149248000,0
milkthecow,2012,12,0,0,0,0.,5018,0,1.000000000000,4
nant,2013,12,0,0,0,0,85717,0,1.000,12
opennebula,2011,12,368799,233087,2812,7.,87274,36791,1.728779985291538827846410347055322821397267572027747068894823085494503026765280922940869336755905774999682772927992824198918537134592000,3
ocaml,2010,12,44461,40019,389,3.,301792,4442,1.014938624515823938098261876560008602970148630201586425184781347088675481015057929384894347958043018107915776000000000,15
diaspora,2010,12,157669,149768,6402,27.,40425,-9233,0.7409226105619494463922594091223853037245775614744848696320300,0
phpmyadmin,2012,12,744039,630578,10240,12.,346499,-20135,0.9325517125762037133564414978592560483648194847919978340459205270374820373114730918645207479943110692245341684618270657710452827464000,11
skin4eclipse,2012,12,46,37,8,0.,11176,9,1.000805946091115492783436800000000000,3
jhbuild,2011,12,67411,51714,1017,20.5,64974,3982,1.0652872507832174378309432937425498400000000000,10
dvdrtools,2011,12,0,0,0,0.,95824,0,1.000000000000,9
fltk,2008,12,319904,231700,834,4.,963653,88204,1.10498763889383668655671494393298159882992752518610606637530054614095126319312261143490588252869659121810260730737288156107681375594443191563593956000,10
linux,2008,12,45530996,31126043,55263,584.,10969752,865624,1.08567033195926912000940280866082036659066723719126970552075391262938824221462374247707893245815059905442389832112573025691782912911047451079040000,6
dssi,2006,12,563,1398,14,0.,17975,-835,0.95354659248949933639494851202847016000000000,2
courier,2007,12,10559,14071,129,1.,188276,-3512,0.98124652910814675010865223051325306647973645170868556791430785811820996436078134780328483328893510252190506800892478489280000,9
pylast,2011,12,307,191,22,0.,1960,116,1.062906724512193336670560000000000,3
debian,2007,12,34023091,36687078,37077,181.5,42990066,-7765218,0.786577846710489909130332160207970384147480731907080379686152064126063825870513750839559471794111644487116494436157502443221541000000,11
kaffeine,2009,12,22525,13458,395,2.5,291964,9067,1.03205053429342667989996278334839486297440935603110792216529014764921591360107946573444677094737930490180189044302781420583870907600000,2
obs,2008,12,40254,15803,1407,12.5,99400,24451,1.32623517324247499270997770763110466251555384053098330180402855566605869692053894913030576525053972852472515228615588259021146030080000,2
tramp,2013,12,1829,1443,62,2,15809,386,1.0250275562486425204953800070573592,15
cfengine,2010,12,38859,29945,1153,2.,83382,8914,1.1197024225243383915201842633995038259983517137586702707630369292526690240957065823539136897574514442379589769519487640778577960982652352000000,2
geos,2002,12,46488,9891,67,2.,39587,36597,13.239799332869416244941010316186392043221521212676320,0
spirit,2013,12,0,0,0,0,234630,0,1.000,12
shoulda,2011,12,14,2,5,0.,76,12,1.187500000000000,4
cscope,2008,12,3943,3307,9,0.,24324,636,1.02684903749185981726079376937199238368000000000,8
Centreon,2009,12,271551,224666,3505,5.,388024,46885,1.148194389615517479280849456758845211918084427322139425143452527970799579297976275149789315192033164162367874422414855420234754277376000,2
boo,2007,12,60663,58592,607,2.5,206492,2071,1.01021918700303089630373443043700714773905985926606511883957476226832430714280034542861507758958706291698701469591437323707365153958413820521907200,3
mksh,2006,12,4942,3401,319,1.,85029,1541,1.018457742430802728068232247587064953096425392101785609733048066958217248368374452973357355593290650545192789011743568487579648000,3
sword,2001,12,264149,24197,483,3.,268945,239952,9.27620460159664669816699176230057017226742473560981156240511662266705966675543596003572726106647840126527670044469724113058017999626240,2
asterisk,2002,12,39272,1945,153,1.,95919,37327,1.637066493688017005689122318928170019453399548018099001815106251660762252675532102093246150651989088901909107840224365944823653797888000,3
lambdabot,2011,12,0,0,0,0,21167,0,1.0000000,7
forms,2010,12,597,4160,32,1.,11835,-3563,0.75318647822084197602600531532525888814311701159674801841078461408626844944936094400000,7
do4,2012,12,0,0,0,0.,521562,0,1.000000000000,8
ecls,2004,12,69062,34015,343,1.,434160,35047,1.08781222360555425067371341572943643273618264715463810072899284273875673750009592742788822345733254464729664242404173906373431548837888000,3
phpDocumentor,2007,12,7702,7705,305,1.,72453,-3,0.9999576623938032401184652249715316383364878107025499258840973919856835835259621127693367592486161018796511587858769794568408999163819209902331200,2
Bombus,2009,12,56,120,3,0.,19073,-64,0.9966556931601274479883800000000000,4
network-manager,2008,12,130175,92624,1578,3.,116962,37336,1.468892070428853473719354720059509374207729674067627786456704332891761969408974524116040495970357449068751433644069476037819347800637440,4
hibernate-entitymanager,2005,12,13196,5288,154,3,10221,7908,4.4189364468127884786178000896933755876720531545810510253962133309634525420,0
sinatra,2010,12,27821,14258,552,3.5,27922,5417,1.24070206621321368172687545487315640425984188151877215034721670657220389138653583155852384864558805363814829718703049302016000,3
vba,2008,12,0,0,0,0.,179726,0,1.000000000000,6
koha,2002,12,51555,38395,624,4.5,86064,13160,1.20175384808100358570488700385350715441122298628684706674366910478809301859030644741872068571201149433619942322651982960500000,3
watin,2013,12,0,0,0,0,1047271,0,1.000,7
djbdns,2005,12,4155,1811,34,0.,3313,2344,3.418988648079767906974105227450000000000,2
Axiom3D,2003,12,27868,26811,179,1.,37874,1057,1.031905581261992384407582932189081257568600,0
netcat,2003,12,3303,548,28,0.5,13356,2755,1.25988114333469967105865685276708455437063746371106935704984400000000,1
dpkg,2000,12,3293,2447,238,2.,30350,846,1.028717879082756751629987276416932370919479566696875958811858010954054981405654788261550542504614633351632777002470664379059714112962264593041745920,4
tar,1998,12,70,9,6,0.5,14106,61,1.0043431826273485547791282547406722110765506198741000000000,8
flightgear,2006,12,74383,44440,966,6.,185192,29943,1.19287080753365663329822498923854408562336458889882302886620565106563649492164080854700135580871785378569384170200429308729946080393708894208,9
Hadoop,2009,12,963462,332537,1546,15.,1402734,630925,1.81746261047284845635881827527049468475884630098849159878488243867557551019735452925550792083812462847059636463880400686750401287200000,3
rubygems,2013,12,0,0,0,0,21184,0,1.000,10
iftop,2003,12,2475,289,50,1.,5152,2186,1.73701955492322330405177635296820561295891803041068368769281671697250548366223970935398400000000,1
symfony,2012,12,258744,168575,9206,58.5,790158,41148,1.0549365162015324423600240485787984543331572628877494424418963362963475831916596497330181745555618718723900823013119311458406354561475052113050880,7
sozi,2013,12,0,0,0,0,6855,0,1.000,3
groovy,2010,12,48992,25338,1202,6.,195370,23654,1.13775070464730366943473901193946501225446280299489028885413632134768416388536171865038939591932055461078513167973099558173869649962218496000,7
vip,2006,12,42,4,7,0.,316,38,1.136690647506035358147480683868732000000000,1
wxpython,2013,12,3624,1131,100,2,2561270,2493,1.000974293578474917806816334549892003500,6
swftools,2005,12,45205,29144,374,1.,165418,16061,1.107534297026904531203565481584350416260349596441547213711252324211106965716204053276745432603940604633872316992301425555879689670819366566625280,4
eathena,2011,12,18937,17440,373,3.,154976,1497,1.0097537773940614636918382195916492100934780622680908390197162512721012501155806959321415403255993691657591534331439815792831155828676379136000000,7
blueprintcss,2011,12,555,141,21,0.,2678,414,1.1828621908220492448382102436344185000000000,4
stackless,2003,12,142323,109625,4422,22.,642765,27192,1.0450415680327087015287892796247738409484943566091609205357787155415396003178841652687755211860930337718948525587356909741223159011737600000,13
coloane,2008,12,57839,44166,571,1.5,28902,13673,1.8978265150040707673145200659366206327036702114372238511584547068023532514139064219695532617563191835580000,1
itk,2010,12,3441472,1422420,2525,15.5,1656633,568977,1.52312220036852746549369793250005637252982813354002839613308033938332706606991481148095337546234157874951116642973511760146924423017737216000,10
cinelerra,2008,12,1280,278,20,1.5,587229,1002,1.0017092355010391316138487816499391447236471459282499460094615723314422929926743632889798699824640000000,5
anjuta,2010,12,275088,221313,1829,10.,375133,9989,1.02762880210534893066033486091484365295601113479189282074389289762769043682858563246154898363736207000988633885067507963978491395622709026816000,9
freeimage,2006,12,12654,6096,143,1.,189274,6558,1.03589176645810393026285092630244986369381698275494037068270122299356292996142082271306400843685370994905864076448358346395823177104000000,2
cpio,2002,12,0,0,0,0.,6616,0,1.000000000000,8
DCLab,2006,12,3057,989,82,1.5,3345,2068,2.6194205168196624243152802580134449646360000,0
numpy,2009,12,153227,103372,1613,7.5,184643,33515,1.2217656555951120028868869623209771909014095708971003809470813307134390428570299807374367131665042634107589251103829187426344870124763000,7
rake,2009,12,6912,6230,132,1.,7948,592,1.080478520930089334772686498840629261867773638019509660578160746632897087302860800000000,6
kdelibs,2009,12,227392,159851,7765,79.5,983806,65769,1.0716409033649179005165173583253296027089100062714466744429618981979485415494741728468213623772323558511443772488501211414520703826401495680000,12
subclipse,2008,12,14301,5896,471,3.,99520,8405,1.092666093361244843728896051114808882390586012990182934506339732676354670961905423726233428577340661769391729165249276436605588373840564001026560,5
velocity,2002,12,23479,3684,234,2.,77014,19795,1.3459515195636804679301655481282223875155901473610278683365421642395743905170791748339348455545160580081120256635936181666884888125624000,2
pdfcreator,2007,12,31817,29453,56,1.,62147,2364,1.0395430139011824480522648521692844757209235571564029338244788591105203177047988608000000,3
jaxen,2001,12,5786,2237,131,3,19201,3549,1.233241324927680770580839057828562320342852664576884173920,0
sword,2008,12,59954,27786,161,2.,558826,32168,1.0610794861141186664827188548310630465101883449487299984254877303600937266912972191400771866538525718273675515224614310189538577139303097237067296437579392000,9
pligg,2006,12,62435,61585,963,4,48183,850,1.01842259259157761977502179752104,0
civicrm,2012,12,785510,671430,6620,13.5,1115472,114080,1.114029712878618153137555057341806550504898026959115060866011536466966179243288624137369766211503825578237521406220678137512031278572394400000,8
RSSOwl,2007,12,56336,42946,1040,2,122897,13390,1.122275288330998384459867506593266830984620189484750162103946714353715132930053413966262025400,0
panda3d,2001,12,186498,121041,2661,10.,298590,65457,1.280771062007760593218056266060398414072798779511338288262164350682685832423101601326364626097480892052733874811320208523778811412029440,1
tor,2012,12,129939,87369,3063,12.5,322908,19561,1.0645939966275386292508848997745233558657399948516882165751764620705710455850716667492834746862142503871358784698784842818579037788203919936000000,10
tig,2011,12,3396,2104,222,1.5,15234,1278,1.091573516758542563442467193716769911053241605963299454529072992952508596498826072794588876918207055976000000,5
planeshift,2009,12,547345,420121,2286,7.,1044432,127224,1.162467404192552661062580830336924062633120998761737331693884079218247222416540157106602461022001179229250300535729935598272748599740000,8
xemacs,2006,12,32563,29567,598,5.,100213,2996,1.03213557867719279544213986807710046236229817724488394245089151438387516415458102774398414696248943136889578729074286065499063456000000,5
L2Emu,2013,12,0,0,0,0.,831555,0,1.00,5
seahorse,2011,12,39679,40711,272,2.,54645,-549,0.9899505766467319003287390808586595189173896536462845003131364657567380253697654556009746415926969227203539495160532563200,8
mixxx,2004,12,222728,49988,2520,2.,919771,172740,1.23123538377293075024657529986057067995143731353514527054853494713053302697583122499760584605460257475049685562742592000,2
kpdf,2010,12,0,0,0,0.,80559,0,1.000000000000,5
cspspemu,2013,12,0,0,0,0,109815,0,1.000,2
fdo,2009,12,506278,252019,884,7.,1486709,254259,1.206434353371402738432048091593880857044151191267097646027320896318672063126209687882659736292065850963452154136522077576086974343466572463462400,3
joram,2004,12,50295,38446,367,2.,69527,11849,1.2083304030243622560641368070831615031535850198789278232462167238161159806666850047484700873347180131379800705001541378605895918806305235200,4
jspwiki,2005,12,39379,14587,1206,2.,49951,24792,1.9854127747246500088865944710075123308641475410865828733410559549819179204339547233400082262145754530043053920881614581700451368960,4
egroupware,2005,12,773601,601610,4026,8.,560320,171991,1.442900220259052254719684761312222195325550031432019144494551936857208192560132620785652985266101600428251397018587209300522336573440,5
cpants,2012,12,137,42,14,0.,14290,95,1.00669249735813093359994520000000000,5
hippo-plugin-easyforms,2011,12,2651,2080,47,1.,14863,571,1.040225431488394060829902215371997744314520584976807354930351264994061727493253155607020424000000000,1
galeon,2002,12,166380,158215,1684,6.,82141,8165,1.11290255667498660038356931075707958090192352357374474329626504367876895070598973378357655992584025174450456229219507214134296188500000,5
gnustep,2007,12,243664,188128,1964,9.,1896124,55536,1.030172966464616345154444833691297338196671955236976554235470669044038710120187175213388596001420759912636761582308326127876633591121157462323200000,3
angularjs,2012,12,80272,65565,647,9.5,136711,14707,1.12219581906079562851395316361724146717910934178626252840141125827090512621257846107949025202993839035102231425805917992476780494319383078400,2
findutils,2006,12,2798,10010,68,0.5,23996,-7212,0.6876975706788728731230832471876984146168951509732694949620000000,10
tidy,2012,12,0,0,0,0.,42503,0,1.000000000000,11
stackless,2013,12,63676,77968,674,2,1863644,337,1.0001808612322011141543133470,23
gobolinux,2005,12,23210,15778,312,3.5,38266,7432,1.241032626378995321014181782754126665328640,0
ossim,2003,12,216143,128293,2071,4.,273222,87850,1.4739119176567191793294863604638112988548553313313283629739767176210246117425300886444432347772352206095310603422895446467775447040000,2
harmony,2012,12,0,0,0,0.,2871986,0,1.000000000000,7
archlinux-packages,2008,12,55355,65189,1470,13.,48012,-9834,0.8012208926556195495722035494423400983289692988798110403982302773758279926410977210697600,0
maemo-mapper,2008,12,19833,4015,73,1.,36609,15818,1.760809965809683852427380676875311710004328268345521727085366860608650890383205691396227370720000,2
ironpython,2006,12,2463,703,43,1.,122940,1760,1.014523848819818497954521,0
apache_zeta_components,2008,12,959959,448951,3716,6.,1077788,511008,1.901598503680286509723527077760972396375505782474803888567594069109889150092403605384366099308456043434186727845181441655438540800000,3
paste,2011,12,30,12,4,0.,48161,19,1.0003946657804181300855716240000000000,6
tellico,2009,12,277629,358160,717,3.5,291685,-80531,0.501158353763018785554033209752723179621690163385906604461660159357744780893645903980277733949299123097739575539787882000000000,8
subversion,2009,12,183792,180676,4801,21.,444360,3116,1.00767276022952988411070371704713571088521482753533879967104455703667506329527621994972840308211698923199945651371606982298915547281797939200,9
w3m,2001,12,3306,2084,112,2,84134,1222,1.01473851795,0
openbox,2006,12,1580,975,137,1.,24121,605,1.0257271644832321320720918209388368824211120666124212806434335262767554780717112945788535167028428800000,4
android,2008,12,6482006,1482884,1416,22,3951089,3879576,55.249940572128431235604666558806544813455512405368245376,0
icewm,2003,12,16694,9654,435,1.,121071,7040,1.0619903844417962496643751651030548128328888929174637828660714436839697773263779615860003412065395281041011419111317838356153303750013325044340000000,3
thegrinder,2007,12,32435,29183,196,1.,123396,3252,1.02706751897691157797083644824723393525802594966635091814396026774878383075815792119360000000,6
libvorbis,2004,12,26646,17740,134,1.,132406,8906,1.072113360324721027542598324848953535822731841813878747479747185547167168000000,5
asm,2002,12,3447,210,54,1,7331,3237,1.79066927221656692328000,0
kile,2005,12,13862,4101,236,3.5,36206,9761,1.3691056910532579093653890938666027738080955846543663936319805549100498591646782428109567048307925293658335312258421417562931200,2
windirstat,2010,12,0,0,0,0.,81074,0,1.000000000000,7
redis,2010,12,88156,59819,1220,3.5,30297,15885,2.10220649457937288721815069201469151701970133288302374586484074361498202756335307296256423726275864956215784210733306390373536235520,1
pkg-config,2010,12,135784,2783,56,0.,138061,133001,28.917926108299118442190737815430109017128410114020818156400000000,5
fluxbox,2010,12,4000,6065,125,1.,67035,-2083,0.9687734236756834788276492478636596354046573296687561003524639598530376000000000,8
gparted,2003,12,18238,4469,51,0.,13987,13769,64.1605504573968009235713065884128029910000000000,2
go,1989,12,0,0,0,0.,7,0,1.000000000000,17
ccache,2006,12,38,28,14,0.,15689,10,1.000637795777728636988534850000000000,4
autohotkey,2005,12,22747,14492,188,1.,39226,8255,1.26653966615406155744731934909917948460457333528495503703214489958120466088678248494510575423369898226077402885393224991091028159112908800000,2
ufraw,2007,12,12320,7464,477,2.,24935,4856,1.2418447133830211133981340692338467720311647651051910410169703238306464033957788754741056166963247411430604201665743684746825923993600000,2
dwm,2006,12,3980,3894,536,1,1999,86,1.0510992276009545433628269415587526864641820941647072000,0
maven3,2010,12,102538,34970,1358,6.,313695,67568,1.2745249403845315258028262555883965066253189211777296247613768841359905779886430195818714112995791443665630936700449234512814581248000000,7
okular,2010,12,2504,1172,168,4.5,67033,1332,1.02027366402171991253610048060276716069394805887797329189089431091892867225264953277066204840384706800260945086936231467536749652443130054131616000000,8
cvs,2012,12,0,0,0,0.,267186,0,1.000000000000,17
dia,1997,12,0,0,0,0,198,0,1.00000000000,0
mobbler,2010,12,14279,8864,246,2.,38406,3492,1.1000171850801910477905028742207734880941832951815762464391632270418440941956272674774331858929280000,2
WebKit,2013,12,501885,282725,7633,176,4782881,219160,1.04802221696216179653780711906393000,12
epydoc,2008,12,3440,1814,146,0.,19411,1626,1.09142535844950602966287893988209630000000000,6
python-ldap,2007,12,433,142,39,1.,7130,291,1.04255008042231036940436171861423228873331239861809276828170736761860504455074136340000000,7
opensync,2013,12,0,0,0,0,152796,0,1.000,9
konqueror,2009,12,43011,36559,1252,19.,104466,6452,1.06582733078712722426953077599609478732049862975588000573868109013767373812817253478936174138240628865735803337934103175255216041063370955791360,12
pywikipediabot,2009,12,26199,18776,1334,10.,88416,7423,1.0938871532894762623926153151341655334086980632461166843372035986568389070514508890404060897956943911212221838051079733125258876599923200000,6
musicbrainz-server,2005,12,71742,43418,506,1.5,185898,28324,1.179750466445762792750639727813540403910039307393619065193529301686851842501404657738379676322031175396080000,5
freedroid,2008,12,71362,47374,1872,3.,126368,23988,1.2343035749286962708919396212904175962562696182871164191896906709359482092629802736759558474768457866760570841902278892267041571404038400000,1
padre,2010,12,493886,585604,2542,10.,307818,-91718,0.63898652666640689997568731744050025983148294893559751548107175786294857088838262233678171961341430468257261230839329225698452232192000,2
lwjgl,2011,12,26594,8101,189,3,83900,18493,1.28275029052151960689251790059182112557730747314421102986692584920839872259001872474454395012754174548377600,9
winmerge,2013,12,405,748,38,2,391548,-352,0.9991007584790876819468454089939936012472,13
shutter,2013,12,0,0,0,0,21242,0,1.000,5
cdt,2007,12,322339,195547,2751,14.5,656366,111013,1.2181953622323102334784184175777601892363090489463675908024146747819890914805123111967672509815222602507102397536227577929238504818329600,5
cyberduck,2004,12,59680,38252,729,1.,46691,21428,2.102206676887576361008728662544996717037649071196208154204557184972174160738152960884345572918754264581213066638552952862720,1
agavi,2007,12,23311,11332,77,0.5,262155,11979,1.0478822908639950678793281468011306445656970128684680562192966097039360000000,2
shiro,2009,12,98001,94633,310,1.5,44573,3368,1.08173765318058536741116026645409362194252499399325155966769460505941745439222119777348324555197865356568935954007242356241692060583393280,4
xerces-c,2010,12,975,687,41,1.,286799,288,1.00100519700816279203176819803506282046804603696274226646889565548964236781100875817069482363105561201049600000000,11
vpnc,2009,12,1025,124,9,0.,8764,901,1.114587307600000000000,5
sass,2011,12,5169,2478,230,2.,19229,487,1.0259844200195596720448791481200589280895964343224311874408680024873227597202814745097708412851832792736515637812447381670822235359995404316160,5
jokosher,2011,12,20563,23588,68,0.5,34426,-2146,0.938569874625317973069152199064800000000000,5
glob2,2003,12,42652,29767,800,3.,46446,12885,1.38392777330399317544635511735607463671063416240916504592737460321648479279019416674094599242919185714885925040534254193787470996701184,2
maven3,2008,12,244822,200083,2551,12.5,189946,44739,1.30810498119453890402853591356081342737895221768050433763079766471695016394628143087007859851104781191489701428028848668382844723200,5
dovecot,2007,12,60901,45338,2169,1.,121579,15542,1.146571479767321268233619375024887132667653757060057924033401986266348103132838333456472067002959861033618556312248792324635846615822725120000,5
m2r10,2010,12,19296,7233,366,2.,13757,12056,8.214841412729390626718013656154381529622483137354240000,0
jclouds,2013,12,183563,422884,622,15,531284,-119531,0.76525173413719864691328111135744,4
monodevelop,2009,12,361582,982371,5956,7.5,804445,40612,1.0531686900119285646471348238819984019287353293441576582990769859624481129402495674980905086970281928481011558427881275579712357003493120000,5
gnupg,2008,12,11390,5506,200,2.,156177,5884,1.039150193288544823439014324569965200872932692288347824808590135158587698635097814822451758100616873708001828688848873141579455326063632596983799808,11
backuppc,2010,12,1540,112,2,0.,33051,1428,1.045157005980289495060450000000000,8
dojo,2012,12,237686,145564,3507,13.5,659326,92122,1.16241422839869646551984624510091272425682131098769414479407177626965716866534486832376563180264230430098920060216292193333961104069388800,5
make,1992,12,8041,1488,283,1.,9605,6553,3.2206031859524270159641595388847710477848297581125353741717531265968645478217452994605651970335835187489827799559049234020424858761953280,3
sonar-plugins,2013,12,8533,67010,255,10,232399,-58477,0.7978197433342423355311906542841384,4
WebGUI,2008,12,2538617,2078465,2420,10.,882702,143650,1.19437062615115516623572883820395801569272988301682857290376936186407278330688009982156232674687104303437649626113904607663079892818124800,7
courier,2009,12,3265,1926,58,1.,183762,1339,1.0073400832129341710709228619260679772934217341707318932368611896229577205273199657617519566346819574846933877071586000000,11
libtool,2010,12,5593,1614,202,3.,20400,3466,1.2046769812283986651826249400722242605440317538226338382825540413775101543500040982407317124494916990442250862944900299091892797500000,13
gdc,2013,12,43312,17380,116,2,642674,25761,1.041757913998013727670795038492968640,7
dnn,2012,12,1572766,1369443,478,1.,746036,203323,1.37464184570815090595589010778380591390236686344753315261333624891667953420604207452080000000,3
itext,2012,12,18522,12012,290,3.,164014,6510,1.041332283628996840268412054692102527056032651798654729479150414438170969092545969290643194704000000000,11
mevenide2,2009,12,0,0,0,0.,13428,0,1.000000000000,5
pam-face-authentication,2013,12,0,0,0,0,229004,0,1.000,5
pygments,2007,12,14810,36904,293,3.,61102,-23355,0.612885581253338364319425889731957403208050534600681869918444310708722812548174173009713243664088731514788249600000,1
ironpython,2008,12,393977,325907,210,1.,230821,68070,1.418246278037696654024002378258587311269107158103940770228782613598419972184853870890271981843454872446835900117009886720000,2
log4j,2009,12,1366,450,118,2.,70822,916,1.0131033101593860528079143309388790903825109845386925562878731492684729152596840073075129600000000,8
swi-prolog,1996,12,93760,62497,399,1.,369537,31263,1.09241916315757243999941356547576554168391449046705979744964175131374123012261121566802500682344064997714509101076362121508726196886429270685000,4
fluxbox,2013,12,1089,528,44,2,52598,561,1.01078079059128065756375270,11
xvid,2004,12,35927,27176,171,2.,55264,8751,1.18917808812565434935066409077339282499917077052996793234984966339030838636557936307591816672967986128900663655248000000,2
proj4,1999,12,7,0,1,0,9815,7,1.000713703099500000000,0
scintilla,2013,12,66,3,10,0,306289,63,1.000205730408300,13
sed,2010,12,75,69,26,0.,24370,6,1.0002464065707676579931993950388910650645362825095612800000000,6
Python-Ogre,2006,12,68457,45335,122,2.,35466,23122,2.8731367471656411911811036032785820047656,0
jruby,2009,12,401614,164758,2631,9.5,584758,235740,1.675437942963455536168610608929322413139861871546340765070658651441186834840720857838634460329996246053706513874380343322874741439981539840000,8
krita,2003,12,198044,124191,1832,20.5,469089,73853,1.1871700580553905035017706463581659540898839425744643266703540721014269886439119078952073317758786664166713132203020796878376731479419033600,5
jython,2001,12,41826,14710,908,4.,136334,27156,1.248731429404617457266551068421360631164338521298357299829066222190812563844308232604876260039465787432940167274282602836922565000,3
fontmatrix,2011,12,1126,949,16,0.,122679,177,1.00144487436958910512927360000000000,4
gutenprint,2010,12,13037,5655,123,2.,192482,7382,1.039881145321518024884266967772624081058030287027224620931886753123848958299406516304550167421557901447040000000,11
jetty,2004,12,18211,7818,372,2.,131872,10393,1.08555388174395227375623566804771364911192672741827752641047121997091882680555368268887764399090124505667003055111751014547445107914618961920000,6
ctags,2009,12,12860,5246,48,1.,48809,7614,1.18482825589142679449063780530808462728231769723098241618941298030287478819769556986000000000,8
j-wings,2000,12,10587,3772,184,2,27717,6815,1.3260453544933244830074145638189566247622656469878528000,0
secondlife-viewer,2009,12,2940180,1880481,7043,18.5,806997,276407,1.5209427241675920839066451872418870762910818373441669670446413281239928055413676379997321742564749372763682552141534394850058835066880,2
maemo-mapper,2006,12,12140,6976,60,1,9213,5164,2.27537663617668327796384635922312651486428721294467214400,0
jython,1998,12,31044,2212,334,2.,30298,28832,20.667121415791668374352871071154557042691358042748604107817497896203981606874575536979780990362337997066791227339571200,0
freebsd,1995,12,655445,449093,5883,25.,2338157,206352,1.1071333450729881675376297542792458592137300235419666168204129704904856048574242939817283644319576371130844480641474248798107436389588480,2
phpDocumentor,2010,12,14,14,4,0.,70712,0,1.000000000000,5
ontowiki,2010,12,681037,469496,2685,9.,1165506,43544,1.0392231043809524011449327489918347582834003414086569868226727980332690454930024276136250624003085217493564096589644466226123010434425784233433600000,6
gnucash,2013,12,21509,5816,94,5,1154854,15693,1.01377592807416665407430783398734411440,16
firebird,2003,12,2571160,2565512,17619,14.5,3037437,5648,1.002321044715175172063552510071119614435313938423482799172779475134001128271194185262069464094866235402120970565105043804143456521644933944934400,3
phing,2006,12,2350,1035,88,1.,30406,1315,1.0452029837413864280086609443722581950495920844974126659503992806104287490741121752626429500678833885745738752000,0
mangos,2009,12,315390,214890,5822,38.5,3184892,51350,1.016387206558353493232757941213082674783897423252430578217010250521615839270374434866532901734832781226092353720835227586872672009952200697906960000000,4
boost,2004,12,165836,92225,677,7.5,253481,73611,1.425035221811700684562287924425910572321825711291398083712102269635206156000986939056501588052664803800414807205880939643600360880000,2
cscope,2013,12,0,0,0,0,30809,0,1.000,13
mw3d,2007,12,124870,25125,571,2,125492,99745,4.874043578418081387337377892574635414152869613237175496951758494851786880000,0
ffado,2006,12,123405,79779,261,1.5,52486,43626,5.92392776533929642184818258743419091604024659636451551478508131721804854842884980553528034285847167430155575582738773588364800,0
factor,2007,12,544441,76229,1483,3.5,175550,174273,137.470634290411623776557470648172435257383040000,0
xine,2010,12,18796,10246,843,3.5,1559358,5412,1.0034827644353294338276658372527534432396584490942814425848570243617869115014000985720949212344758637670705642428512486358940327074556907155741185624778926080000,9
sproutcore,2011,12,345949,337125,2083,23.5,194907,7173,1.03933644091152510048583951024098121104096884470522737561581062253150640500177006967613644504791796519536606146963896000,3
enigmail,2007,12,12084,3396,183,1.,39058,8688,1.28607178134237057162634963268386000164647355407857269240202199734137068469796677512231495997618783112562856797924009286237493640856629287680000,6
innosetup,2011,12,119,53,28,1.,62810,38,1.00060536544960,0
ubiquity,2008,12,82104,48057,1888,8.5,21912,20772,19.2210526300921887824579766964249398640042415325852637225717423549854415969602650880,0
konqueror,2008,12,69727,38582,1912,27.5,98014,16453,1.2017263152759178861669944706375775616167303898924137665769208858702763244377284203841765856387447396674300946240685818758035779742266337280,11
docbook,2000,12,118,12,3,1,16742,106,1.00637172397258758377926590,0
solr,2011,12,226524,195254,1017,12.5,172350,31270,1.228536765407145430522771037826231431583774744689525112696342000807717675315865002288969878744766354142060830836768252167264947620160000,5
dssi,2008,12,4684,140,38,1.,17648,176,1.010073260073126740810851056990609375000000000,4
poe,2007,12,430,618,85,2.,26442,-188,0.9928454541996004931626161276772497332250650032363152588822653728426055558868025818182877096275537080800000,9
storm,2010,12,3499,1605,97,2.,21783,823,1.039265267179552436997395294734036345778707670985839191151185221050595560831382479029228121990400000000,4
modsecurity,2013,12,0,0,0,0.,58066,0,1.00,6
gnokii,2000,12,58857,31735,223,2.,54901,27122,1.976349040618545351221578513928328225205196885004551118594895693295452933131378782958310760693545875272440710208177294753011484264861977600,1
ace,2001,12,1764296,1577597,4152,20.,1754767,186699,1.11906307634447646335141867292756527971354066865120678254321199507438491629239098257663287208820903741547713707677197362780700425187875887328000,5
gnokii,2008,12,14720,5814,406,3.5,220325,8906,1.0421248799798380717421692362211227873897769180248934933874236306032035445243314603249553242299584097599686057240103669241449011147809072857087147600,9
dunit,2008,12,157877,121324,74,0.,74285,36553,1.9687533128852202024430883797739810592000000000,8
k9mail,2011,12,88219,99172,1075,9.,69726,-12390,0.84911588481895721899372218012260660655713323024213737059032653632841590045014346299762202363394786363836693260346371054280559607497600000,3
eventlet,2008,12,33339,22630,414,3,13812,2718,1.24499729584969226195226449310066507286463619047223849602920916156769769102410619991452140452640000,0
dotnetopenid,2011,12,0,0,0,0.,122072,0,1.000000000000,4
mylyn,2006,12,313023,268339,4349,2.,122388,44684,1.5750540512991224091208115898980783536982059975363277676151684753832152459041309971015934896265373734350579564183508948909862091610720,1
dozer,2010,12,43765,39325,160,1.,46427,4440,1.105747016934451972471519491011800336028915138244448687376829627808804817209786619047524138054133715044850183811836322255459539562273108936000,3
cdo,2009,12,853194,395794,4038,4.5,1785055,457400,1.3445172127286042293949901286928253783931570992246795882641495620894185262747216172227594012478709188421158715498395748416552152154112000,3
mrtg,2008,12,2752,2089,39,1.,43007,663,1.015657472133576589010374991230162175096628928802446879966899474000000000,2
coreutils,2006,12,47373,169171,1035,2.,198179,-121798,0.350701552323558624701911928052064150137120794617604009952991094434921162561568125407782407610485552309442526211495131192607828205635428493824,14
rpm,2000,12,46239,31709,710,2.5,66756,14530,1.27821391644483109281284088271183866072193336636485593223919459146544388299735908064290506530380959586825615709660522702286330312785920,5
beautifulsoup,2012,12,36,32,2,0.,1966,4,1.00203873598400000000000,5
ko3,2010,12,66118,36202,2473,15.,26101,10126,1.63386541476240940661589968442461732547923323802912439044384263261795969797203457252353871098600928861506194631026286084188690962000000,1
vnc-tight,2013,12,0,0,0,0,79132,0,1.000,9
cdexos,2003,12,7766,1581,36,1.,175224,6185,1.036589189479721182046317046969750671963618050847523953668885091837638068641893665049600000,3
python,2001,12,395117,489266,5780,19.5,519304,44822,1.0949733336380663446703963431968174787083651789348150178847509820555904208333863429696077048900445868178639062985299089080963174400000,11
eclemma,2007,12,2453,1056,147,1.,9369,1397,1.1752383341765644507399681545775414541594087562632099083592317983156486790788883909181286363978576300642132969369600000,1
google-collections,2011,12,0,0,0,0.,131264,0,1.000000000000,4
sshfs,2006,12,1292,400,48,1.,3239,892,1.380059650637139002671147347106031030771041369160285536357606425173405859724362696105220576800000000,2
openoffice,2012,12,612382,528133,4712,21.,19646790,84249,1.004316285807932618946956577179712691485228068914751700203135351103554483982299652580349808483535061172261574564236316404752509004943360000,12
mono,2012,12,545840,519863,3877,32.5,5992431,9175,1.0015563065789702822851648097864691696905202821352889413653322087259539181884617361067823342829070467545567480384219877602708683802985417891095592960,11
poky,2009,12,470046,3172,166,2.,1452573,466873,1.47364613975530188518760009665191565887150018624822750489080526789916285923927719524601066605039085614145093407239167333306145939166831872837632000000,4
htDig,2012,12,0,0,0,0.,254563,0,1.000000000000,15
sword,2005,12,15426,16846,281,4.,411093,-1420,0.996537362347427815393556515536917933600884356739997198582483237398404918453600052768847666904701909700265951412223912367101200204334379305479745657600000,6
aquamacs,2011,12,1474165,976237,8713,44.5,6251651,131100,1.02141964015953544830113435669894284079412599363974920476130846807970398223190534158231373917543154973117393601001851626716028757805583565803465980928000000,26
neooffice,2004,12,75143,23328,797,1.,95147,51815,2.28277176735460717394363288240711514821681570558461411069499522732399924992178501722517299724916984598601666621452008742344360192000,1
rubygems,2006,12,16940,15725,165,1.5,13033,1215,1.1028092739944965616199653428625195177629418379269780976885300698524501460168119460064590528518134219630963279360000000,3
xmms,2002,12,8092,3932,161,2.,67257,4160,1.065930234397135879017560039911902388827820516246892538623117493951440354660010856544425594778909343702291757321170188449293843649920000,3
ocaml,2000,12,29259,16131,646,4.,127781,13128,1.114502019139259201472545133034033120177732369694496294275291042805647720894213069748516627992718796093741706674094385780427371896824963737600,5
mediawiki-widgets,2008,12,67,19,13,0.,156,48,1.44444444440550563607100000000,0
glassfish,2011,12,226046,180703,1663,40,960107,45343,1.049567976000252700824289159614913791936597224060011433042184,0
owa,2009,12,94864,84149,470,1.,98494,10715,1.2113370545441560406477363642396242581467565497434170715054206171793892337175945418304626211547179965466704821407400000000,3
tika,2011,12,27385,12056,469,4.,46923,15329,1.485187060781325256366509700505029762428245910568955856018208601369551072138047535730952167668402275039167503218358998424605593600000,4
lxml,2009,12,4933,358,91,1.,26069,4575,1.21285009775468409496069477509373242503503920309360870478122004203489699131829633342072347817347268308643202688017203093079511760000,5
qt-creator,2009,12,1052609,520558,7269,24.,480413,338478,3.3847394935108814746705514302284280512775094772842037673461241926382961400575011659929202697748254155733712993016095879388364800,0
xalan-j,2009,12,189,84,4,0.,205355,105,1.000511571254600000000000,9
tcpdump,2008,12,11848,10129,54,1.,82084,1719,1.0214349842893724461780294449872712162239630630576729282594366401531614947770116254784649083889245806486302080000,9
dtach,2002,12,0,0,0,0.,4100,0,1.000000000000,1
aquamacs,1996,12,292116,159132,11342,11.5,806350,66492,1.0898712996287939765664962774679497900246505219087610669508271385443008270517564878583108352079795702162771634898591565393246120410665529030080,11
wxmaxima,2012,12,113,177,24,1.,25977,-64,0.9975339087551022774536697886147476723278530899403002201020667552000000000,7
poi,2004,12,31031,16991,102,2.,177126,14040,1.0860895478467161709104780687906279191685826685245009735777281463510891519786311024379327666853104892147180895973476670964232000,2
gtk,2009,12,92247,85932,2008,21.,576916,29531,1.0539492313476895235355081314057315276013684392671446466553656601637482283995816769298103535532914678725086327081838684953752001976326842824785920,12
ree,2009,12,16,7,1,0.,379955,9,1.0000236875766600000000000,11
scilab,2007,12,1250227,1252824,6292,9.,1489351,-2597,0.99820251812907797633361376090301154639191644512215506914572413458384410087618762639145030428407556147300618804627360300310864679912166760000,6
calligra,1999,12,350748,264724,2683,12.,224636,86024,1.6206100481545893567906604595661161492752299369126582335413768666731174036872837296485869332833524864793181117056324315175507122000000,1
cvs,2013,12,0,0,0,0,267186,0,1.000,18
venkman,2012,12,6,6,1,1,63733,0,1.0,14
sawfish,1997,12,2960,2739,54,1,11983,221,1.01884218603298126210885891822286400,0
ubuntu,2012,12,83404,40623,1606,7.5,974211,18165,1.019000171536255783716320925038973202091935965986187912988192111605222888572833880509400365975504554090692981319511308091776090878923892760000,16
zf2,2009,12,947073,612339,4444,23.5,1373547,334734,1.322227388378419065956043539741919770996325884003034426346343614379718867290013934464856320,0
dcmtk,2010,12,29818,19763,624,3.,319779,10055,1.032464387647156515766548585432087994438150586963367368458789284036444131971585497689210089610839763401967589208495962405746118908611702888415941893600,15
kde,2009,12,48422009,20135814,173293,468.5,18184532,5901402,1.4804477360451453163736977810623619159439885615804531976769036962662846162952681646354755228927658638077382755805559923998465771662080000,12
mpc-hc,2012,12,373199,559784,2145,6.5,387392,-186653,0.47719468266986685215513755729729381981541464103734664125013665198598197165820459121420542282645695873823479350150501465302666703962112000,6
hpricot,2013,12,0,0,0,0,27902,0,1.000,7
upx,2011,12,137,64,15,0.,129039,73,1.000566040661865459674090310000000000,11
py2exe,2013,12,0,0,0,0,7267,0,1.000,12
fusionforge,2006,12,275236,266218,887,3.5,250632,9018,1.0522588720606313528891219660791469832312999795211760368423455593286288251856692002435560913639773616440188528040054491985172222960059421847296896,5
madwifi,2006,12,0,0,0,0.,28400,0,1.000000000000,3
libphobos,2011,12,347153,176322,1602,18.5,227908,77616,1.51643467379189210703984118466836980612555634701329121827370902770623236569628574308720040770195433409035097330853489730393600,4
makehuman,2010,12,216627,181380,904,5.5,87808,35247,1.670592264183517510150579241027825813585512793582716567500080305542035722063625182361741184131131079722795793041743543528012032640000,2
OpenFlashChart,2011,12,0,0,0,0.,139619,0,1.000000000000,4
snehasrinivas,2006,12,25315,8500,275,1.,46841,16815,1.56001465401455771644227392668394963669279163358627770621902946939082087758791212617595721635150596864844939465649825169696139451187336314880,3
ncdu,2011,12,98,118,8,0.,1978,-20,0.989868287740397665096200000000000,4
freshmeat_apachejakartaregexp,2007,12,379,367,38,0.,4202,12,1.00286396181400000000000,7
imager-perl,2001,12,19946,4134,306,2,28537,15812,2.2425933202214717043857039143027616658911140958464761510560220432632954967543519336837120,0
itextsharp,2010,12,46190,36413,114,1.,276983,9777,1.0365897472327425823936392004604723339144626487716877914251737102518153502774502485346741047740392043458710343089198014978475318047928925367165707840,2
maven-license-plugin,2008,12,5163,4320,79,1.,3262,843,1.348491112010864945315328792565165928358847313442643148081699576054302919560635695726995736970289330800000,0
yslow,2013,12,0,0,0,0,59189,0,1.000,1
structuremap,2007,12,31986,27794,118,1.,203676,4192,1.02278607613602679946252503317203505973955820430813182601664464496303401960905600000000,1
virtuemart,2007,12,144917,124922,884,3.,175472,19995,1.12860423083230539407421841242906092877772242948729888924690120706470709837099434995875109978675732678385295715182119064700779843754496000,2
swfmill,2009,12,286112,761,101,1.,155861,142696,11.839042921591197797909208194399159299240485543459744451998934449068851200000000,4
android-scripting,2013,12,0,0,0,0,1670314,0,1.000,4
geany-plugins,2010,12,20665,7121,341,4.5,57434,13544,1.308589655950171134724193835843684528427999326679403739979595430938385163832450260987601595048775602344669796840960000,3
debhelper,2000,12,1085,864,65,1.,2179,221,1.11287027579185523949596782985284256245126623243980871309011937993700740535660499637310504358771314283904000000,1
pygtk,2006,12,90028,54639,514,4.,251665,35389,1.1636288816111662313114257487491558381414174387748342276071193741264341822825539971964370812850747373663252524506379002475492852000252833248361589200000,7
bison,1993,12,6038,86,37,1.,7582,5952,4.6515337419718365411457159455238983041253776205330580104991569095572804626453393021314956800000,2
pytables,2002,12,45886,24464,62,1.,38372,21422,2.2638348080,0
scim,2009,12,103343,5895,74,1.,1006855,97448,1.10741752820389028513216494196523692633766637173954470956738372604645862882903012563692558346722091201215942120400321700000,7
virtuawin,2008,12,1163,234,41,1.,2661,929,1.5363741339800694512462286822648282149652373048915809520067702029883059495012770000000,8
fop,2008,12,84122,53920,703,5.5,270771,30202,1.1255440227207325095688766926039158942700791266614351715312183239274171536680910568379970510635893208472046681238769279552227328551442222080000,9
gzip,1999,12,110,56,5,0.,6035,54,1.00902859053615566263820400000000000,6
wordpress,2006,12,59707,42487,2376,2.,54711,17220,1.45931023434705503287192143887201722603190302584890081008218069883570577057328239490277532198827228371646250929899909290225443138437120,3
virtuemart,2010,12,44305,92403,967,3.,127230,-48098,0.57520357509697136822850148944702375280730985749201603975256109967980571645412419054846464447569411914286842824882868490716661171212400000,5
flex,1990,12,1014,515,60,1.,3907,499,1.146420187789167112490213143468237334493389985316238299987975601102366035887720000000000,3
opengrok,2009,12,6807,3524,247,3.,28516,3283,1.1301073990388188368546829619838974878490154221999549189029866215239189553215945487659999271844512717183457918318489226381099008000,3
launchpad,2006,12,4435763,2219072,14079,18.,221953,53260,1.31572145850359649746478615840731780385214724240686302308789017282960567882766102126087084874892299145632307200000,2
xith3d,2011,12,181,96,6,0.,121542,85,1.00069983615602046989892071513841685210149358589609164792390109549454750000000,8
semantic-forms,2007,12,4679,7575,471,2,10350,-2896,0.7813679601322297096446114598893919507572284555622915750,0
gobo-eiffel,2006,12,953506,549730,490,2.5,1373426,403776,1.41641417008125838533145468275718647539069182710123953783258573991761349807599242723349616307710538377271745041519824784894993836720146227200,9
icedtea,2012,12,123755,216979,283,2.5,640205,-93412,0.872669253803790532861468581086736828126575946883525754007062212292493682327268952016715510909977754855732939344151344345892680941394827308316275328000,5
xunit,2012,12,730,4191,33,1.,30381,-3461,0.885975027149634658487044487218760729655694364244452020838400000,0
freshmeat_jmock,2009,12,0,0,0,0.,9979,0,1.000000000000,2
tortoisesvn,2004,12,176303,207164,1636,3.,232605,-30861,0.8610159111462991907014846716756733246560888780332891866681714264038227810130493152288349950723459145888327632703938485474811420000,1
lambdabot,2006,12,31807,14569,559,4.,29826,17238,2.3693994280308640176550803389102475207848740143543137523126696608087342085654768699550329023936334417357600691965376076656117297784832000,2
kontact,2005,12,929,803,69,3.5,9128,126,1.014026494489722728726508529273843574957060241834,0
xmms2,2003,12,49202,28894,631,2,14170,13372,17.75689223647826206260994991294780140831251981650141825071858649257911880003115520000,0
bluecove,2013,12,0,0,0,0,68146,0,1.000,7
android-scripting,2012,12,0,0,0,0.,1670314,0,1.000000000000,3
l2jdp,2013,12,168925,156695,272,6,2121479,12230,1.00579827227641476702417685703716529112,8
tunnelblick,2013,12,627,506,18,1,63481,121,1.001909722222352042596263604327100565192,5
guava-libraries,2010,12,52245,6068,119,2.,52984,46177,7.78375201966621668777556841412580441507416495543091036072540183399709938911422285472751239463296000,1
nagios,2001,12,0,0,0,0.,6513,0,1.000000,0
pkgsrc,2010,12,298869,244115,9418,47.,785671,54754,1.07491137844679306084599030574126973621497892620611702471414111296670598016347525377232798526210128385986441168895016281291980797417286909440000,13
spamassassin,2005,12,23386,10082,1136,6.,53929,13304,1.32748307693698892704614058852659743600774118103756161267969970613456939129769791772232340354315555314449646868166556260284336229246000,1
clisp,2006,12,115759,30449,1493,3.,1636890,85310,1.0549826628390041930103385737569210997958515164722546766813101482797563987779778752608273983737738093724979643693045434103055873564579401832139265600000,8
oro,2013,12,0,0,0,0,33762,0,1.000,13
dbus,2007,12,16231,5483,234,3.,87333,10732,1.1401026096296962456527189691866363727566113715634696779097937704625570638442484891187616411608551333267970718641225900170917352960000,5
pcre,2012,12,40601,33086,442,2.,80113,7515,1.10827438154889065208575254220421353310248639649468912007753385848929464642809221981961966179188331519969642175315451447669892932157745459200000,5
rails,2013,12,14297,9458,1060,73,164055,3169,1.019697176882825367302458990502896048,9
hibernate,2009,12,95138,50893,625,6.5,1003591,44245,1.04611996088952844806557272049877223904357934066496116044062382111172109316992880208479691698578730878745772228454395021978973689106694089984505760,6
openssh,2001,12,26465,19536,744,6.,30842,6929,1.289758708667978780245467907755961223551355471906466581184044397329144464374479528764327044579647716966288028876668340600150236010374412400,2
vlc,2006,12,256176,138695,4258,19.,475137,117481,1.3313720457758028252089866808917766357470194104974013740975651399479836780749969360797474228308985737819154644330788057365276327845529600,7
squid,2010,12,460552,403356,3546,6.,727556,9698,1.013966898823985240868409010281299200307591049025071279721461022305397796850004261033654703741934647629213890694376780146395980040774124040000000,14
petals,2012,12,81578,226027,770,5.,871228,-135262,0.865610189830759972847445366404712948939283094857984552555409508987748500,7
KumbiaPHP_framework,2011,12,924,1141,301,1.,447283,-217,0.9995146771036714218902267805384893068237789936250775987513783743180238244107264000000000,9
netsnmp,1995,12,12377,2105,181,1.,38709,10272,1.3612195378566251432054269934641654661653248964794111952760352826367291854756726417745981453182866357582933464033377441021056000,1
axiscommerce,2012,12,44846,43875,675,1.,462856,753,1.001645714585580724352602569085644180000000000,4
winmerge,2009,12,66789,138509,939,4.,391953,-71720,0.8428134033787035893771262692366315793399948248979412162803145496534109339408387044945481641235298331095958141517160378856985698667770462208000,9
easybeans,2006,12,115001,36558,1307,3.,93245,78443,6.29948655700593511862181090915178954183056071117016259569273894991606698444055973233884158099621646321600,0
ocaml,2008,12,13159,6649,277,3.,295601,6510,1.022518860842855970289420306245995511830878844453915152135069011656382685382753211897848174197544435507758955279937222381566411475148617300,13
gmp,2006,12,9624,8801,242,1.,224359,823,1.003692835091238015049964373277447210942606971621652551181213633575109110598034546054010353985760392400668985492404377397116695601103616770048000,10
concordion,2010,12,26135,13043,28,0.,61581,13092,1.26999938131636107228981343483683015000000000,2
openttd,2011,12,55644,40154,1830,8.,223473,15490,1.07447724093009325875478087138389397499348379718007229921369399528640419955569056879897705368601937675249384037713712398956705890780240955520000,7
llvm,2009,12,548392,295629,11241,41.,676600,252763,1.5963684152131187588817165484583648930045387495621547030698136318489951911521197426485461916523908359722245099899894272118798562148672000,8
vncviewer,2010,12,0,0,0,0,5018,0,1.0,4
acpi,2013,12,0,0,0,0,14813,0,1.000,11
crux,2009,12,21195,22144,295,3.5,64912,-871,0.9866214057503666640489744677826947126983304594396991554135937844524902134154343106120303317179680222036829304130364325395673600000,4
mythtv,2010,12,863928,928522,4874,19.5,2166980,-68060,0.96548851304038426997790674693133000838691726192479631469901699712035831310424085943596368042580961398266558667232319705329820122480640,8
grass_gis,2011,12,257280,201605,3357,10.5,1254874,55675,1.046426823241321455381537137730884166327564101575205547670943871743882180897821445565146710594360571051728894737695581259394466175503006710912000000,11
ledger,2013,12,12010,8225,432,4,96932,1811,1.019688848771542708234376665756656,10
python-babel,2009,12,75,11,15,0.5,6570,64,1.009837073470286225978690718363729273193998302044715882816832000000000,2
libgcrypt,2003,12,66495,35893,564,4.,100936,30602,1.43509540192199230718198309234566502398441816923217516682192306851507079369059284809411285187779896093164512153449231166323134518784000000,6
kmymoney2,2001,12,15668,9868,225,2,30102,5800,1.23866348448228042668335673092597254636746783953605622926571824455201383396631330194969305752610369847200,0
jboss,2012,12,498517,287733,4806,49.,1337396,210784,1.1870954685299828797513706108030330787786718202157856477360212702328773065839693200182282017725813089028617983300782115326376806833817600,6
rekonq,2009,12,27971,24288,1120,5,8856,1089,1.14020857465475945383117706177529654606004083685513935697697278338226370304,0
petals,2009,12,450317,375877,4311,11.,364098,74440,1.2878966604199091322245794461988489284823343455198275134410110387912302278697453062685430800000151111226122585190718421425558647753536,4
encog,2013,12,24335,24320,321,2,180760,6,1.0000336980211930234359825336652488,5
erp5,2004,12,1457977,735656,1564,4.,825076,722321,8.0295460097949846015124866512734639490235555240822185037395336769934637367530897976880312081875200360358278693038234421403225600,1
yate,2007,12,113835,69000,430,2.,126652,44835,1.5479912487296854029370272588229012952982766898961327486751931971574878915079863778382384547087290747996029548350310521770756105683838976000,3
kde,2007,12,10906352,9249965,120631,270.,10087184,1455457,1.1686171260876315849394252099276622644998454194404978498030618572510187792014138842055303728256478660870629569033166328220626151028555776,10
tcltk,2012,12,154902,194267,1890,7,1236777,-22793,0.9815346651320393113600915457384431601256031225934481907207918314897390028001401025705462981191065708623291080075410058968163491209112268800,14
sphinx,2009,12,39001,18606,722,3.5,22931,8508,1.589891146070383770411142721817199227051076297468450743291789928914731145032896517738628943713616732658631758221389768192000,2
buildroot,2004,12,15705,8382,276,2.,12620,7323,2.382480649605837241755414575362164996871703064621533291870686589126550004931262118139942055810011241378398579790108323925600000,2
httplib2,2008,12,3184,20,14,0.,7011,3164,1.8224590590048194972732689909155000000000000,2
netsnmp,2006,12,59350,29142,1870,5.,323884,30184,1.102771535580165668679333083723814909764855070250493152835543773349712888589486671622367272759647032062554466442522601727040935051863829182818688,12
pgrouting,2008,12,2092,698,78,1.,6633,1394,1.2660813132032763799219262206839836093466761210702668803018263610801147503133387833807114342400000,1
galeon,2000,12,61694,40367,930,2.,22432,21327,20.300452489555683107078476442950415083214679857346892390872180000000,3
console,2011,12,206,12,12,0.,26872,194,1.0072719094387684704263003031091406208000000000,6
gtk-doc,2003,12,286,108,30,1.,1252,178,1.165735567961765545614999969297683719198424382841599117840000000000,5
simplejson,2010,12,1551,1224,33,0.,6995,327,1.04904019196253408628056163707938476654112736969425626060800000000,4
hoogle,2005,12,1229,69,24,1,3586,1160,1.4781533388,0
hoogle,2009,12,0,0,0,0.,5284,0,1.000000000000,4
krusader,2004,12,31424,16252,680,4.5,56863,15172,1.3639154733635721633223059713843487051337110806383654531018838188323345067726455164919763584374286091454015534040682250014240126439039040000,2
scim,2011,12,48491,5548,52,1.,1046926,42943,1.042889773790716472788882011396390628173854015679567402995772182581434595449153569648511983552438334698149889113236510720000,9
swi-prolog,1992,12,2472,1320,47,1,31500,1152,1.03795966785337816571202851720584967783822754638021780151630209836673143360,0
opensuse-linux,2013,12,4838,3311,131,8,955149,1525,1.001599162772804164714560860024791031808,13
sudo,2002,12,12036,9976,116,1.,29747,2060,1.07440314949519212964022429045943173694650992120378766040583118317268824580745604740000000000,9
jaxb,2008,12,9282,74360,259,2.,291734,-65078,0.7767624065846227005451490437960990328471622726447782631012562340268156706820809140368265050097590111232989800263747112722633255948063807795111698841600,4
gate,2013,12,1305,19574,60,5,613540,-18269,0.9710846157606864287462415547436862387,14
sauerbraten,2010,12,65300,36920,896,2.,239060,28380,1.1347066641826392120888628013377195175525999954223046109340009397077780426867407048587736705846787306246894640053978990394940346202098831086400000,6
automake,1995,12,9504,1517,236,1.,9588,7987,5.9887570269431106703038411020284234702852197254660063077790208819213685242120000000,3
socat,2010,12,820,187,40,0.,39259,449,1.01156918320045516789620079138298147304000000000,2
actiongame,2011,12,272455,142669,774,5.,508042,129786,1.343116830969454783985676368056410728737796137301537642278345785926335763402217038235244525912073502530696022683461684426945227934991616844800000,6
ravendb,2010,12,1364788,647813,3672,6.5,266404,183593,4.9118104530976912585964543854932353204479109886540539436528220818210508879142079667976381148344350475430730617372750,1
midgard,2012,12,572,187,117,1.5,564600,385,1.0006823639925227703408370622132291866841168530218607145313276454376242022286716592,6
handbrake,2009,12,193700,171074,2482,5.5,278904,22626,1.0882869383439848028491783686790891658593037707556759132681104341745554033300658592356822335207480766699832854345848938773371800000000,3
hugin,2003,12,81621,40342,510,2.,44504,41279,13.799689919054259562615058499432280356056746705167928863157564597405720205892151296000,0
ies4linux,2008,12,1970,4056,30,0.,2541,-2086,0.54868022502221083192800000000000,1
psutil,2013,12,43,40,7,0,12967,3,1.000231410058600,5
RSSOwl,2010,12,7237,2361,163,0.5,171372,4876,1.029285988855242678193222276112400601513189915590554278083365158402580496000000,3
jbehave,2011,12,63269,44640,1531,3.,57914,18901,1.4866876094634441903768482029389817675069838968427572320543171443905228692413686636891047799516674382167881417597439558257749208064000,2
fvwm,2007,12,87728,16242,368,2.5,249182,71486,1.40229380510328703107220176033115326656715224171631085076189460947855126607460420260888044172180899791081474299419206212422651008411540641902592000,9
weka,2010,12,172502,118384,357,2.,407719,54118,1.153048209704025398066786309258515673233801044848136666585942519199495624105846267749802336024188223267683626964944675525418350417676678612510720,2
stgit,2012,12,486,177,38,0.,18871,309,1.0166469130513808302848530120913253099942109054144187204686784000000000,7
izpack,2005,12,673119,59818,899,5.,1673413,613301,1.57852472192237392355158618903489474117711690749842842438660254098478705111817108423240054589908353554734635064196236255191524597934643200000,3
libgdiplus,2006,12,69938,39097,403,4.,117366,30841,1.35818728732056090234628391973318262323439429112900106945560557572823007804131108838806833131826822227838011153793118782721547165119472730432000,2
archlinux-packages,2010,12,486595,635687,8084,25.5,128979,-149092,0.2897776803856455490187507714031784423778825378557068620419676376604208461935753716936283356519504527320959051645062109773824000,2
shiro,2010,12,19888,17731,186,2.,48583,2157,1.048392524627211961747642612812619283249101133886066826177822514363085184130468026841778646870750401388800,5
opendj,2010,12,107036,54021,385,1.,971071,53015,1.05774702196543991924178165768963198370356920171848825915919556625933256164137171470251285201661816553052728648871716000000,4
kde,2000,12,2516427,1898540,41517,118.5,2100375,644309,1.4424998591977321489304138965168578134674511001433634719609705248698014099922356663665647168387519848720380912860848379818341865403856,3
icinga,2008,12,23596,20288,184,1.,132950,3308,1.025516422149837384719383954230428279055326999174629104297186411509373667767715668793682438335330601204519590635648000,8
semantic-forms,2009,12,6078,2131,797,4.,15231,3947,1.3497873094834256557516170090391175340390114143724392288100826522655725086908686227286163833499817283517231379155800523646996896562720000,2
scons,2007,12,35249,9051,45,1.,95073,26198,1.3803702359127060398852555614729741235143920841535283398134451348015595671352860379405745339521281505502183432648190632924560000,6
gunicorn,2011,12,2178,1408,150,3.5,9656,798,1.09008805599013999617380612449423882527705956445467001313169774471300635693016855069510333250771000627245067283808765227115320627200,2
smart,2006,12,7484,20484,238,3.,52748,-13000,0.74230380404299437395299662555035294408070819761210596664902498688496591474129645976328322985353380245454722669993888020770400000000,4
openssh,2008,12,5466,1722,202,4.,44559,3744,1.091730981248204017610301829536116933248103062862507105151302731327216288698005628292814777758050090863870348336933330181777017763380024240841413099520,9
winscp,2006,12,7416,2237,13,0.,184720,5179,1.02884577896064968712939398522637960000000000,3
synergy-plus,2009,12,18204,19941,83,1.,62384,-1737,0.968688598489557689402709773950169709094397834423710272000000,0
ntpd,2004,12,13320,2857,252,4.,11809,10463,8.77340267483621973320230934440580293851346515407357393471364695003562309335311439826754363975135103446195200,9
squid,2009,12,339321,287603,3382,4.5,694356,15766,1.0232334693999409748378076630580297268240547295755067009009756416693975148607077204098349923070183849635413587184468123423440938435178792787204340000000,13
gobject-introspection,2007,12,6703,3848,70,0.,13117,2855,1.2782108750803993289600000000000,2
gaforflash,2011,12,0,0,0,0.,168107,0,1.000000000000,3
madwifi,2003,12,5647,3342,191,2,9778,2305,1.308443730802957544981233748760085217603327840194553629107703488887367552943901766913095427665914265600,0
auctex,2013,12,1825,490,55,1,36500,1335,1.0379638845524932114784746013530830,22
displaytag,2008,12,5402,9561,30,0.,33716,-4159,0.876646102700000000000,5
texy,2013,12,3,3,2,0,4613,0,1.000,7
httplib2,2012,12,4663,4354,38,1.,13119,309,1.0242049193154958897153093235546889221396242876009970792868806360001936999612807356313598723293661013712000000,6
xml-commons,2010,12,11,11,4,0.,286920,0,1.000000000000,9
Fink,2004,12,260071,112216,2850,16.,242491,147855,2.5623547063707687248931890041027891649100310770155390233112290596475946841443358800424281631334690020794266065616943614264568311898112,3
coactivate,2007,12,193315,155076,2266,10.,85346,38239,58.5888553981118531203637409893730924311855674841647329744116441321588099481316115162150011679286373708863256709686898231623680,1
maven2,2004,12,108869,39214,1622,8,82540,69270,6.220045214681313182685560784058094984191040693677088268382263388211027371576894510852073863444276823761885153687489920000,1
haml,2006,12,8377,3452,295,2.,2196,2068,17.15624999699539034912087020850016714682676244201532500000,0
bogofilter,2010,12,556,284,40,0.5,49261,272,1.00555862097165370373243612967263697164149657757055146970812713960000000,8
thegrinder,2009,12,29662,19125,244,1.,137495,8041,1.06211472800718152467599796221205455101182613634990021151923841430304222679957434733865594491392000000,8
dssi,2011,12,384,203,18,0.,18487,181,1.00988746859209213960539034084169179261417468290936000000000,7
iproute2,2008,12,3579,891,131,3.5,40049,2160,1.05700863047219785407021274112257112705090404130517528748366965218750360579720345387155232338636393436550285727486111827410034000000000,4
oprofile,2013,12,973,470,45,3,43294,503,1.0117627800387905164008165016740049440,13
otwarchive,2011,12,483522,307915,1445,8.5,219339,161492,3.7917091642478973042122469741538725480913843595218521214865935965919222267066126504457654599320758470525970901646616374464185476800000000,3
gcc,2005,12,1272736,699691,9049,80.5,3135417,573045,1.22363848808302781184231454746414091503550924699736171014434781167329890519149478242706569980450309038907128982062554446207707411779840000,17
filezilla,2007,12,24093,7480,724,1.,212719,16613,1.084714389155711790356651598541488769483977765423210485588382753586692838991768419398981506391239646983834193103143643967943374292202340016292800,6
Macfusion,2011,12,0,0,0,0.,8499,0,1.000000000000,4
itk,2000,12,62418,24212,1025,5.5,31532,31392,225.22857153773720587509037592536771471137053063712538335070298253692043276392960350321927818342417600,0
venkman,2008,12,1954,1027,102,1.5,63626,927,1.01479483537649678694625545491418027675257470588388564531032746037837139058720000000,10
adodb,2013,12,0,0,0,0,7930,0,1.000,11
gedit,2010,12,38154,40821,743,5.5,87863,-2667,0.9678232753331181922881206518278271506722813212228077266205688784384675266770030365390544074402631919892524741061667847562333308253292288000,12
bibdesk,2009,12,374497,130742,1723,3.,381367,243755,2.77132081550890776458011322141955337046103826205531412989422599661929958120428319497331694909244287633976600800370855839964629808506880000,7
ant,2001,12,289302,116797,2191,7.,219532,172505,4.66821187861000602795829892059839917224804505599665407496390375860178534143882952398611466683662261086357622552561565727539200,1
panda3d,2003,12,106270,59188,1783,6.5,332704,47082,1.1648402434000939629096614156123219755271580270132691127900540235553869476356622577281887234901334908232605888125839684456464466309462638231808000,3
jedit,2009,12,45445,24508,891,8.,317544,20937,1.07067270204281676733868301456428724588056185176214195610241171395586484108127824345669282749573139505093500218094708591988185516072981266432000,9
scons,2002,12,19056,7717,307,1.,19092,11339,2.46253063349355560381654159254017574585910774890605639119291280721392008450837154207821629701775135812815560943977207663653750000,1
go,1982,12,0,0,0,0.,3,0,1.000000000000,10
bioperl,2005,12,184522,31559,1006,11.5,509486,152963,1.4290410436864116740352878204391328796984769922508871493939705677932829556225388482552035713059411624687320678079132226456415398682925025868672,6
KumbiaPHP_framework,2012,12,18568,72219,924,2.5,446767,-55498,0.87581784169822072490178851223686431155765500817545830559519053674971530560000000,10
perl,1994,12,428508,370822,190,0.5,562324,57536,1.12309219510864814626113379695647350346084576193239493443689659415512000000,6
Rhythmbox,2012,12,13953,9718,346,4.,134386,4235,1.032539127632957529122569961437169464424160250925395964461485919273035459453407782882088870538521421782553874004941161150549644292635772874259631423504,10
nantcontrib,2011,12,2920,3394,47,0.5,34860,-101,0.99707991210646251871611332873179708138039252812093704241332311119481384416000000,9
xfree86,1999,12,511113,390241,779,2.,1542550,120872,1.0905657211043577368657753842635609766112151079074140629116190807971577662912095113700303331882361784676950557162949459528494176591014400,5
apt,2007,12,14069,4704,473,2.,46150,2124,1.0482442193218618763556960488335681692337410020757358605129827904964650296717448177338101065445728000000,4
vala,2012,12,15580,26237,236,5.,242718,-10657,0.95661431235341188897772084592459912001898379453355064735703424741568962793965454251468079323480179861411995844970818129793660588248082093708320000000,6
phpbb,2001,12,187734,106294,6204,6.,89102,81440,11.629078568436810774066035055001413014517891231924036272122836458792591988753450868784062241951411808000,0
pytils,2009,12,146,104,11,0,3008,42,1.014193984452702033494014791655356000000,3
rails,2009,12,732103,754837,3691,41.5,142693,-2335,0.98349590045409335058996148617789756935756255833418524083768375763502150316945989782007483799613519241769058146816000,5
proftpd,2008,12,56531,24173,538,1.,300770,32358,1.1205534774880901818121768612438746128620579011326319163670844989130114916707338511671779001998733403419503286025461600092160000000,10
xfree86,2002,12,1025230,452723,1656,9.,2698644,572507,1.2692709829762381377544176192845941117518739288634639796457978715330540594889316837116865378791830080127956735706553394122638774745713280000,8
tkabber,2004,12,10508,5821,83,1.,40938,4687,1.12929298502211653973115243822810858429933748573466953360237555229577816519730326751918502044540328157481225298512999642594067456000,2
spidermonkey,1999,12,230906,63212,1227,13.5,274532,167694,2.569610063905524224722505109320968296768554432455237766221890784470339447181979312260563095880822239918559378691143971496933111988224000,1
dunit,2010,12,27,40,4,0.,74237,-13,0.9998248804471857541260607920000000000,10
eclipse-jdt,2003,12,519910,317952,8606,18.5,826490,201958,1.3233749431627144465740361460800615524480711860693174212962005403396655185134573822542310667747275180656448592964735686677220789266688,2
kdevelop,2007,12,421701,497712,3067,13.,215596,-76011,0.64722999604739121877181177513479564230834131707537569918792687763225678776288882486248443207902323831305115507437706113306214400000,8
w3m,2005,12,10764,10640,6,0.,82478,124,1.001505694927094316715525740000000000,4
three20,2009,12,73223,47720,914,2,28395,22895,5.16272727275720522633429884842974548916790835475344387476222544882788056040153902948807769986218199976185886632406088320,0
kino,2011,12,118,28,2,0.,97307,90,1.000925764012500000000000,10
gthumb,2007,12,25530,16203,423,1.5,117291,9327,1.086389907747580913573599223878166457349754872845392031106476212697382085958030979363522894840741863164876984008016199191621055877598398080000,5
jaws-arts,2010,12,7687,2383,57,1.,32023,5304,1.198510423322513238224877722817447476814613289423010071313675970272000000,3
civicrm,2008,12,715370,565841,9711,15.,702270,149529,1.270522722273287681929886099045419929272579796684654224273214230838743682564303065895118192249792620227409740597029567601000698483200,4
exim,2011,12,4013,2003,148,2.,100101,1867,1.01900563960037895770653367217471850388646290218743867028927470827498007679230359675465904156836395118675419832159794024334895560694687744000,7
bogofilter,2007,12,1885,1281,62,0.5,48111,604,1.0127139158440262731058368762799998080269272997977563799761740766665811218784000000,5
znc,2013,12,227,331,32,3,37027,-106,0.9971369148909273343173208210433838730752,9
xvidcap,2007,12,515817,758588,263,1.,519805,-242771,0.53244574723184783699921993428898571751277378302240150738470922722152048810700364671974140434240732080104449301725283276800,4
gtkmm,2011,12,52195,40779,143,2.,150456,11416,1.08212890554973560555675802005168334843533396961978867450909119373089760437210508804877738091346016564162578349453697553935904315744767201607680,8
auctex,2011,12,818,425,41,1.,33561,393,1.011848769898476556560020070597757170690152474137353935597414520101768262221167297024669895968341196800000,20
krumo,2008,12,0,0,0,0.,4339,0,1.000000000000,1
apache,2011,12,253782,191748,3457,14.,1536226,62034,1.042080000431895500381238168020893491035119692008275012719468804743096541105317199864317717455868037349294432014784793421193790192161358677032960,15
sozi,2010,12,815,628,38,1,953,186,1.243137254889784553580664987862020,0
go,1973,12,0,0,0,0.,7,0,1.000000000000,1
mercurialeclipse,2007,12,3952,1921,68,1.,6425,1999,1.451649344801386668585305271441989930115518036558113138756673866781089505719318227181248000000,2
jogl,2005,12,118534,91546,496,1.,113254,26988,1.312846312525778074635054688286388750786129990799505011933887089749062418977336554147133907147389625637623500000000000,2
brlcad,2007,12,74054,90978,2152,5.5,899724,-16924,0.981165483119868256284251883984568922527232942223627214934071230283080142002352553009993595759062632531797570254278324856221848575243674780800000,23
pgadmin,2003,12,577305,212933,1181,2.,367472,364372,118.539354803467983747475621332001918964158519988770401872884420134890361109777869700347374945181933830544537600,1
ghc,2006,12,227397,217454,957,8.5,215905,9943,1.0482758955477112411089615974451795507112126647212814792006945294102520019736368600035879695301803549345166393297203199700724570965462714247654336000,10
springmodules,2011,12,0,0,0,0.,2525158,0,1.00,6
propel,2010,12,89932,24054,3104,3.,375779,65878,1.212577565091113183116305683072257561223884523633638843237542723412889077987023594851753540377698753104127593127179064080605863307068887040,5
themanaworld,2013,12,3253,1329,66,5,156274,1565,1.010115765728474717041873149750893240,8
ehcache-spring-annotations,2013,12,0,0,0,0,10306,0,1.000,3
gegl,2002,12,57394,31741,30,1.,46938,25653,2.205214940053783381506248571039274511666532515569408154676646920442008818840323368049920000000,2
go,2001,12,0,0,0,0.,7,0,1.000000000000,29
pango,2006,12,22866,20594,451,2.,63142,2272,1.03732544767449783470068500843427293288120004675741753126597664531422965671182946690451762006376887249635547975359817307712508876082328968882637713920,9
mod_python,2006,12,7819,2209,432,2.,26030,5610,1.274730656215697351775079650213013181701645846431632148051392285372765991311430505070166454578826070915241600865098997334400000,6
winmerge,2004,12,51548,21538,950,4.5,108949,30010,1.380166964414047996456038942362226210716313961385563043957223495103062388660466717348030921922665221105889200919904525182301427341830400,4
app-engine-patch,2011,12,0,0,0,0,12996,0,1.00000000000,2
swt,2003,12,324540,304120,2145,7.,234747,20420,1.100615915240968672131360720259482195206757208569934631585174528489971508650115059237821329408163307317143802942674536970700654182400000,2
cucumber,2011,12,3677,2115,219,4.,13442,656,1.05130611606602171323988780506953702640441944862764003708856371238957904448106092632839726444800000000,3
mapbender,2007,12,480856,405112,1569,5.,249713,75744,1.456856098539042888869765729175990541333889529668326635397089070645729768737379308772585114715720391714330143819792816427187980294979584,2
truecrypt,2012,12,0,0,0,0.,108817,0,1.000000000000,1
geeklog,2003,12,36728,9963,999,2.,51869,17770,1.52112965184863983181608664708477516793707523963947832445195084791033430077129784879520117222848448520999624795968796473738813988864000,2
openttd,2012,12,13177,10013,813,5.5,226860,3164,1.01415830995242583283307756327950133529017257945350015923926668263352127012402266481750404551021606595720085777181687658845097206295828495622768203776,8
revelation,2008,12,229,0,3,0.,14404,229,1.0161552028200000000000,4
habari,2010,12,13306,6380,1383,5.5,43651,6926,1.18859087816169688394181699607339196464245702673673439081615914101630430040004806719050432183279347141284093853793420154198895602688234240000,4
recordmydesktop,2013,12,0,0,0,0,11071,0,1.000,7
mplayerosx,2012,12,0,0,0,0.,6998,0,1.000000000000,9
backuppc,2005,12,232,162,5,0.,23914,70,1.00293574903500000000000,3
libgcrypt,2012,12,5842,2810,60,1.,188255,3032,1.016369457355481921543932566408719847478093692351481683872993016851956190739061722611545362438393172458144805342080000000,15
dragonflybsd,2013,12,140563,90112,534,8,8966387,21434,1.002397298346974494931223312894630572352,10
libpng,2002,12,9691,5871,799,1.,228367,3820,1.017012028662224551416018726665155533474294796436218397707490748104094055010637684146141505453620236838430013136640000,7
diffutils,2005,12,0,0,0,0.,11928,0,1.000000000000,13
elasticsearch,2011,12,360744,301469,1460,7.,208365,58309,1.39931380669202741192761679804408167253514001329468097043577381992382516275732006909998422148255251579354386990784381046497105789864960,1
gedit,2008,12,27100,13126,295,4.,90323,13974,1.18302793749703349094467893498019686892931476307436433965978858272459239181599083804907482964518935542106556900941721199401637556887409429300000,10
make,2000,12,5386,2000,77,1.,32574,3386,1.116058269061307190516065941679534570864094505581555131863223802945033382246191762425003276332408401768278260474633000320000000,11
nutch,2013,12,1601,726,22,1,100736,875,1.00876217942896666855513415617264513720,11
jquerymobile,2011,12,143628,170470,3217,18.5,34861,-9234,0.73506627649819547018810554810838275180546943000000000,1
swfdec,2005,12,63497,3336,90,1.,81432,60161,3.828310845547418018768703452728726195037247212438571835962487864682259636672999273882354749251858139678130018668289600000,3
rspec,2011,12,37,20,18,1.,66,17,1.34693877545904031278719751192204000000000,2
roundcube,2007,12,26365,20888,567,3.,55312,5477,1.10990267884442265063978819044324805187736703266414087936258858043873326457533694548267586585603870202531101211210687678569129953557000000000,2
heimdal,1992,12,0,0,0,0,336,0,1.0000000,0
lwjgl,2002,12,51549,41415,270,4.,31080,10134,1.483815525596123522442455853172874060119980,0
galeon,2003,12,61192,28548,808,4.5,113128,32644,1.40559614335762081374141296138934727101956621720443420924733439535278940140512847127219895728515915899906501783660221058096943522490982400,6
tortoisecvs,2011,12,206,633,11,0.,215290,-427,0.99802055470800000000000,10
opengrok,2008,12,22104,13412,566,4.,25233,8535,1.511139058529171892845133458940091036651366109416297707811643929692965205251898448557009169742307521297064829977195179818131649447248000,2
kontact,2008,12,7822,6628,311,5.5,11032,1194,1.121998569568063579476584724462224957988226143801352584300827370189191190303552057683633238600976717758192926105601108810944226336153600000,3
umbrello,2006,12,29471,23213,269,3.5,80134,6258,1.08470951324600082935367803670492915380691736009665883846119007670275098242576520557043475188725390295102814747262643647603624992832063068295577600,3
magnolia,2011,12,4725674,1660382,13237,14.5,15200514,3039199,1.249907102972164608800220933695595523978145518967117972499013316167788586089682419816638526534354202550029558506371778036099583978080000000,7
org-mode,2011,12,100711,68965,2005,19.,135295,22150,1.25890988995086450162050530675250900099783567557861505657804549591914575616397710372390714171853983452698052104907953572961902612992000,3
secondlife-viewer,2007,12,90663,49803,385,9,401261,40860,1.1133737142912281410074748408156362390749492997427065258160998280077262778899078957516352815735202188615819892219575443904464000,0
pyyaml,2008,12,11204,4627,47,0.5,12394,6577,2.1306515385851760514240429261993111517397822308541066710528375272394500000000,2
spacewalk,2003,12,2,1,1,0.,35,1,1.02941176471000,0
venkman,2010,12,1715,850,21,0.,63738,-1,0.9999843110183700000000000,12
libpng,2005,12,0,0,0,0.,345438,0,1.000000000000,10
sinatra,2008,12,40544,11318,618,2.,7414,5118,3.229094076431793400965568151420496514035105815982472672944645189391612596103190507450572032972251202928237818496169867673600,1
cyrus-imap,2007,12,27318,16872,1005,2.,847922,10446,1.01247319326185677796032453861101719747020844904442443415524657539317571324468031875168056960539936345777517698329490750921779384699605614014435501998080,14
v8-js,2008,12,164169,17296,91,2,311086,146873,1.894405436809084579971352414368404955560690699564489472,0
tiles,2011,12,96184,91940,55,1.,50466,4244,1.091817749122863613404034552564807540497655970925561716219527371943061481879449544995635360000000000,6
iphone-color-picker,2010,12,51,3,6,0.5,2425,48,1.02019352125000,0
android-vnc-viewer,2008,12,2227,241,7,0.,3617,1986,2.2176578787409466652500000,0
itext,2010,12,22703,8013,406,3.,157123,14690,1.10313621141907211675471261498640017891315182844337675877138301468670352377917568238789526851906562781917553242821830411825045172721780960146521600,9
docky,2012,12,66,28,8,0.,33268,11,1.0003307574345616210627448100000000000,3
kalzium,2002,12,4606,4017,194,4.5,3481,337,1.1071882950868672329695367061118471909586578678208075907671092036115112673239263671790284800,0
Axiom3D,2009,12,306360,5620334,412,1.,5500527,-5313974,0.0338942252538922151339134995049436714769728961651749126575866877430580650520350874743720890704841075694695103981136012837773633643479040,6
commons-validator,2013,12,173,121,18,2,17451,52,1.00298867750969590202867000,6
bittorrent,2010,12,0,0,0,0.,8633,0,1.000000000000,9
twitterizer,2013,12,0,0,0,0,178036,0,1.000,5
opensub,2013,12,0,0,0,0,11624,0,1.000,6
wrms,2000,12,6993,7568,299,1.,6755,-575,0.910742005571595525543212251839781140482767884088466948959081244337563386134190721430853224621255415675747340817583465298196480000,0
ktorrent,2009,12,31292,19257,516,4.,83181,12035,1.16915919377036787855267305832740639246522246670385791301030388019908638524813752042314143893889251587517617782002297392889544000684307200,2
cmake,2011,12,399078,158216,4564,16.5,689722,30254,1.04587637307760943859869663134240193894582211028450404504477205280225080833462589101791899241916310155257537876670321377401129358410949556420000,11
denyhosts,2011,12,0,0,0,0.,2089,0,1.0000000000,0
gnus,1999,12,14718,5965,298,1.,65735,8753,1.1536099118971442992880425647700556057963947867709290174654292066072094773794698963237912180363607453434008160070849858837256458847259875466624,2
acceleo-eclipse,2013,12,852,455,44,1,448225,397,1.0008865169041120824066823220,4
Test-More,2005,12,3038,1616,122,1.,8256,1422,1.20807726075652926778385400801780772651710347930114607351002476525181901251681280000000,4
sdl_image,2013,12,0,0,0,0,23418,0,1.000,13
httplib2,2010,12,593,132,11,0.,9445,461,1.0513134461304097678340535710185518032438289600154513910504000000000,4
eZPublish,2007,12,362415,279866,4260,17.,431398,79975,1.22757474609399884633790911812071373948068105960810168416994964628993612758850611743236474271078170429143639909258417975325024926122835200,5
geronimo,2010,12,97121,78317,1498,7.5,380836,18804,1.05194015997770613913808487963660466070788103668017760821714254573396129682395135407148965936179974797010554506160203880202341784198393364480,4
junit,2005,12,0,0,0,0.,11201,0,1.000000000000,4
phing,2013,12,906,359,114,4,88577,271,1.0030688741419741409603295285794323810,7
strace,2011,12,17406,27194,261,3.,68574,-9788,0.854686896862032268493229710032617216857265334526713369173891329551810164144519385054675954965015392062970715810570802123509303859231499452416000,12
rpm,1999,12,53701,42857,848,2.,55249,10844,1.2620463003500768040847576846345312787597793650023200474097217452854937761607891843099365442452448506515658266614654941900674928000000,4
ApacheFelix,2012,12,198283,74015,1035,9.5,649904,124268,1.236414553044496461871362404235301917507961619867986885073205495708226617722412444116502877553795690722863518562372232503395525078644776960000,7
seahorse,2005,12,31623,15521,311,2.,44616,16102,1.56470505719393848898451325785616439364009671583720801420274341806212302981924483539802523229297558694393318470400562892947984814399815680,2
mason,2002,12,25887,17901,2791,3.,30334,7986,1.35734741362191520625557140788006128857102902396892438065438756573240670679741501044337719193092764403579019096881670569820734720000,3
octave,1994,12,72039,37384,789,1.,92884,34655,1.595150183011674763154525968450145233765907514956300654791873864294925273105522503454132604402855727654616114718665179887227225366784000,1
python-nose,2007,12,54007,31053,639,1.,36890,26502,3.551212937940992289605665131577202279411175590581917136053314512631233454624945153165218203787500000,0
gitorious,2009,12,181039,164986,1838,3.,244349,13581,1.058876061572352171600676653164231434112278543620677209689291055348274680487143271452353404718295003120315273782824085478205437528697574912,2
cygwin,2012,12,39099,209964,564,3.,1572922,-170865,0.8910804053614021154500113355265979879880495394868177031063976392070499021438266792415359619650517919427422536548578569677035226159105638185492144995924064000,12
revelation,2013,12,0,0,0,0,33396,0,1.000,9
speex,2002,12,46174,27964,868,1.,21780,18210,6.1008403368578240642740865869424439696019436902578752243712769946539861764903481381893332694004598991249600,0
alsa,2012,12,5313,1762,164,3.5,302027,3551,1.01189710395471254451885942314469407121796217430871301894382085882192179878063142426837625616644027836051098216939721409649633309511297219762514864568832000,14
web2project,2011,12,138843,136517,2711,3.,95578,794,1.008404962526154796877426686852555555736140912386018964839999280088684327689997601908927265611721787277474503855318459654477855332310588215276499200,3
opscode-chef,2011,12,71451,34099,1520,14.5,88007,21152,1.3163862089585198828611753648668802021020952510718973525366971154248801092561015610906825197051712066255163405341767540034132065969390080,3
oprofile,2011,12,1274,5440,96,2.,42869,-4166,0.901293654959935863680441248281506837521533212626248631050826074438415506771848709575810705235897071682271152107728084816019968813145018865285350400,11
yum,2009,12,51454,15638,2790,4.,104864,20162,1.23803452100454080797452575239806071174359730907004858891060106875080940438089721262853595485408079927858076417602099259756515245666000,7
blender,2002,12,35906,27276,218,5.5,321921,8630,1.0291357191060893084610,0
spacewalk,2010,12,1228836,723313,4938,11.5,2839177,493900,1.2105934608612551621308815912376451269747989950272645854224369200449636582605932307130443162444480570325592424309167128429977894692437887408652000,7
modx,2011,12,385292,166671,4576,7.5,402070,69507,1.20900400824645298632216920893960645950729659127084575827519485809190901635390608988724212666560866742100000000,6
firefox,2002,12,50909,45524,994,4.,25671,5385,1.2753630598747946655104971396957841614926669447062523840000,0
buddypress,2011,12,50122,41104,2873,3.,38393,9018,1.30699574469338875891815397730189266341188445802252460928048055945088845917363531094397210043185971165646665497791347991328883553280000,2
widelands,2012,12,72591,41120,635,6.5,130531,10338,1.086011664572597412698526103177993031165385168735390690609896863125742067746374774516121637774048992365400354155723498993750008828803378896682752000,10
jquery-lightbox,2012,12,0,0,0,0.,479,0,1.000000000000,5
mojolicious,2013,12,3236,2386,303,2,30264,841,1.02858308126140486781077059531847887,5
gnash,2013,12,1778,1127,45,2,305306,606,1.0019888414838538275728797443370981311450,7
lxde,2013,12,427,79,9,1,223370,348,1.0015603841777362911072079970,7
fallenswordhelper,2009,12,76921,62020,442,3.,23406,14901,2.75202821865759635320988730085898608451000047536549850635976190083180939817757414236585875473527406877484769304440368637641318400000,1
mysql,2010,12,6331994,3885032,16765,59.5,1324736,218516,1.19925773946140695525378640944839200995756243892081870279086992015900576219300725037810634593918592297044192829335488541809324759532000,10
amanda,2001,12,19562,11527,193,2.,77473,8035,1.1179432228456743704186306777450467028422119227102948918431667790854783169534575259926654329649046409365959218377705584085825523560,4
gtk,1997,12,17415,14711,119,11,97729,2704,1.02845566956,0
PPI-perl,2010,12,3298,2831,55,1.5,17799,467,1.02694438033748576053794748253897004722350619846237368058560103130652084150418969423310623740057934942060250352004046528000000,4
maven2,2011,12,262954,129175,3852,16.5,952082,133779,1.1634834529412098509724667374096551795572734184664456503387782810399539478130574397953837120122744894544178436152464718906326439067025408000,8
gtk-doc,2009,12,3609,1643,199,2.,7006,1966,1.3900793651137310338208407530829883653905369181555845190713962158343258733871327952807916826130180855042957722368000,11
poedit,2001,12,42263,26026,185,1.,34413,16237,1.8933208626183973716958831775902979858950354590606276132621761689189570842563163533832843183125151264000000,1
HtmlUnit,2013,12,7256,6222,261,3,621739,1034,1.00166584770557008889468071002993405900,11
gnulib,2012,12,28755,7465,1135,9.,476019,21290,1.046819094452160607697666540565165505028141615224516496196673248862475165902592069618757141056122693977657185844893755287044302171829919228274424493600,20
ipython,2005,12,2262,1370,67,1,8706,892,1.114154082420932025344879164254381358500398449860735252660,0
ruby-on-rails-tmbundle,2013,12,0,0,0,0,15402,0,1.000,6
lxml,2006,12,21715,17181,348,1.,8809,4534,2.06058479543514106733249030814095605461887104223004596816009827560426903072324259613941378038828154762819493722662912000,2
mevenide2,2012,12,0,0,0,0.,13428,0,1.000000000000,8
dom4j,2003,12,7383,68772,52,0.5,133291,-61389,0.5389277774439540497264435467864607717237869440000000000,2
llvm,2012,12,332028,265956,9634,69.5,1023925,66072,1.0695658033410181462450144632666715640740802943624424839518570753552852431927256423740040756546998569638371102081492776184009324473150266112000,11
boost,2003,12,158823,80464,1176,9.5,173188,78359,1.8263189529614987114261631395735527423673477298594612689503591265485598457398618513164536273673146684221949945846455931067116624000,1
mailman,2000,12,28472,16410,1433,2.,47077,12062,1.35548613364068243354293014499712331496852210071504887681257404877284906235172880209173081480532426950470523912739473775916205841259708416,3
kbabel,2006,12,10311,11291,390,5.,48547,-980,0.97916135069093516318021208626150664540590295307079708455081400455208424225726777877526998535858329346357623022814557471154243987938162266226688,1
rome,2005,12,211430,51409,101,2.,382123,160021,1.72048428204138967454435852843156623225820617012021422268298493650361407846544944542673261533793554256487265899629690880000,1
libgcrypt,2007,12,26860,10558,242,2.,141360,16302,1.1303555150370144280370183702990959058561434720157736335466283656716268649894035553013746834985640825373360580340712492338584905113600,10
flowplayer,2006,12,6026,5008,96,1,11544,1018,1.09671290139,0
epiphany,2012,12,33257,33242,1112,7.5,64457,15,1.00024149535157812484006674987981458423219804211659928381743575076770867882703511453044465598396365320773233209600443521140629527429120,9
freebsd-ports,1998,12,73153,36293,5691,34.5,99990,36860,1.583874544586509034866706825772230793759784552519920306699756781975630337753036697534940924034711791907797375489555818671001600000000,4
wireshark,2010,12,327058,175021,3505,14.5,2105737,152037,1.0778200337846225904199423939662900361119745828546298902746604466327681075024937308680584557699253016766692718108300429317814073233009594880000,12
ccache,2010,12,32117,13256,1331,3.,27094,16148,2.475242097478603871022732766729023594156619717789113242932370200309125959039123981996783438378422327085601640808220759460000791300096,8
mplayerosx,2009,12,0,0,0,0.,6998,0,1.000000000000,6
dcplusplus,2009,12,0,0,0,0.,4907171,0,1.000000000000,8
lxde,2010,12,39921,15495,775,3.5,204572,18407,1.099358195822552391343826839131816353992830312780733753027283256276821857683783143857047230762834539474373997237536188835450470546475196000000,4
vim-ruby,2010,12,163,127,35,1.,2308,36,1.01585903083712757449979348879631467340529669379627230659987227851433033770534460209754959429820648000000,7
amarok,2011,12,76762,59442,1186,15.5,259237,12564,1.05094869850951857689274042115642509582093839681713035953374935071950456805340831839313441904394926828812409108616152947992147753051879796184627200,8
pnotepad,2005,12,151001,13892,689,1.,369572,103861,1.39087956460569304466826500454697102266600990091884056027814415854727834518251643149462434432923796262703298856234381456415948261698910720,3
claws-mail,2004,12,20793,17211,872,4.5,151070,3582,1.024286721635229267682925603511091002546915622811760260616822738630407087033865144850439363057796081733932439785207728772235017914628246333069120,3
nooku,2012,12,2276753,2980655,14788,10.,1542553,-747639,0.374690330597825783235020679382247752282607770255958798208203547566822475396307397296369367722417238766587481839831388454074240000,4
dibi,2006,12,710,492,22,1.,1777,218,1.139833226432504669296565385535806645278554225781550000,0
sogo,2011,12,62074,30203,1664,3.,247436,18737,1.0819286485726511803591614360326622499508762565073070709076016494818150544903697236132944414001638595484574951297806372783652150123894554554859520,7
mason,2009,12,279,55,23,0.,36203,224,1.00622585397085447112083160000000000,10
Tulip,2013,12,49742,9840,405,4,5044486,39902,1.007973090270588423821346994753358285700,8
cruisecontrol,2006,12,24198,9425,240,2.,120922,14773,1.139172295548307473618625771347034099194391861497275725794512337308850361380114746468273737264092338178302455713256139334503286988800,3
perl-ldap,2010,12,1002,1640,14,0.,14493,-638,0.955978748362109048944130000000000,10
vtk,2012,12,10044352,9461843,5203,24.5,3568859,90933,1.02614575468782649904376872823143068465109684677969108556743308611433277563275248921862493118442695038718053009534010237228066875142105731913405440,18
librefm,2009,12,19058,7038,1552,3.,34987,11978,1.522600349087808642256531881164771196470801619137416886203580367111532641936998400,0
quartz,2005,12,198940,155873,246,1.5,44733,43067,26.85054021232171455257590709654526525425311802870508680663360811117668902391675501808475697492882455903474500000,1
qooxdoo,2010,12,178414,103300,4838,18.,901661,75114,1.09087686483881334369730569409913991521599986398196308727654082990046008887260897485175014712946099735324947554942943155916749825348077534412800,5
prototype,2009,12,20827,23019,350,3.,17598,1534,1.1613717651335265693777811141654880235917781642238126915720168272938944429793225048420984876662114772121931800576000000,2
dblinq,2007,12,27508,15646,209,1.,18934,11862,2.677319004417500794191462570136586922858750685416038984618288552856385790360191959548772660313380,0
sabayon,2009,12,1077485,882720,3898,5.,362971,189740,2.095300494686387689303172761202483081939187042495722972722611264296281125578443902535210769349776909903385996580955951381069602406054400,3
saxon,2004,12,15557,4913,7,0.,62619,10644,1.204790764800000000000,1
banshee,2005,12,74368,37295,934,5.5,51050,37073,3.6524289901935026761438031876625697730335554772595296509657600,0
axiscommerce,2011,12,162070,185483,2204,2.,457552,-14464,0.9693569709497920922297639342442547961814716486499123115385721625928076420149330688938789543604477395563700932416000,3
marauroa,2010,12,7681,3007,405,2.,21216,4628,1.278996865198257168662367675986042224552438012135746979431896229599931915488678400192197472240053297816039252882107986747198668512565575680,7
gwt,2010,12,521815,266824,1778,20.5,586410,254991,1.76939161616325893820332677840215339868030352961728908252940153052103489201398083802304399125409930058514501651357826938764789760000,3
nantcontrib,2012,12,744,1740,52,0.5,34620,-408,0.9881694551594271993825420273055433572594507521133373467551713836702248960000000,10
grub,2007,12,21630,14110,185,2.,67828,7520,1.12469324135543293428111189187485585302433782446409867584198677359335880167391462182184399723745448189963115514052900889402603520000,4
xerces-c,2001,12,134078,44296,1061,4.,202372,89782,1.797424282879224661806661939246029510373496292449527019694026176364745373191895646623566229429458304351588251744301976262554419200000,2
gajim,2004,12,17255,7560,331,2.,15177,9695,2.812827225068187554346436806857110129430198130662111111465819414194829495371751908043939763154449038378575669113657332517646272000,1
bluecloth,2008,12,8547,3783,19,0.,5806,2355,1.682410895466521057492325577256000000000,4
stackless,2010,12,654970,525491,7086,30.,1732938,111859,1.06933921971908602312180752050502933340201855426535164495336115429050128542137163685081003875907082723602628549115431101265629311633902723944000,20
elinks,2006,12,62781,23206,1489,6.5,113086,18326,1.19339383705366313632113061540373468526271393277997486697897892355052614242850264455668449224688797751269862465033885944832000000,1
metacity,2003,12,8117,3254,218,6.,52748,4863,1.1015558108036109643233057298124989533716427198881645262979336885412098631018936232698476281114765046965081132491374749214615348510822093900800,2
webob,2009,12,4028,3025,105,2.,4815,591,1.139914772718544517483141569313941266579475733227613906951706007265860827618390709586483816249224425721076524109232000,2
syslinux,2010,12,390453,128826,963,4.5,262725,36212,1.15986720411651860732226766536494049864000000000,12
ardour,2005,12,130119,24857,279,3,255553,105262,1.700387914076532707902790188743987282038543531308885564183912211178452640000,0
inspircd,2005,12,154715,166257,1445,1.,61704,-11542,0.7154409407150843342021543360750457967592031127552737572734083887528908005832800000,2
xournal,2011,12,85,3,3,0.,37224,82,1.002207802697852273538593030000000000,5
catalyst,2011,12,13460,14159,470,7.5,431793,-1726,0.9960010842941518440847170998852137096596757291564631994875560814583886758169819712079327373822503064074610472996983318877979925961928861078480000,6
cmsmadesimple,2005,12,1146908,1109684,13454,6.,628980,37224,1.16311292238238208148607003908315526391516288059207203446688529775882995487822173590524609066815029821408953029045272974983168000,1
avidemux,2009,12,1254123,983302,704,2.5,8947440,26741,1.002997635048020808922504553810856609483893482524274201197222831168528219333185542350772828286631596938768822506303110542487085274242012059520,5
nuget,2011,12,126718,109992,2258,8.5,51184,9449,1.23143997841432329249804087195748111029223580642414794898532096635238730917384159210726318549958347733448038588701269105722444800,1
mozilla-addons,2006,12,71724,24658,1511,3.,61431,47066,4.276435781391823071921493622298199282677631396476308282166769690488502677719565358783702094598891615656754166864759368283220209208832,2
openkore,2010,12,59529,50786,361,3.5,268656,8743,1.03363817893354734394946407041882933450315858885831947557721046121266965112961817927736365928892152027964728853286241678131880290458491616027252224000,7
taglib,2013,12,76,25,7,1,28097,49,1.001747005134004281693335920,9
mysql-python,2008,12,1548,1168,11,0.,11321,380,1.0347317429864141888678500000000000,9
arquillian,2007,12,0,0,0,0.,2,0,1.000000000000,6
matplotlib,2013,12,14132,19543,345,15,372219,-8385,0.97729666503023591042283780233916636,10
zope,2009,12,238668,144683,1951,18.5,351972,54862,1.1846521490214072215177311905129778593643835370079023061088295815184236137918780936984806894285352165311574015121112755238739287708828287631360,13
quickeasyphp,2012,12,0,0,0,0.,17054,0,1.000000000000,2
midori,2013,12,4333,2457,145,3,53711,1876,1.036191762320965739718925872208049200,5
observium,2013,12,19036,7554,630,3,79071,11482,1.16987971417762466770248143215440,6
log4j,2002,12,41513,25849,716,2.,64276,13398,1.263335822977747416560384607332117364025705397408004041226031126292012265061881696000799620180477924757840368937500,1
netbsd,1998,12,876649,451993,10153,50.,3875214,424656,1.123068790605350256074304581606822447809105200295698370279228728807605798344397363543151533993180092836219876937183705914945142297602048000000,12
doctrine,2006,12,235134,171291,4650,4.5,59398,42562,3.52803516260010565040261961214719556439041139833623583711547566001820130099200000,0
rpm,2008,12,28318,716068,1583,2.,757666,-687745,0.0920546447533265982896247310793313591236557360115542298397457641979082883504188276891499796525567948400463016894487398775842422413054450335200,13
eraser,2012,12,43817,14330,249,1.,172765,29487,1.205814196993921381164811229191005466536071357636904915856340483591722522876800000000,5
k3b,2004,12,112178,101802,435,5.,105632,10376,1.1089275216423068275236846079078977584748901609076082945510147896028785148472133695658699717135492821196418657934966726870272352277750906880,3
xtext,2013,12,493676,535522,1190,8,2417828,-24978,0.9897748736491098326920480173037632,5
gedit,2005,12,38134,37284,158,2.5,58530,850,1.01496953259880638007066865263498973329704493583107860096152775417914745665697564379211751776764120434545656083254310209280000,7
doxygen,2005,12,9282,4340,189,1.,176957,4942,1.028730052612237199895063508272950647156663341298772528560028622152501866819122912977175669086772004029245275960099202282348108234025424304947200000,5
jboss-drools,2007,12,661385,563660,3191,7.5,446990,97725,1.2798018696417160759294379302634127516378363267468745702743111027757772398004326608063653583573344531517745837010044422049317759931200,1
fwbuilder,2001,12,135115,101581,1647,2.,62878,33534,2.148306680633623602808911237432614677057687129515868951445181445265342077212485849682879928384590134816416332019798301226616470167040,1
pgadmin,2010,12,121774,102835,394,3.5,183980,18939,1.1147533037178253484705297260774381053756555456781373372228276642773947653501466028499278056715806209227484562399451736375155910457002944414144,8
xml-commons,2013,12,144,2,3,0,287247,142,1.000494592570700,12
config,1992,12,145,60,23,2,581,85,1.17137096773331805289837042987148459555209965265528634474714833421449715764232929034240,0
jtds,2011,12,138,15,5,0.,130030,123,1.0009468311946506115276533100000000000,7
openerp,2010,12,8367805,4052801,22922,67.,511525,212316,1.7095909547348759358457831703673678157901006718218229690956680313787973370393412177132986476137312621981734213470201620368119654809600,3
pmwiki,2008,12,56,33,16,0.,6341,23,1.00364039252979135393185790000000000,4
vegastrike,2009,12,31452,1707,58,2.,680262,29745,1.04572516936034755426857308830147054634320645235951315377403744676250102333794646830538704161342794174094104847026750506336000,8
alsa,2010,12,12309,4878,173,4.,293780,4493,1.01553128899683785916377030879636500993387635281615841237140317635884537159911598773674231197718958171794996942406853106604899456000,12
scutil,2010,12,311,169,20,0.,10203,142,1.014113905178726872700880000000000,2
webob,2012,12,9917,7265,149,2.5,12531,1973,1.186872513722136799160161017408080536984543012514461209208581979606147555964891494134867855182217290774342365758707899392000,5
jack,2004,12,10780,6374,304,3.,20893,4406,1.2672408564120145926003937957751112388422876521141495133857222823799533516341215926153208275777033347355041010355567613153280000,3
openwebmail,2011,12,86806,41881,67,1.,185885,44925,1.31870743473581736107517077941914195044471679036331817668154159288838590321585404998969445312556627891119997614080000,10
munin,2004,12,8479,6650,338,3,6283,0,1.00000000000,0
gimp,1997,12,605665,83667,107,0,588259,521998,12140.488371511137704000000000,0
camping,2010,12,1522,762,69,1.,3626,380,1.1170671595803644297102327903894640000000000,4
f-spot,2013,12,0,0,0,0,101916,0,1.000,10
systemtap,2012,12,78367,78888,775,7.5,148988,4250,1.029363401453819631113899657987619108498133423765414744434513175146721029506374944404064450089047035494156289275364089294100940394236035328000,7
rapidsvn,2002,12,13214,9959,171,3,8496,3255,1.62106468227201066684005894275100741188023055212721200,0
catalyst,2007,12,256111,140665,1289,18.5,363161,115446,1.46604363880932301721748918831579286004826707384298496183852896259928304567138650371996041644198938959443928218023304341538204600733696000,2
jfreechart,2011,12,253,6,6,0.,177914,247,1.001390241294052409238305900000000000,7
cruisecontrol,2011,12,65544,5981,247,2.,411877,39851,1.10711885727757792054025847887014469628498422907274910979022621790865191619813535224512921176198254506438400000,8
argouml,2008,12,894445,590429,2707,10.,1114790,304016,1.37497009032543322810678064285368686731316286166575966385704563188966511311553228902663603061349248172054689859999099697872896836907319872000,10
wiiflow,2010,12,243638,148312,482,1.5,186902,95326,2.04094959382735708542661286053808083644945410544638099607711224591274049923168696059566709401347597451959249033600000,1
ffmpeg,2005,12,57012,28841,1041,18.5,214832,28171,1.150920652970967378236244208228391121353006998295465382356058246030045458903092253310223867178680658972716620661661657598598248426212812800,4
sudo,1993,12,2016,777,58,1.,1576,1239,4.6765578624997790763965192225967826405203642184181111440920192000000,0
freeimage,2005,12,43707,24712,207,1.5,182716,18995,1.11602054714669525814877872988584327633152963303591572805776280185093309141859648969057012188327557935718077635466772550500682041527716800000,1
duplicity,2010,12,1405,772,84,1.5,14104,187,1.013436803908156269944846598015424497322210072002208987077520728596503487076001339003729388055120195300451903488000,8
smultron,2011,12,0,0,0,0.,124715,0,1.000000000000,2
sqlyog,2008,12,15636,5450,105,1.,109137,10186,1.1029429599359296207659353929511346333184646362794469622899433420701554862955720024402444174346645446425519193298564998257781855782626301719871488,2
Vienna,2012,12,1077362,1122916,459,3.,352328,-36929,0.866041048440252258220696764242112537835837076665595470270627852040152931971289768493355312930497008870215985161206331420266730446456440094720,7
amavisd-new,2005,12,16,44,8,0.,7745,-28,0.99639778721200000000000,4
OpenDS,2008,12,383412,237458,1132,16.,735613,145954,1.247522720769483536912104729647370763844137397036736332161765632744867426367626934976069866011617550813802950107160631840238043460001792000,2
Weld,2010,12,238919,156416,2274,13.,166664,69137,1.708901124777446854964208436776445820022509019534655845913582601361776384094117008447474742457832836376649415780768958357433808742400,2
chdk,2011,12,263589,84304,602,3.,530940,179285,1.509832079761924591164341320863511872260482981383256005898138411834553348951232516731284203547248781575153248406001555926411193231200,4
amsn,2006,12,77212,80141,1720,10.,207176,-2929,0.982303504882976552059222260298181232389803817116619561363081137749052673904482081958654535101812553293247012308810735426313710322048000,4
gnucash,2010,12,385505,142898,1464,5.,1094105,242607,1.284917874154686856638521743943088969650925125489670445996206584271712099624254637107126088428343008791490577751529977549221276785399058636800,13
devkitpro,2013,12,163,163,9,0,204794,0,1.000,9
symbian,2010,12,31600140,18998696,5211,22.,40115328,12601444,1.5045307474540302587266444724829152679540157272921703030930230898944000,1
git-gui,2006,12,74,20,6,1,6338,54,1.008593252705,0
habari-extras,2009,12,47661,8834,1868,10.,91077,38259,1.7243553333493709751816054849200933477840363022043106323796400283141465643703171433331338729428194427652177715418703785379417292160000,1
cvs2svn,2003,12,3658,1774,134,2.,2336,1884,5.16814159264474343189556072505655146732943724064110321917437131675004413760947387343069017686610669046465464192513269760000,2
xiphos,2008,12,114215,124514,56,0.,67683,-10299,0.8478347590909597940850000000000,8
funbird,2008,12,15469,15122,125,1.,8055,347,1.050775534019216185401389202069853331431343040,0
audacity,2012,12,4605,2367,295,4.,161441,2238,1.0140575240423599027422405838378130028370202597984180085407717231806765385977307491302582101741377764440928637024625295125003272731903150178132136933560320,11
perian,2008,12,3988,1252,183,1.,29357,2736,1.1027760039002860781172131981531318406726844179466823463736878228425456752301645839482400687297030221627081833613930000000,2
gsoap,2013,12,11864,8381,17,1,629572,3483,1.0055631068430361608189270500,3
pootle,2011,12,2814,1786,220,1.,30194,1028,1.0352465199194631947546946121499426289842852556773860654119661677408620543379069261691603905868800000,5
RSSOwl,2012,12,0,0,0,0.,189770,0,1.000000000000,5
solr,2012,12,141705,99314,1873,16.5,210488,42391,1.2521817759951294597564269456732435936058355036566581104468984019242605719134346972864078329807519223876235460800961007182804258322121600,6
bugzilla,2009,12,10791,5753,495,4.5,74101,5038,1.07294788816224132228089177492933545478482568699860944043990623361139247900718471540604897794415385082557581168043020564261543999821737369600000,11
appfuse,2012,12,98775,85529,305,2.,71304,3820,1.076088039036756429988833034258330491052404740079320538905260902508491140049582239858611268529398283004607258351138716247040000,8
ocaml,2007,12,73498,30350,375,2.,289091,43148,1.17543902450977551897308821959439421736397660596157869231365170053836581398448891341440677922200408925602638720000,12
cdt,2003,12,228064,126404,1894,7.,195442,101660,2.08400332688641892880573818446237881843600664790753164278819457595842193986119971554712274720587928607405545582472851293299982598144,1
exim,2013,12,408,42,5,1,105674,366,1.003475519428280533077249481961069874728,9
tsung,2002,12,549,67,9,0.,2269,482,1.269725797430501743832955392598150000000000,1
thunderbird,2006,12,25557,23167,1292,15.5,348283,2390,1.0069127089715668368911573821254404127027281888577477611621548873425117310060450848100027121036761362614041322932570707074763523041033753793353600000,8
django-tagging,2011,12,0,0,0,0.,1577,0,1.000000000000,4
telepathy-kde,2011,12,142748,93490,2696,13.5,107265,35621,1.49719446148299662250486586764675107021362720101524611987513101022990352431042152619734259208438093830754695869869469635363069683200,2
llvm,2004,12,365115,322853,6310,8.,310510,42262,1.193781494874157663056732211533804345140669804493068810832287128366749651605349110391194530421585550445550141823379576854321000000,3
virtualdubmod,2007,12,0,0,0,0.,347766,0,1.000000000000,5
sdl_mixer,2006,12,10900,9222,46,1.,40734,1678,1.04296394919957998369783825573865158024780921893975957287353182071389350102865507523097290056156910000000000,7
openafs,2007,12,22699,11902,631,11.,1246179,10797,1.008739806797327918083929841763385526908081745759154671901294197740612048801641690539014779245265047014809933661252991318935943247800164811534169161883904000,7
lives,2010,12,42098,20833,580,1.,214658,21265,1.10995744416389729422362025688921133473737381505640166553111785545493156184741273554471868403460181760595234351097485021460630637535006513720320,6
gutenprint,2000,12,136705,87642,1117,5.,58973,49063,7.05716049372715151504006977451572691785746703915645740723987997685612365148865765782077987997707037185220022420906841433700480,1
octave,2007,12,187060,73446,2716,10.,531375,113614,1.27195932602294911319999339633123478181122752420036065002149536879841974791308344515705288811515079587190366673817423604955736725016000,14
sdl,2003,12,267378,98440,1255,4.,1042470,168938,1.19349946796319647507495380455775657983563747132345602718362227967530898546753907955374198646883165428801719634695464426173631889994238368000000,4
opendj,2006,12,381663,53550,911,8.5,328156,328113,7631.5348845474421085351778219078610511392075556252147567543490301735647174000,0
Miro,2011,12,157187,88758,5892,6.,187889,49457,1.35726566108679639955617225034547214515234766130300687548467005898856114832165042861858503838342627072114980801951952665785493205751040000,6
eaccelerator,2008,12,250,606,14,0.,14003,-356,0.9745477943772472393329152180788754538000000000,3
drupal-contributions,2007,12,4649,8730,125,0.5,8671,-4081,0.51491738979679641068471578114260766326018861143147860084093068885600000000,2
sugar,2013,12,391,156,47,3,82806,235,1.00284603553269754442676182693935757760,7
pango,2011,12,4883,2550,242,3.5,62291,779,1.012667902559360174940141318331996376123579419865325911551579742784168875119183193963553270185094294837213792599320272140654280600000,14
aquamacs,1986,12,774,0,6,0.,854,774,10.67500000000000,1
exult,2006,12,29102,19769,292,2.5,197532,9333,1.0495911242893414528006018331851555163970180732229890555359993143699595736593181900657787918120348955536133567700210040711928261836800000,6
librsvg,2011,12,223,136,13,1,42193,87,1.0020662138413891162597961090989093043470524366608552000000,10
sqlalchemy,2009,12,197269,179251,930,4.5,76709,5132,1.0716990094708282581471808919193098933674533260242626889712993587738080672894440485857214500000,4
vala,2008,12,88581,43247,1178,3.,142139,45334,1.46830225716560967353747129196894860886834764188586329447688646973048084394967507206050624860031791578110917351202390521613775693414400,2
repoze,2010,12,13909,5483,346,3.5,81375,8173,1.11164995492649770256505264850488239455060657504077052571405741214907154913910178123023914259293801407268488820757608176846224148415428169277440,3
taskwarrior,2008,12,21954,14324,434,1.,11918,4751,1.662899400096588423498381056201511795867302400039106522554582600000,0
openoffice,2008,12,1017932,680949,43531,7.,7390155,335229,1.0475170115113647720818048858445729249964889044989891967188062318680075755035702939600292987726847398451904248999551035665140670170956457984000,8
tikiwiki,2007,12,258912,148971,5354,14.5,733017,109941,1.18892283688377810702894506888868843303187052599554159985709732011702962860225397604791984791662972753226028387980360770938405517824000,5
musicbrainz-server,2011,12,751888,518360,4336,8.,164752,53843,1.48547007005312939384689972015034759907595316291671374059490027362154019761999766155293862538176978707680971696036288000,11
elgg,2012,12,156577,59970,1689,8.5,166439,9350,1.059520399268965161572362607091660421376677357493296811994515956191759086511014603076347583124396230801463942734480000,4
konversation,2004,12,43795,22129,1517,10.,39081,21666,2.24409991386918377663496599384714658551224887280309841100468321768952080502525232276462092387375128821595818969459464593432806115840000,2
camino,2010,12,9745,7158,226,3.,182450,2587,1.01438356925635648333696765219963368734360278878146439237687425951957722718243261167383295363818636213841607658141651012058283307294784580239004160000,8
repoze,2011,12,1346,450,73,1,82271,896,1.01101075268742011574600556755459673693194656692616995262588995138953251607000000,4
audacious,2008,12,236221,114079,1555,10.,356108,46422,1.149900705564626043358504329091161520135634653530446102193803349681692303101007875501065342613943514639246147790157107206992106940225493708575088640,3
vanillaforums,2007,12,25361,20048,342,1.,26280,5313,1.25339819718690806597338635778388313175265716590333340222372199638017771165048240402335715350632152647748465357990257664000,1
stellarium,2008,12,267872,225365,2602,3.,781404,42507,1.0575276391745615450144577547798218745259820955614871171147097793064627594789181346931915045466177593099480220736747804930773045426651520000000,6
MediaPortal,2012,12,2899524,755764,1339,9.,1720778,537393,1.45411510197844308240702073789555812877229598438200248274047549910705530741791224855009095169986905787796856576000,8
mpd,2006,12,25331,35188,398,3.,36554,-9857,0.7239476853769162030318978583462510704882996560512433633061265776676685109629093456623280339602242355870812644535017458364995641344000,2
libjpeg,2008,12,0,0,0,0.,57819,0,1.000000000000,2
epic,2010,12,435,147,35,1.,99666,288,1.0028980257200533281960164338172484369046875891580279637142542544526211932484106365710900736000000,7
vdrift,2009,12,124692,82114,295,1.,153595,42578,1.390365996758197160884624981190257115297926767325754440069668173447098557255855182642552477980807615267716878744630714705636259840,4
irssi,2013,12,0,0,0,0,62257,0,1.000,14
picard,2012,12,13141,9539,561,3.,57235,2148,1.03956748392420917250937729900674672556514734899298757837566724983028286391534343671348581978076822707544915909987583317576060191755521225643452800,6
pear,2008,12,3472225,1119083,15439,50.,16026691,2352564,1.172044913722258445184492042493691507979977903003327011060504272966035509559652551381099612446877042287158525351006077523498908515809098496,9
acegisecurity,2012,12,58,84696,16,0.,16,-84638,0.000189004700000000000,8
swt,2007,12,167722,45441,1632,7.,489989,122281,1.33254919659053301699914793507428922022586977580068867927603409772411116287155410686838341159352619170932530452343614033588104771688584347648,6
makehuman,2012,12,132513,152614,761,4.,129763,-20101,0.81910872731624094554891957646332542721330183455716596685226307256159397001749547326099449524518116387446121422655317852630804772418560000,4
jtds,2006,12,0,0,0,0.,108922,0,1.000000000000,2
slime,2013,12,0,0,0,0,43647,0,1.000,10
thunderbird,2010,12,196255,165944,2939,43.,1092958,30230,1.0300999981000340155485565216921773900203256394051860748184489785939559733602040228677683196316639626095837068883903819795499580433143764213867520,12
debhelper,2008,12,1024,434,124,1.,3736,590,1.1875397329634014465195198642059364582290200543750501649517381465962900036256382303348340549522880943929510069378560000000,9
kdepim,2003,12,839315,494724,14624,77.5,1105197,344591,1.453047964358676378723936766737361666654609680409623427118152924610783028690987960981503017203624921551985979782283651758841006884871612800,6
xiphos,2011,12,1264,1235,13,0.,58356,29,1.000498136282583837949269200479219598813534139225207545289195127200000000,11
chamilo,2010,12,1017512,1023263,7545,6.5,585212,33045,1.059846024844833614791053532290382918294847337078247369959897071861929061627131450842373817250700595907959752461845451662353798910016099840000,1
netbeans,2012,12,25580977,12062844,49362,60.,9816397,2333405,1.311827808992253851878470949220015935100833074719637430493834011512375165791739562120233226933518963002675626460041230890496615852441600,13
kdepim,2004,12,1401928,1339237,24999,99.,1755348,650151,1.58826706913338362800677897994183838973863542319467783765495939242407907403091343719203280161086798473218420113836247117676755746816,7
rockbox,2006,12,271194,143084,3433,24.,461998,128110,1.40781959297202241552627812212693938672709403287351368178451093737279336923135443926558352353286837997254874882259304371679178752000000,4
coin3d,2012,12,20876,2790,9,0.,3412760,18086,1.005327757539910309865072334897018559988928000000000,13
Dancer_cpan,2011,12,42631,30134,1663,12.,15855,4335,1.3763020833405272388321079625838565080424644132019044367974479465239880795885254887957222407059749950961832531303509583086226541485086720,2
gnokii,2013,12,98,60,21,1,171218,38,1.00022198855003756642290852701415756738800,14
kcachegrind,2011,12,1856,1192,29,0.5,78756,664,1.0085027915790935323178641601201073211208025056443464295520232819926216040000000000,9
YoctoProject,2013,12,24690,45032,500,31,205022,-20342,0.89748370933913891759177577390080,8
ravendb,2009,12,102580,97269,44,1,46933,32,1.000682288224100,0
supertuxkart,2009,12,70036,45749,1354,3.,60726,24287,1.666511155617948892138826643799800961385327149968661191619211153425686504951249881279348707125433791682175457128437978410932178600000,2
kerberos,2011,12,78285,95258,838,4.,470865,-16973,0.96124452283011694765220769728340819021010478390119081279498475543154782440615986221020107824881020176267899981554412400559627295443260160000000,24
wine,1997,12,84587,50314,79,1.,149201,34273,1.298212794080378334886051528550061782486238894302876947033274697619774982911011815070117196550804581078546873515413639868221189308416000,4
GraphicsMagick,2012,12,96482,92612,558,2.,557455,5249,1.0095055106295025826185176950777393865208839555844723491150342025851696569714166438174923618908187836952736504092785435639816715645177692385280,14
krdc,2006,12,1227,865,97,2.,9841,362,1.0381896824564264380725078032244544658560260787352004145910513475112511227366266639744971084068046400000,1
squirrel-sql,2006,12,196520,59608,2127,4.,623987,136912,1.2810901811886420990798026190876869560970995649849329839343117778495551112547460051787745016620046848549938223130435189611911783836764000,5
xapian,2006,12,19723,14680,949,1.,95970,5043,1.0554620739679158058196162865311761715200184723900024424927781225638870801588709386627733457551858122147848705851990219236159313521263130562800000,7
tesseract-ocr,2013,12,227,195,10,1,134115,32,1.0002386581446221669969597250,6
tine20,2010,12,95543,59303,8801,5.,165578,36240,1.280196075395509288902182887652949822453963866516945219291609211273611047335681379110414631956543416633930612563281801876863424921600,3
html-template,2000,12,2436,738,67,1.,2855,1698,2.467588591382892399247119766209822843586001057828915918954554337711367025014903949728000000,1
PyPi,2006,12,1194,928,89,1.,4446,266,1.063636363633005424501883330502643693743612943546755300237804601510516414531008580560000000,4
fillets,2013,12,29,29,8,1,115407,0,1.000,9
cvs2svn,2002,12,368,1255,15,1.,1551,-887,0.33756534726631480617661925796727727783996340935749200000000000,1
tramp,1999,12,3766,2117,203,1.,2133,1649,4.40702479336289897859737654661059838600067311437381999819563019702134449422469002689825949886627315086306646837508260640504769971968,1
eclipse-cs,2004,12,24343,8770,65,0.,35233,15573,1.792115971465972750268874379018797303941930721317376000000000000,1
gnome-terminator,2013,12,69,15,16,1,12869,52,1.0040571116488273986516750,7
file,2012,12,1160,566,49,1.,12284,594,1.050812660399153945236253500504311172746419646839082222663515417893945670491293764851214675080831207405227706360995348480000,25
cucumber,2009,12,151166,517334,2173,14.,13435,-33221,0.2879586761964507324911098373043749720846260147172430157359842665466493191961582300465719873004355483168992000,1
phplist,2006,12,12983,889,124,1.,54507,12094,1.28514842149403158790708911026957826276792869180767092231202097972320998813903119391016387760000000,3
skype4pidgin,2011,12,2734,650,19,1.,11492,2084,1.22151360539922390077393074278981119246843102663447543381431550321797687502587310010000000,4
irssi,2010,12,294,274,33,1.,62242,20,1.0003214297193324260235149482441142987378666917509870616121644962638065625025297582212128965812374167889915879393324094880000,11
django-cms,2013,12,25877,15769,189,3,116369,6858,1.062623846010044656211849148074747424,4
jinput,2004,12,1409,975,23,0.,7758,434,1.059257236484604038742634351301091383277655953553585760595000000000,1
mutt,2003,12,3597,2289,136,5.,72835,1308,1.018286800787944523873748530399921037082725289569669710321760868052598611046135490363393751131645295884782424313208735092599863292416000000,5
movabletype,2010,12,86098,60471,995,3.5,339834,25627,1.081560881841846488999493898029662184676514509071069321959650528400890050631870699244197485586472503479883579954798631051392154020287840000,2
spe,2012,12,0,0,0,0.,71234,0,1.000000000000,7
psp-maps,2011,12,1,1,1,0.,2484,0,1.000000000000,3
coin3d,2007,12,801780,428275,2919,8.5,3212283,373505,1.13157245829245108089061448998677014144002762986901285361758833398768003558377674384676910262634261056679181777539100524474376290298583975367848800,8
poedit,2012,12,6711066,22109,323,1.5,2248972,2234676,157.336644717044013409042391954766791783338344329803051009071483673928559688474476606451200000000,12
ekiga,2004,12,31044,19028,641,3.,34250,12016,1.54043357030686549114670270701668309616930329362086500963838643947347964489435949211084712466872006692136103330484581337033311533731840,3
thegrinder,2003,12,26593,12303,495,1.,47542,12723,1.365403946143527722823540230561557680687621531153238519008124794727178937571033725291346481504252809046466951168000000,2
commons-io,2009,12,1106,415,26,0.5,20240,691,1.035347076575827468109718345517987510000000000,2
simplesamlphp,2012,12,2342,1021,253,2.,59588,1321,1.02267149500965599933600503312050689136465076594228770156256044002122435449902441241556667388575887178687860565392140467782763808835200000,5
libxslt,2002,12,51014,16395,606,2.,257700,34619,1.155185784536362613038908292251239929377325114823514596760171407449548380533164352149898812558780097360427232505529078537996891390707016400000,5
pciutils,2005,12,657,417,31,0.5,6287,240,1.03968910203740795592422237845271857260477024152591990884741980000000,7
jquerymobile,2010,12,52308,27707,1168,12,34854,5852,1.201779187638566793560989661125360,0
simple-invoices,2009,12,69759,703997,1876,4.5,517779,-317119,0.385805619365483319192359094888583268661504780218780338952751410616791484541423804762816954109146700612579193649091614858154252400000000,3
inkscape,2012,12,71324,42566,1298,10.,538337,27849,1.054553681968644142759564016034419384357255296479062850887004774289182205027858093427633910911352801636055246547385506689791539337749060534487600,6
stendhal,2004,12,4050,1307,132,1,6420,2743,1.7459885776590464133648958322208377311880477870972061423312082629000000,0
camping,2006,12,3475,2407,114,1,3892,1068,1.37818696893627517563252359993146064383706138758678446867214213988865208425859526747303121702844829624824356308582400,0
rdesktop,2010,12,1146,763,83,1.,42308,383,1.009137758267394037426456615694085201886769524645754880348920400000000,10
freeswitch,2009,12,897501,699159,5797,19.5,1751076,196759,1.1278861628095751615486969683212889872125530134936956482340518997161615506107945309729766031033950468638155831127423315647998704750400000,4
nuxeo,2010,12,965282,671507,10986,23.5,1138830,228639,1.2511989241812557612088271378402430419380961796376419115407299269762400929546383926363235691257397666951552916391998934284500221313024000,5
lazarus,2000,12,62482,9379,69,2,75689,53103,3.351146727557000272415798088226411576020332817867763200,0
fwbuilder,2000,12,58202,29008,266,1,29203,29194,3244.77777702756107378539196504537973159491085353246845386238692000,0
JsonNET,2010,12,20316,12933,95,1.,49213,7383,1.176500119528325835676211195721407477987383862882702041388304567534342654929540271950396938067361903447095569070898939191171090827121115354000,3
pisg,2005,12,1949,645,102,1.5,11649,1304,1.1260512324792867711613220662445582662643125749524640803488874931394560000000,4
xuggle,2011,12,11389,3233,33,0.5,140954,8156,1.0614165876009650833031866500545015395393615463246066712388922870400000000,2
bbdb,2005,12,2983,643,84,1.,79431,2340,1.0303537377912295928527313497490708635318332752475389633106624000000000,8
spe,2008,12,58509,57548,74,0.,76170,961,1.0136752379997551498313795156949998139137215190000000000,3
llvm,2008,12,256253,183174,7138,27.5,423837,73079,1.20834592509554071576859889306742650218138204253580871982954593626488921467464937377202382420706138638393875488476554908137645202923600000,7
kdiff3,2013,12,0,0,0,0,54113,0,1.000,11
hibernate-search,2013,12,1309,385,33,2,143054,924,1.0065010905513507882499110,6
centerim,2001,12,39112,22350,720,1.,16686,4896,1.432356057916264211740119325877041184286411968893531929506714186265925730869181508403266000,0
sdl_ttf,2010,12,0,0,0,0.,20283,0,1.000000000000,9
elml,2013,12,0,0,0,0,145491,0,1.000,7
conky,2011,12,2770,1897,95,1.,35231,873,1.025412627712439507132694353082988585005829094129171451457560605032165744598282782765810456196705805150820099200000,6
llvm,2013,12,181580,79175,2422,85,1118254,102405,1.1008073050217819490580489292995890,12
devhelp,2005,12,2193,1517,60,2.,6279,676,1.12064965197313066244782151084905332959585420464314711991166718929017503786443356811411760710856985699200000,4
jamin,2010,12,69,5,2,0.,47630,64,1.00134549888600000000000,7
wxperl,2002,12,16513,6900,392,1.,36155,9613,1.3917437548030251057403438933218127766955436848941663328330206168007723460957555417119288854102203086542195853141333591300000,1
KumbiaPHP_framework,2003,12,0,0,0,0.,126,0,1.000000000000,1
mephisto,2010,12,0,0,0,0.,172735,0,1.0000,4
ntpd,2006,12,13041,9171,195,6.,20921,3870,1.240776457454942497721958419268758217830593806314573314089627227772791989816324777909310518634311068437058053783267672891695160860606685184000,11
pysoy,2013,12,10149,6408,365,1,38611,3112,1.087664441256504398608160,6
komodoedit,2007,12,80568,132723,425,5,1031770,-52155,0.951765098667281168303326717661188875,0
PyDev,2008,12,91661,52553,652,1.,218465,41348,1.23345020521548749664527930335073731366173065158247615756407057358316057447975717940091217002855135475954093202213460253344001712106041986000,5
docbkx-tools,2013,12,33,0,2,0,11672,33,1.00283529512800,6
clisp,2001,12,927672,3684882,2083,2.,1447758,272870,1.24339835373635394096594549452930214489684224168799337499910042230212384163025293807838735680856151150558253177318546922499033852151501281920,3
yaws,2002,12,16029,4018,335,3.,14522,12011,5.7833532454595504147809591105721508302727793168291684298554698823446871318731069942684707710963438374305472,0
capistrano,2007,12,7776,4028,172,1.,7975,3748,1.88668086117987802969153927334949749409735452549091843321703115348276581311024510435768958625079465762949100400000,2
freshmeat_aspectj,2004,12,133829,35461,839,4.5,434261,98368,1.29285516516566948084290238181543007562667394946209451133101045438971796996224958384488084295599458392054719890479001932526182942834688000,1
viewvc,2009,12,1692,2026,107,1.,21176,-334,0.983667481655087699980271083702240735897980310984303841790716256800339320423374211362043651192758382289750586922111565361091443345000000,9
emacs,2007,12,210744,124111,5952,30.,1418819,86633,1.065030708926269137796311282073133843632508098923859931798299735376444745562335080823001820036165484886015788869541133696175043348193799138208000,22
mozilla-addons,2008,12,80071,47499,1628,7.,146610,32572,1.348826250871730448728915517542464167334589911310878885518028431118010151026459619488286696213191266897763974914678077428852485746136627456,4
specflow,2011,12,1867722,59424,727,5.,810504,659309,5.360653461757597381516707037951345144907604496582895153094357857786547209884676257252086318540518741221721897937115665750000000,2
php_beautifier,2009,12,0,0,1,0.,6047,0,1.000000000000,4
i3geo,2011,12,142300,83562,2660,1.,231618,58738,1.339761684406228641573784917661165562130671313066054442962024889781709191966701973033301977995721986846904249575048090911114754239673344,4
mysql-python,2004,12,888,934,74,0.5,14084,-46,0.9967091143251576753002273104930852911577410402375905803267340831693334000000,5
gallery,2009,12,332,260,34,0.,343141,72,1.00020987031764401645185663211283062479594078630506740288973657240712920000000,7
ibus-cloud-pinyin,2010,12,7169,4018,151,1,3785,3151,5.97003154592495417587143805519895445543891055365000,0
libphobos,2008,12,200686,207728,468,3.,190884,-7042,0.9370406794297753254464041956089482402942120439614266856468551678128596215882793822546046673500232030234065713549269163060571024063232000,1
cabal,2009,12,11798,5367,359,5.,27183,6431,1.309897841208607333804622645406038497427380810543909151506531010497339928871921220346975631828354517228252594026539524742397952505579520000,5
aspnet,2012,12,144435,87823,843,9,326394,49548,1.178973147518129133003924587137497228014249851240523499258306078419003718640271265122959339647780000,0
kopete,2001,12,0,0,0,0,42311,0,1.0,0
apr,2002,12,36052,21417,1757,15.5,206945,14635,1.076101086787917457474828887320460150678268648532788967902514240836255761069127718576765166617232898279668547831077959839527799806928100352000,3
llvm,2010,12,486629,411251,12569,44.5,751978,75378,1.111407035187040023212906067671882723199575684076817298268811457867652293266079036726444583788967249680570414089306378568309645016986419200,9
firestarter,2008,12,0,0,0,0.,11472,0,1.000000000000,8
osg,2012,12,30555,11457,402,1.,456682,19098,1.04364419174321442738310787376340817409403174726835008742994996984995755852358116087119859141162579865980168814081304750185814661910972523067496964096,11
Skim,2011,12,31324,25188,1231,1.,279520,6136,1.0224446200210509325279090102987060180073373344161296998702597002903292706380304064965611432792975302787765640164684687020756470107155354610733756702720,4
apache-continuum,2010,12,176879,488242,500,4.5,788880,-311363,0.604733353715376955721390206833920490006928153257995876908010536156827306770493877441265668366601687495736880560988858290994212000000,5
mldonkey,2002,12,126498,50449,192,1.,101598,76049,3.976593995817848606869974399930837239240854595518550370111926948208702197444937080307920839240800,0
jruby,2012,12,408244,192589,2207,16.,907552,213012,1.306695078695854656019588177067441826096535673267946151688614689983601882125987187957640186034342449693235830691197257120161892628455513600000,11
fontconfig,2007,12,1402,951,84,0.,24030,451,1.0191271894488996965374773467067418426340254160513098347971991300000000,5
joomla,2008,12,756940,510986,2610,10.5,980592,245954,1.3358582031234393154720572505761141857093255418627991911388852485590922220221687527135698139302965942059267783380337925177513878069709371242158080,3
scipy,2009,12,56810,29944,619,6.,525744,26805,1.05372400233204635135379927269035896824971983489842544953362930676134241412998336805603021497760503497573843448629607727506332118592528485024581632,8
aws,2011,12,9782,4215,237,2.,103232,3130,1.03126810653322682963279594081209213691984853566700729728949694764363939930400012978801109609670345385934644153584181221864844470240509900995200000000,12
cherrypy,2005,12,424778,409881,1324,4.5,12002,10116,6.36373276640375924474455903502691289311529330915467009912432548426291100832968784974083240060665311785538904238131200,1
k9mail,2010,12,80222,48748,1269,5.,82116,31474,1.621499940743663511400159657725778559916143859957630697358383895123453747080833042667047668480417525706728309915188635127864528800000,2
libgdx,2013,12,468554,355988,825,21,1514742,14746,1.0098306928812783729078262136677888005,3
gnuaccounting,2007,12,27274,7999,156,1,27941,19275,3.2242095547548614825798956397937432757933817904251520,0
evas,2003,12,10984,4609,166,2.,37812,6375,1.20278652543580419452259225375822020778774772663499842491364601993643309075711177845204073210844674511423908765646235644222761861120,1
zodb,1997,12,5659,1414,77,1.,6374,4245,2.993893846737697242332085659345033634008364214485378098906253345609165626528923070056469551754373468518092800,0
MINA,2006,12,393,1304,19,2,24177,-911,0.96368781888,0
gdb,2008,12,327170,258415,2475,31.5,2083392,68755,1.0353443627090940478697809731271569907511890942526288495828928955422135144116187911730539724305896496477405254402353969711399187491394579660800,9
moodle_contrib,2003,12,52480,14847,195,2.,43802,37633,7.100340413419867914752022438254424736809183495272876908866593357300641799891595213326656017936383838006858150781898930804476727040000,1
pgrouting,2010,12,2373,775,51,0.,8284,1598,1.23900688007089046532435377729667720000000000,3
file,2009,12,886,637,75,1.,11407,249,1.022315827210340398719628738610004399965370400885661508589146623078695579254733631465509743617566477241160668423951295996292168417563029041996861440000000,22
python,1994,12,56092,12029,484,2.,145679,44063,1.43362265781177130085473620220645603979247589336290277785947586448013516567798465979161518744628562930123941577037022026120349816899200,4
calligra,2002,12,526403,312111,9478,36.,582714,214292,1.58164821863315317859546427125494278727809443130777131925683713522539580626136765331426836676975558549037738490908620481924051763200,4
rproject,2011,12,82761,51591,2342,7.,676784,31170,1.048279622193623891504618912963592873728651166807262773213467459147253008602176627223120262565015167289663186500764247450822358937895868939537244800,14
flac,2013,12,508,402,29,1,84012,106,1.0012633184754810968034379239470088919608,12
gaforflash,2013,12,0,0,0,0,185270,0,1.000,5
thunderbird,2007,12,71125,69212,1639,16.,351371,1913,1.00549507368213517305879189581977025319980210130824911107904124693216829421448544400833958213768842003483860410088588541587150779015920814268640000,9
jsdoc-toolkit,2008,12,4531,3590,35,0.5,7651,941,1.2769276045890042504207840208852752741943271409607007676269916922830000000,1
jinput,2010,12,56,3,4,0.,12877,53,1.00413287585800868558547921070348431350000000000,7
yui,2012,12,5752092,5230591,8583,19.,718660,348252,1.940184877052786252700476352392101601441841010638744198867510732215655591129367137822202854944700869815822234705158693225192000,5
coq,2005,12,27388,77617,402,3.5,274417,-50229,0.810527387827963545694518202696799923371488624080089560980486616091849199781551733249496412542176573715711673197743054829185079403329849419139840000,6
commons-configuration,2013,12,932,4592,26,2,199168,-3660,0.98162346171388116719647084257225658860,9
otwarchive,2012,12,306457,81675,1262,9.,236014,16675,1.07602387172003945585876116891347315960391730240917377394276601803629085096787386316700492585820692454523176362162541964868389955775363377460457472,4
aptana,2009,12,1912919,801773,2777,2.,489129,270664,2.238935298601639674138884576903205128739491912876757394265903693309126048579295940534659361008513844301450367210216459606530445793293840,6
looks,2010,12,478,2968,21,0.,16774,-2490,0.8701298701418670202293578127513149610539374583300000000,7
boost,2009,12,7289555,1910858,7715,44.5,15308233,5378697,1.541686640828512294935782602325988788933289020641532969190756849560149345512670183486128597177716301774403927367712629776641860578996224000,7
amule,2008,12,53652,43736,316,1.,197611,9916,1.053051135816939131960231873331587778794061727817443808816442078477837412262406402942907906560000,0
monodevelop,2004,12,401146,554901,1722,7,348326,-153755,0.51249092388099808645484766940271308073068688156134087868149314909483401506752090046329146794882579273384390041034623360000,0
bbpress,2011,12,43980,30422,1749,1.,26606,13558,2.67362054103384475434532107865440192380613607866344163169734532208682549684246976933938887891623652393933894527188767622563162280000,1
strace,2013,12,3197,7382,94,3,49378,-4185,0.9152456559583441483997860,14
otrs,2009,12,850212,829240,1468,6.5,974696,20972,1.1096391715136670270304759888358031025627856403710849980875954608813669588133514037787487585381903653377636345970905038157018032960619520000,7
sinatra,2009,12,45793,30593,954,5.,26903,15091,3.035473428541898866085857886333061353964057350183722268744645951903943717349045235281469643152677930515847593213052032045703382236800,2
cmus,2012,12,1013,103,33,0.5,34590,910,1.0270190023756883860794056509670605310468165419287892710218799417405533280000000,7
moodle_contrib,2005,12,313955,51074,1336,9.5,439537,262881,2.48809550774413218897245880175104610182965579833867087224438102416979001331539871461078974412442333679380543036608959817045770240000,3
cdash,2009,12,78261,36200,1376,2.5,75203,42061,2.269114718416227507979047489999973532783463575248030311457947765169200145653935013317461726491780266821683816643182010743541138714982400,2
wordpress,2007,12,57323,40928,3395,4.,71106,16395,1.2996655151537389954459219169345865241509816383404950066592410807183081867303551513826750057176121004179287754673855371274624843067171520,4
GDCM,2012,12,49186,30510,600,2.5,361309,-7058,0.980773578783470274642079292374110733821293815013565809807327463949139648391216482793258530463069404474648020997167153152000,7
stateless,2010,12,242,30,4,0.,19308,212,1.0111018014200000000000,1
claws-mail,2006,12,391,391,2,0.,151948,0,1.000000000000,5
apc,2008,12,3121,2914,160,2.5,8491,207,1.0249879285343101738070527355688701847580977269184263677367806984976192121206779838998625622712369169692793386694399625841839312763577130024960,7
Gears,2013,12,0,0,0,0,2310527,0,1.000,6
gnucash,2003,12,124367,47111,1389,5.5,442331,77256,1.2116167910605619120500082793809619799695969938473468450687668029814779661713347858251084341696269652568174322228278274209584632612982281159680,6
concretecms,2008,12,797683,672541,1104,3.,848803,125142,1.3422640374880110021034309238604654325960,0
drupal,2004,12,345771,305103,16694,3.,336594,40668,1.1408991380197198668567323736817698172188571990013836011025215634824379799007049368941905473909438217103527571613270944615447430528000000,4
WebGUI,2010,12,182110,628272,2636,6.5,1038396,-228107,0.7795435018739894173420175312939657968474918385737507904759454743663796752755434935413760223717843534259528668425550778109552705768043931132144742400,9
flex-mojos,2011,12,0,0,0,0.,50702,0,1.0000,3
e17,2013,12,46800,37592,694,16.,327153,9208,1.02896098382106160009764,5
jogl,2004,12,17220,5696,206,1.,86266,11524,1.1541837253506947703019856280973952479280022691980357100289892048663043102150986333952288023613768722000000000,1
freshmeat_apachejakartaregexp,2001,12,188,71,18,0.,3464,117,1.03495667762441702879385793556171547186259577395200000000,1
phpcs,2006,12,8499,2220,210,1,11627,6279,2.17408376968240630645300822847710,0
izpack,2002,12,111186,10325,225,4,135705,100861,3.8946447020508805052832510630585753077357457073342560,0
aptitude,2001,12,2710,1210,64,0.,12436,1500,1.1371616679003705678616300397588323408142754779571171406698000000000,2
mysql,2009,12,2559302,838973,9436,50.,1096650,54925,1.05272504739707142409766640644254502811768917267480982556352481557405448167635603829759161734346873548365942843382486580655546087937928299876000,9
hedgewars,2005,12,4531,3086,42,1.,7703,1445,1.23090444231502108178430552730950868373011968,0
horde,2003,12,348974,136819,17943,8.,365938,212155,2.512249538341033229814172654177221497899779518738598851367762275203313883540388518470805504901915371001018040815880246580937934976000,5
sbcl,2002,12,54934,17396,505,3.,176250,39104,1.285126799178030617423189373834068202682468773777191670958017137056569551427196076521145244425931488065365978147041915965632428608921914392064,2
sitemesh,2004,12,7909,5558,259,2.5,10003,2351,1.30723993729520439675477225398398249245860049763606801867540113538903293734526179201534226223269323627321886518394296080658147232234000000,1
openchange,2008,12,30502,11546,514,3.,54361,18956,1.5354046038691754347545981540605359026065451029596481151774177674699475223496615720737466304387844651661435145446950035151887717000480000,2
habari,2008,12,40496,25240,2721,11.5,32205,15256,1.900112100950814497391312985441612284655625133291490642845558383423449745972638438381082353784351199077488573481730115607532390790656,2
xml-commons,2011,12,122,59,14,0.,286983,63,1.00021957340021790971190455180205215976300000000000,10
sipxecs,2010,12,49719,24594,783,8.,920818,12398,1.0137717147775238591619285698686692582169571214362036507337556425639686870167964979821228989890720,0
nmap,2008,12,9708924,6009231,3219,7.,5110138,3699693,3.62306789685189564744184403924356294133669941689826790969008328103191378826401403526207283911899880583040999840048141003633815040,3
sequel-pro,2011,12,30645,17276,491,3.5,246114,13369,1.0574405465212865043433489617289889431878655489691983263801091839850113871570589240111050167769491756176222799694295964881638772736000000,3
xfardic,2008,12,7171,8940,78,0.,18053,-1769,0.90136054422387428599128848235389863955493105873285545575500000000,1
py-pandas,2010,12,27279,23501,165,1.,27449,3778,1.15960457942775774587628868640896988013242244880786495359401233884712523558388544472547847438071773626840961267646172152039438030144000000,1
gnucash,2000,12,222752,140565,1484,2.,123587,82187,2.98519323659965326133106308237350488106410850104402799474601148320001825950851844195711082663831835944354958148687204964597760000,3
nantcontrib,2010,12,0,0,0,0.,34588,0,1.000000000000,8
anjuta,2005,12,120788,130363,699,3.,236779,-9575,0.953641838986744483561623664102317860824683741358746469516250629397919412783131139800720197432121245461541359259204874578973129778147200000,4
roundup,2013,12,2358,826,49,2,58279,1532,1.026997021868549207598960,12
kdiff3,2003,12,25115,11434,48,0.,36820,13681,1.5912528630855824251610000000000,1
tinymce,2006,12,16330,27356,155,1.,60201,-11026,0.8062078178071518070335349641355390242377716648890472413600,0
imagemagick,2009,12,37593,51784,728,3,725448,-14191,0.9804567751943904624090595074989553216,0
emf_compare,2008,12,28226,15543,306,1.5,75196,12683,1.2028857997584603894324246451348616757715165778265143258118683574579646136404917982118573355595022362435580246846449957448015370977280,1
konsole,2008,12,6319,4184,287,4.5,29653,2135,1.077670256110847797212887542908467999508682250888995604648399901490691191931251304407796353452795344204635010867181244682665206630000,10
struts1,2012,12,0,0,0,0.,172008,0,1.000000000000,12
uClibc,2008,12,49788,29994,760,6.,251345,19794,1.0863891483333037505644920822632780416376519651608624888339799802219185187683188058927024063183068045822846625269247982407335163191758686794080000,8
kstars,2008,12,24194,117384,475,5.,143724,-61703,0.5684078731958588262933116417158009828174978695182649418920902270179442793461644272311873254413259355801617922526450317484975233787326236139520000,7
opensso,2011,12,0,0,0,0.,1750447,0,1.00,6
hibernate,2011,12,677458,591661,1332,12.,1000379,50752,1.05344414175560744533793690075809731222234583062421490590076337025612532245461354746899853669257632634488011439967330997137867381130625024000000,8
aquamacs,1993,12,316316,115096,14098,6.5,442298,100610,1.294449907519960801293021001540745709411373066020081076346262912095395365758628221223440907603019783261566916007974027660668537600000000,8
ogreal,2012,12,0,0,0,0.,10046,0,1.000000000000,5
epydoc,2009,12,11,5,2,0.,19417,6,1.000309103085900000000000,7
fillets,2004,12,76453,20917,1216,3.,72629,55536,4.24904931847288398290986316649137266570612417266443903295063373205877316963807206236160,0
unison,2010,12,12173,4916,98,1.5,56683,7257,1.14682555740208286704700671991401428668836781098539876751726811137000546306440238731952020172800000,5
openlaszlo,2013,12,84,47,16,2,377593,37,1.000097998707482441695932593061251644548705,7
mahara,2013,12,18354,26772,215,4,315845,-13793,0.9581571299349412134778598939015040,7
awstats,2004,12,25307,20635,285,1.,24355,4672,1.23736219071653393680854306313361530153546925497442814951866996155509330807933199795241709091176492099594987715292974231288869765149889484800,4
jboss,2008,12,405742,690517,3605,24.5,970082,-284775,0.7050256726536929287523131706524061355901413663388109274993019939415490407622615320615517192779101305371095551059999871525577462532109465600,2
ganttproject,2003,12,19534,15374,929,3,14766,4160,1.3922308127114378007374590048615018533814851113613847911242327609870227838688,0
YaST,2001,12,44683,7750,553,7.5,42270,36933,7.9201798764839595138194136598983867665362393434062123151795469012895008632933581385419482784947169337939136227815732933109350400,1
nexuiz,2011,12,0,0,0,0.,48045,0,1.000000000000,7
sitracker,2009,12,219463,198109,2537,3.5,162037,21354,1.152187237186205726037393256120435337285520656898376393931310683010332536153675634300824102965258830079247385927708322943059243392822442525155328000,3
sphinx,2012,12,4453,1713,249,4.,33026,879,1.02734314243954879727498544850022186359685756419320593781962890199355217969378006970468009737751027012757057434609916915292939457673980400000,5
pootle,2009,12,58104,57242,2053,4.,17374,862,1.061580225808670867484281717741899892772259059333342074777279201696437957714625111002760071211432669554806637686212829077873039912140800,3
b2cs,2007,12,5222,2159,241,2.,22761,3063,1.156028730022845858051871765900574190898352304471397225093508215805284327169226276587864879076424739604763385733820386934950307086855808161177600,2
flamerobin,2013,12,19,360,16,1,99965,-341,0.99659982650126677908686640,9
dcmtk,2000,12,53270,16464,530,2.,136666,36806,1.3685760064005296907634067517108836000982253667020139543852338446598254268243280534092446455596492169439721302470233867543419427610702688000,5
console,2006,12,13910,5238,224,1.,13100,8672,2.9584462510620510852553819668434525582052161034260508292040107351031616320121062091944804480117325159202754155859350858000079585280,1
snort,2000,12,28020,13332,222,3.5,49858,14688,1.4176286607924095485292811482990308529662550,0
jtds,2009,12,2797,631,94,0.5,155785,2166,1.014099818380971994203594472041994342790922284639415495508678080000000,5
ekg2,2013,12,0,0,0,0,183085,0,1.000,10
openacs,2012,12,231970,138984,147,2.,2728421,92986,1.0352989588700688003825747131776489242823362254887863964623769394682735332379785796204595573266180098636621789657780800185221592368514355503725071762928802484007731200,11
ogre,2008,12,972064,243120,915,6.,806436,340654,1.73135930526627176378506810040622723446473258581478213422757142547580456010871868487248232482608039827947955341190637727054017923938416000,6
Texinfo,2004,12,9983,5520,162,1.,63035,4463,1.0763885323020248042807580087295201667586750852472190907645046929846106429176330857313808238008987529638691350370395383439080000,2
okular,2012,12,19242,7186,566,7.,77949,8817,1.127538621773683691318122819841460455878728050853901612404615562716146044688057786372485944833480501284878850278329041821521868883686612956160000,10
l2jdp,2005,12,1001208,909960,1242,10,359261,91248,1.40063752153686273133077632700324890922641507544678432,0
mame,2008,12,781273,733049,3910,18.5,1471539,48224,1.0338814668569616766655402046605296609417697478626755945963800503268317524280709925806500882405943605622393394098171032429805882971357249389440000,0
HtmlUnit,2006,12,9931,2521,271,2.,45116,7410,1.1965204476380084501341244496584944699736279750739833621886243565500962732527335443192760397356579310217406773226783532485956451323016000000,4
limesurvey,2005,12,76334,26495,501,2.5,84186,49839,2.45104375932812306004993656149328652068100056427039623431815040522908309294084027720013050821151808741287992063984388087847833600,2
pgadmin,2007,12,54030,196792,799,3.,252950,-142762,0.4073609749958547705716565239383280703294389299044758576721708500264347921262362738733728385312563661106489208726638717683932846154174208000,5
unison,2013,12,99,39,5,0,59752,60,1.00100515982000,8
commons-cli,2002,12,4683,2370,71,2.,4814,2313,1.9248300680393104432422618979995940587613671564294247001870684328,0
xml-commons,2008,12,2290,720,63,0.5,286794,1570,1.0055044456289934535488813378597873069155412210301298923218204200640000000,7
rxvt,2006,12,0,0,0,0.,41398,0,1.000000000000,8
flashrom,2009,12,17351,8592,471,4.,15279,8759,2.34340490794113728245292490196825727289561891059054759311277880654572778234393446047223031472427904502698744492951681450974640000000,6
pygame,2006,12,27752,4363,434,2.,96882,6897,1.076646107676797676027808113269115404521375993774770805558630989692766685777811222171849256210331026225770587361466240000,6
xulrunner,2006,12,559,395,12,0.,2251,164,1.0811078140818971126580000000000,2
statusnet,2011,12,425147,201402,5141,6.,226608,66113,1.411931835873005470301037857512864742961837134537865143421671885651866203788931228368244882470720201770503960228261629961003565214825409928396800,3
forrest,2006,12,90537,71221,1253,6.,202161,19316,1.105641390254976260905512395567341474355218356686389578094510192299342499944542551893082660465762371999816913321093411127673808128000000000,2
re2c,2011,12,980,920,2,0.,248123,60,1.0002418740401000000000,7
freshmeat_jmock,2011,12,0,0,0,0.,9979,0,1.000000000000,4
elmah,2013,12,0,0,0,0,44947,0,1.000,6
bcfg2,2007,12,29959,13435,603,3.,33901,16524,1.95091212517720408561239662224503277780011147845620984403215124462865880475251766499939910968371837583773364617960561479680000,4
xerces2-j,2006,12,15912,7863,313,1.5,169289,8049,1.04991937483867707502829235450938342529651258152029772854025898555372116024443251256798231149489053219467690648905056413565276418456576000,7
cmake,2000,12,1884,1586,38,1.5,7424,298,1.041818692110630327174677694524088000,0
vimperator,2009,12,65826,39570,1164,5.5,31644,14609,1.8575873201698859970151449512251926443715584505232627260511097262816005863400387145115717088162264587916967127278956564329267200000000,2
sound-juicer,2007,12,2511,1300,93,2.,10922,1211,1.12470394398412587727425926513759392918559192810407249007667462859664047800035352853678920458820763265864743232788517155182490162944000,4
bcfg2,2012,12,80010,63255,1186,4.,69363,12889,1.23703908045788711564778929998575291282363056491519045759272620339995959592229878605144951624270689883777589441107254856964051599360000000,9
StatSVN,2012,12,0,0,0,0.,48414,0,1.000000000000,6
inkscape,2007,12,161510,74572,2228,18.,478896,86938,1.22180437700273197023078553996809962936480884452360084444414110457693577954001383887332057404413111790070361168497158068413539323467074560000,1
gedit,1999,12,12619,14738,170,3.5,18322,-2119,0.89436163316052982351820283398496180363215488296573403895470234534740551744701464913389861625651167700280269836954517297996800,1
samba,2009,12,493500,378907,8933,31.5,1215259,57377,1.049553408718381861840496985823142628349261630172515386655020000496499859518713949362599275828608369918670002760331224759799528724161839923200,1
handbrake,2007,12,178976,136060,2174,6.,78148,42916,2.2180971843228284329961198768985184698591092993245870162811337643393622485069189586379648454332967639616436452745151272267514368000,1
muse,2009,12,1022,318,26,0.,27384,704,1.02638680659416694425918705296426000000000000,4
eucalyptus,2012,12,3107128,1679186,23580,16.5,1034183,276995,1.3658206416352955079469391972896734301734740731485073371325523676933408273825165085294443219873617076192533048092055229222853316664729600,3
topgit,2011,12,119,28,13,0.,4211,0,1.000000000000,3
gnus,2004,12,14472,8760,721,8.,110573,5712,1.054472110700994236537767386392845151311139642913159253514557091546427604801357959486078611256636279596582915341173667589900490765336013978368000,7
kvirc,2011,12,1331904,565566,672,4.5,1583642,766338,1.93764131829853904517031265236857955428256026567948857701022442924342011236265399745687012480957298447575372385181328746147592860839322477568000,4
camel,2011,12,181240,90635,2851,12.,709398,90605,1.14642214763577721113829882134228468489542232446820444387415542442972005135859966157128484617213977429564324880101759958798251495132600000,4
Guake,2008,12,4801,5149,154,1.,5057,888,1.274074074122392056821703798887852238256954496313573939424232879831963945066496000000,1
ghc,1996,12,18703,47830,71,1,74026,-29127,0.606530138087155910373479665204286024426697764875557675396944820035907038526400000,0
xapian,2008,12,403273,410045,1025,2.,118123,-6772,0.9383573489122592744162996600555777400042592266804022562149942310655088287522147017198642499142284723071235412415599088007661523465011200,9
hal,2006,12,112032,88571,702,6.,72831,15661,1.2739373797787414918422418477908221672454332815185501971243998083574162156791075900006695133957228906283883345436286449729033236480000,3
jruby,2006,12,146838,33066,801,2.,164484,113772,3.243492664808351943175001905712519089162602010959523532936767912556899688119014591842984372794264494597887873941076099718564864000,5
kdelibs,2010,12,205564,230234,6551,66.,1046693,-28017,0.9715218244209180864117258498291302292637801472021669829051340862836221064163344727452231644682182066362326448963705857388899900724538181440000,13
NServiceBus,2007,12,7390,2328,92,2,97788,5062,1.05459094537,0
kerberos,1988,12,4,3,3,0.,8,1,1.142857142900000000000,1
squirrelmail,2013,12,0,0,4,0,230743,0,1.000,14
yafray,2010,12,252,258,2,0.,37150,-6,0.999838518678000000000000,4
samba,2010,12,375748,275034,11592,28.5,1316521,95096,1.0782516319551679072586706215921228319503346174718668829006413279618041198748954187894787606798427860488025832541841288289595797707678484480,2
yafray,2008,12,6139,2234,73,0.5,32285,3905,1.1375968992324016894159422384155894853330165605189335046559700848000000000,2
freeradius,2012,12,184356,170663,887,4.5,365782,2171,1.00622077294189562735771279627076942453783909741229226679556228351130752232165576820267521368337552629106338586839778096657171590376448000000,13
perlbal,2006,12,1687,429,94,1.,8248,1258,1.179971387704363100547516375344231739049303761348212207873391700707581753184225507055469629370754568268514593777267565765828322280962800000000,2
cargo,2010,12,19093,11756,616,1.5,62813,7337,1.1322553897209582163271053045860543823460117134713538242912154915982029809901466397198281416502405846855265172673028186334658397730245120000,3
StatSVN,2007,12,3170,934,135,1.,46582,2236,1.050421684028466937281327145757545637204839259897237300806075367110860800000000,1
sub-exporter,2006,12,1302,692,65,1,1922,610,1.46493902436846646713183098854544214314936395498798042680000,0
eet,2007,12,1821,450,53,1.,5343,1371,1.345166163111525435179992356821761801853760502265912678821810437057925102701480000000,4
mason,2000,12,15501,5062,506,1.5,18358,10439,2.31822199785180853278511437557415273420931358431216701356331100682013067052553863425958898515174400000,1
dompdf,2013,12,919,886,75,3,36200,31,1.000857087560681725444848437657440095744,8
etherboot,1999,12,37,0,1,0.,74,37,2.000000000000,1
coreboot,2006,12,54999,43263,348,4.5,214215,11736,1.05796156638706642994169283940566717956355442598369432546351580886581585617686345634244162162043926431479411296189487058510886914298644000000,3
passenger,2010,12,134148,53194,997,2.,169751,73430,1.7623467364149665119200580121305914497563839722757898533326391838215018496014570527151577767929861993494816439170415809570713640276305216,2
socat,2011,12,956,274,45,0.,39941,682,1.01737181283539999050730600461002862510102335608400000000,3
oxideshop,2013,12,26730,26728,18,0,287998,2,1.00000694454089600,4
musicbrainz-server,2012,12,1942812,2506349,4059,9.,277399,43388,1.263353403917659012114682262679388617176132983008398196698586774354177885195633329755831031981956135854686693331876322193205239819878400,12
postfixadmin,2011,12,964618,795702,761,2.,1107134,168916,1.18005184656838379477690043740435087220027675549271627701360666666238528908653316440946949341345569974244957029094091615860941112519452959325561313064729600,4
swingx,2005,12,48965,14945,610,5,45177,34020,4.049206776472629962491868378332370239292326285662977839080207307680170330296872999572518802227200,0
atheme,2007,12,100647,72590,949,3.,83974,10671,1.1456771921076699440923121710146054052658435241213907541425031851209855902642667550663164015633266614449648409711166297322020360339306496,2
wammu,2012,12,254,46,18,0.,11463,206,1.0182997246142664911406238534900768200000000000,8
cvs2svn,2008,12,5982,3858,410,1.,18470,2124,1.129940046488766029062982828719280718071402391494873954342745633401509200424381722871395530662058520772960264797396439546079932299141120000,7
infozip,2010,12,0,0,0,0,786,0,1.0,2
ISTool,2010,12,0,0,0,0.,30780,0,1.000000000000,3
meld,2005,12,33104,31778,174,1.,26390,1326,1.052904564344684750219523292998407441920034311092556396884545587119978974833287354424296000000,3
ghc,1997,12,16247,23279,389,2.,41043,-7032,0.84338181253759805822975948741316960775000700845811024735489568913670436917494256011428087427909601900285047545600000,1
NServiceBus,2010,12,835276,782973,817,6.,541862,52055,1.107928063149040233517209229497679502954509156987222052154818859940041065286483570199081833104239123724213614885296696305138375306407077600000,3
freepascal,2007,12,26067,15621,1061,8.,187514,10446,1.05899428468233492226013616189165788525209715819810850740337379921065503296458657161742710614291411754582706200414126469055301126174967085827600,2
qbittorrent,2007,12,286277,213876,913,2.,126020,72401,2.3502862791177114562762070521845685134907411885914342813046131480293735877939783548522035907873108642927216812057728000000,1
lucene,2010,12,678271,891828,1277,8.,427153,-213557,0.48600056316892436267613530284728320794983905750483423001489295872214244671511558236451245264495853368234266208527521962812008541041664,10
awstats,2007,12,1888,1018,46,1.,34804,870,1.025638003179643053379104726030819216841328015644644723788719704709919594986487429277579200463269268094247543761545871100565229383699859286238887028326400,7
prism,2011,12,659,324,11,0.,17696,335,1.019296123496781832094080000000000,4
nunit,2010,12,237568,132297,518,1.,454282,59733,1.151395644139360711412099318137791088484774548097300802710937080208026303937613667050123411897969830230269717513554039383072291794111795200,10
windowmaker,2003,12,3863,1056,71,1.,109905,2807,1.02621331117220438652482965702611521527207948675118341393328426449377042871672276680015062611665849778466355513258186651588000000,5
kvirc,2007,12,116773,64072,932,4.5,304350,52701,1.20942264817195535697694359313307755085320332158504718445709048141086182774201547213012204238227731843006510581883160762639052995843829760000,0
freeelks,2012,12,3195,723,5,0.,49210,2472,1.0528905815397210841251279053446046253079390184400000000,8
chdk,2008,12,294781,148433,536,3.,215194,146348,3.125729889629723392081801155878207084405096789354613879121667635347316127056151300684337126098171848901561805762865350727680000000,1
template-toolkit,2003,12,3502,2072,91,1.,62856,1430,1.023280044280471005729385551635541249983014697847118462054672701179335084999168482324583835321437500000000,3
request-tracker,2013,12,188272,153921,360,7,525262,17411,1.034283677696255365892463029089040172,15
jsdoc-toolkit,2012,12,11,6,1,0.,4665,5,1.00107296137300000000000,5
mdadm,2001,12,1384,306,7,0.,2818,1078,1.619540229893689493280000,0
xith3d,2007,12,214053,135977,606,3.,115377,78076,3.0931342324096838967958143056943825675700396384283772012323200209619468160014057372442221228223423415493391177490236631618816000000,4
handbrake,2008,12,482956,304826,2454,6.,256278,178130,3.2793929467376940390111074828365079751833344681041660915523054963071873532523063064410275886890321814907339480216966574968857567232,2
synaptic,2011,12,36029,41421,66,1.,116133,-2734,0.9764580265681361195033177114679687576265358624634017625632763967717358177826701590394372297993805698562000000,8
wayland,2009,12,2253,1238,80,1.,5942,1015,1.206007712589432597550727362483353576831024407034809817574868236979972255375482737046292060160000,8
pld-linux,2008,12,155479,37206,1839,17.5,2501380,118174,1.04958614572513672328689825526688658695846237981360718061092349050817749931981729725693539147045597823470693110645634329406998187093730534142361600,9
eclipselink,2008,12,1531663,1111121,1597,16.,1174201,420542,1.6561987029953669800078344020620863513630687425615730208436766487258125183481440683123772834843512926430721373078925666822256706476441600,1
flex,2012,12,919,9129,83,0.5,50838,-8210,0.83845578690762644742160875242084156929546810224000000000,25
evince,2001,12,20,54,7,0.,57401,-34,0.9994076861433005819321620140000000000,2
castleproject,2008,12,448919,297772,2823,7.,2137603,151147,1.0764943775581866445066720594041866961361903809950055484845789161593044686075544624121661747262037573764532224407278233512843957371699200000,4
rxvt,2005,12,13,5,4,0.,41398,8,1.0001932834018037548323672036637525878570000000000,7
pidgin,2003,12,139658,110783,3321,23.5,117895,28875,1.324365311178476833748886513740110406246530432344054086065738191189117973988692868357683044045125374501515021731736575748771268486410240,3
mapfish,2013,12,0,0,0,0,154625,0,1.000,6
opensimulator,2008,12,602985,460634,5085,12.5,259161,142351,2.670119904949211427940370224350237856642516987882647725390762241726857759985189728007797963010498328954261617810836701008691200,1
rsync,2011,12,1723,731,119,1.,47273,992,1.02143428188667760361185166274109039165787413309728876087389920941253383585251256539058789429100549663651114534990881525824574732736839235821593700875000,15
CanooWebTest,2005,12,228335,108453,2182,3.5,212212,119882,2.29840788465039785454892095583766005121529030215872082049374937977700255626295071395368108447458088008634668470386550858077491712000,4
nfs,1998,12,3206,810,39,1.,27340,2396,1.09618627057938183418991155485478581490743094330,0
gparted,2001,12,2,1,2,0.,174,1,1.005780346821000000000,0
exult,2011,12,0,0,0,0.,246273,0,1.000000000000,11
netcat,2009,12,0,0,0,0.,14433,0,1.000000000000,7
vserver,2006,12,37365,34170,233,0.,34341,3195,1.1052371541433757409166527780251226337548727898551198472000000000,3
sipxecs,2011,12,653749,668222,2156,7.5,933617,-27914,0.96941430933576318792538317645531381065529423649575033503526635522087351850418293018359051370354593565515383191922016489796213733586874659389440,1
brlcad,1989,12,64958,33789,1861,3.5,137862,31169,1.292137253664310144060988899232124733352229725241530253675627690787919936621025557047630251585262992808247469865408789481520000000,5
sylpheed,2006,12,12771,6808,346,1.,111036,5963,1.05675102072454003116752302302530995092544716307826481974289989427966210762705807228781132657137504219885683305212302337775698041580000,1
cubicweb,2008,12,84462,13142,801,4.5,76875,68999,9.760665312728425065737216312847053738461650648281473228749183529188000526596282415745067577354771078997324250293107980720824217600,2
dpkg,2012,12,6878,3932,463,2.5,56920,2919,1.05405455453724204131155122469048871051243941346429049833322070571897526609291471094047204443362967851781014939296247637758443140400000,16
gradle,2013,12,58208,39070,1374,10,309101,16579,1.0566760790635128054701343960061200,5
CEGUI,2012,12,276271,267206,963,3.,191227,-19278,0.89549576893428525730635714780069557671143292707509561692646271883178092674989630537511204140300655127003341984075000000,8
PyPi,2011,12,1331,858,134,2.,12112,473,1.040639230165860054314582805391536789673458363991613702133886096248174745056159746365292148662155422720000000,9
coin3d,2003,12,1056376,394688,7658,7.,2138841,661688,1.44794818142456905954325551746885836062217294079366896724151398449353231574455725053900685680721320822032049493292565919502717328640000,4
gparted,2004,12,279,248,9,0.,14018,31,1.00221634374800000000000,3
html-template,2003,12,0,0,0,0.,15046,0,1.000000000000,4
kopete,2007,12,67469,96237,1027,16.5,315186,-28768,0.907077101941047774073984547487330089945228717173704782964575107052311177455915661280153900715691518979169592223490011775780099727402804361613760,6
citadel,2003,12,23832,15012,496,2.,87946,8820,1.11146778556633974693173999731495950047962428058519309380739422122317273452716602004924306151403789075671927474201748892423648873899285968000,5
commons-configuration,2010,12,21873,27488,142,1.5,203338,-5615,0.9725811334729083064986991931164920239393827565865062982571744793503935400129390054894382848331660103958732800000000,6
cocoon,2007,12,510587,386992,2792,10.,1207141,123595,1.114866309174374118874935458592620104435422275488448474538923097003660061202450222801672101077730343638069499510248616538862702667163437629440,8
netsnmp,2012,12,35580,22508,1376,5.,379640,4917,1.0131216925566337568570640693305704322869623236910312477004402637856162885502902898291993325253821587425625311642598411024730018142179865125379277129021440,18
erp5,2007,12,2847150,1870879,5867,18.,6017532,976271,1.21268427160460994124140794182335570911653268148769121891627776854701011738764236442390596623857608070933231373807248407213762733069772800,4
easymock,2009,12,54522,5385,105,1,101139,49137,1.944905965226013457503176990565651824541258875483343360000,0
hamcrest,2010,12,27784,22800,247,1.,38772,4978,1.2692702979561859369351647507853160607123940089647164739706007474832095852209004430203632000000,4
parrot,2011,12,698165,633274,4511,17.5,275301,6598,1.024554991947314631511650000000000,10
django-registration,2009,12,0,0,0,0.,261,0,1.000000000000,2
flightgear,2010,12,129062,127773,1283,9.,282785,5618,1.02080655974121695097133004517562617091835706850147600585653870316994003791460037999887317436331674937702069976555071149722410914231702400000,13
pear,2007,12,3555530,581700,22673,67.,13674127,2972413,1.277751115386785952312974229962285357660272853198778234247206705135865738327542898396807462205904552648606438097234387509978450970214400,8
gtksharp,2008,12,56091,8812,302,2.5,452107,47279,1.1167878704004235861962871282676532760242894163673575712511804621122859607677569428784147510032412615831927978806659617178882913894395538010320222571520,7
system-config-printer,2008,12,1022359,904608,5676,2.,166381,56608,1.5156823627112112969187073145916687901625615885450620268940281680707787951235968384273428911270666459014376580478983079433835373134080,1
openvpn,2003,12,16256,20862,107,1.,26429,-4606,0.825721745147566150244756329094382348950316678087796958830851922045700693713306141442304000000,1
camstudio,2009,12,685,186,25,0.,321526,499,1.0015543863911251423701153316264933004811879589885440000000000,1
quartznet,2011,12,14202,50496,216,2.,92053,-39733,0.6053575153212837518538141596764307669779536041026751416853675722834551812643044338453999661766785516076782721423800000,4
make,2004,12,1367,621,61,1.,27154,746,1.0282490154492760084759496249695744328036888418021013821538057723441021447546383264891939087440539200000,15
mpg123,2004,12,0,0,0,0.,156,0,1.0000,1
filezilla,2013,12,117,57,10,1,250381,60,1.0002396922351561905928353260,12
beagle,2013,12,23,0,2,0,231120,23,1.0000995253075500,9
bitbake,2011,12,29620,11692,1184,7.5,50350,17470,1.531326033998273779683274871902670571067014774829070617915242230548940051567533872523358991755183506047949752496559114057770223798435280000,8
ibatis,2009,12,33771,25376,320,2.5,150552,8395,1.059054425731640634131722262238692339874458978469696471470439025947470789295109057729934537400,4
kss,2005,12,0,0,0,0,6170,0,1.0,0
f-spot,2010,12,180058,238057,986,5.,178933,-58243,0.6744127544868138096584826287085896081043017364251763520184730799875340959512016570158406834388527762367595554651766465273719404921614167596309600000,7
mp3gain,2011,12,8,6,8,0.,26935,2,1.0000742583447800000000000,9
virtuawin,2003,12,332,1,7,0.,587,331,2.2929687500000000000,3
xbmc,2006,12,272456,179137,2644,12.,988989,93319,1.104189042841443686887989979024543025617379047452857925280341041079072101950350306584142145308397774214254502088957137511482015857977729024000,3
Snowball_Stemming_Algorithms,2004,12,2642,86,34,0.5,24512,2556,1.116414647478587066080851577175432078527934031000000000,3
pylint,2007,12,5692,1644,134,1.,1102,0,1.000000000000,1
thunar,2007,12,13080,2343,86,1.,99432,10737,1.121055301871078503292299592579087898509174194639595360230687481804534637088199424865254408454032009832131113779200000,2
MyGUI,2013,12,20823,9769,11,1,192410,11054,1.0609519398342929417787380,5
openssh,2011,12,1817,745,106,2.,54298,1072,1.0201405328218419884393609964728943015696437854930908081418082444725753803317459106720834814522357127981590043945787316320473448598303626802464199802880,12
appfuse,2006,12,91478,95409,1124,1.5,34960,-3931,0.88856446306239852564507117038524913569364834183525192320621936654354271169527670879432509696760009406159387587768331183049081317680000,2
cucumber,2013,12,1467,1560,86,3,14023,-147,0.989517221706171849466620,5
freeorion,2004,12,68344,12233,660,3.5,73891,56111,4.15584926835686752069927186002408861486973948915621640766179623447982168881821613296863577921730425729867434007714214430271244080000,1
geotools,2011,12,2156594,559678,3046,11.,3124602,1596916,2.045316904120812532132891472906426529252019271576136734659640942004841652973069868323810770747879039299627286690992421647058083739962368000,9
virtualdub,2010,12,0,0,0,0.,247149,0,1.000000000000,1
debian,2008,12,31890958,20498128,52397,245.,38821675,8456145,1.29547215210918763482684949663159304350484972461783432907564757216342917041770197226689533173998521562809354136366254289497258567673856,12
cake_ptbr,2012,12,666,372,28,0,8243,147,1.018161601185220465762880000000000,4
tt-rss,2005,12,11606,5044,1395,1.,8267,6562,4.8486803520363322680060805010532628163472,0
bos,2008,12,533208,466650,3339,7.5,1017157,66558,1.07066722867495578707267806028733482333177981572254178133242603947636788427531338338144411501312654997581605730337898228026661428414608097280000,4
ffmpeg,2013,12,57814,39956,1965,43,662542,13773,1.021229436058528420132003037827023777,12
iptables,2004,12,6718,3577,137,4.5,29077,3141,1.121105798892797926742512439005529815429601490027349093052510491959341864896897879452794537060054520053470349926449276891886777700476800000,4
ocaml,2009,12,3540,1791,119,2.5,297350,1749,1.0059167594156973127650910200887138866795477083834875297490637923694326886687203069580556707911409502656319013384745540262800064543767629619200000,14
gnucash,1998,12,39448,29167,976,1.,24142,10281,1.741721376479231556871238317619739378651744178874017917865073567771198899962279497623491738494227021857242356635742023623745543782400,1
quantaplus,2006,12,31968,100335,345,3.5,206808,-68367,0.6694180109557050486434442219166913199071392476096982148398768079423819120678141900828035319713130191684375526400000,6
cmus,2010,12,4955,1445,205,2.,28736,2430,1.092374363256883657356059439494658831263681575935256924649818426935729105534141283801320003547641985038336000000,5
packetfence,2012,12,261445,201919,1653,4.,93093,17918,1.238350515460639501767290502488194057753838305745817987339532837030413712426611281271951840030038945297927430481087422304320000000,4
civicrm,2007,12,863575,752508,5014,13.5,552741,111067,1.2514682774737831702769762105871879504779875400590068212891085606388206447129882607475718613184434175829135221011504500402264469094400,3
cpan,2004,12,96,3,2,0.,7403,93,1.0127222982200000000000,1
activemq,2010,12,565338,535394,1260,5.5,1136269,29944,1.027874772109973759145611775677115856949264515110749007459644416822957517607175477688773848303897870458941650698029059996214231357841760000,3
yaws,2005,12,2527,911,97,2.,25776,1616,1.066887417207895750322388627490745734876144498855882393762616420671175511056787794938762829667071435263551326025666164648777959526400,3
apr,2004,12,15461,10671,634,9.,215764,4790,1.0227058338367503266473052146262379084959274052541104618852215087559682624713783312519635592861258781599127732764567108255079327264160750096829833019392,5
lambdabot,2007,12,4498,13304,220,3.,27820,-8806,0.7047542412531405870649316093770569666702442217994025003833233760235510325872329863538370748885186061140192821141680000000,3
wsf_php,2011,12,23,5,7,0.5,58405,18,1.0003082878037376912488430100,4
hurd,2001,12,21531,10688,746,2.,540105,4896,1.0091478282308630228090847352712775976648593582852732173926123264912860555101741089515202619718316422416813938121284379017131341241502937385066841213440000,10
tycho,2011,12,251932,240908,821,5.,74618,11025,1.17336813801467087637854194105012006253184260016674986201435135470655182303093304704330374454965817803135303830783808208259937759385600,3
stripes,2007,12,7603,2313,243,2.,26043,5290,1.2549029056500155170439295273504622874747119881429527325464942785895354031169282522356107515257185744062979986434187625092303200,2
htDig,2004,12,45356,18886,92,1.,254299,26470,1.11618362898922291759982065559937020157622894260218260384771388393033191115195306304000000000,7
yate,2008,12,61329,39401,805,3.,148580,21928,1.1731358367706653379674171780054770154143949276652032848172344853985084053501493314523201981851193687710514326651351472509879621871104000,4
network-manager,2010,12,196143,83474,1947,9.,212066,38951,1.22500072205937883292621470715726956392962205546920598057196369517147430096919602196051797396886900633018544530338296700068262869258836944000,6
chatzilla,2004,12,11022,2996,106,1.5,28591,8026,1.39027473862558790150207333931073973987278102148069633036052015844519759160638123438668479638062199488000000,5
coldbox,2009,12,1128481,1347980,906,1.5,930560,-219499,0.60621130503238021433003518133164679575388981130589759129769517115897310770399732462006057412501202954747511118458601607707966111817949500000,3
cyrus-imap,2004,12,33999,21542,1768,2.,782192,12457,1.0161860150850239104249928053190583513092963677270411649550160013702434597752897345602148677099735382117714677324722010864128525563317360560093017136320000,11
roundcube,2010,12,63943,45545,1811,3.,133065,18398,1.160447207997450402015768805009779299468617434150865025251573253104253006025251476069457296826253340051839658153538780847511763140217856000,5
ApacheFelix,2005,12,2320,449,37,2.5,24598,1871,1.0823249878927613373025278416995967557774589952,0
vlc,2011,12,311459,262986,4802,26.,597458,48473,1.0882956729211840685454407899868919978648326400772177124613737043893602511584992504024406009841762164112325350479375727928741725039820384000000,12
proj4,2007,12,13888,12804,39,1.,63676,1084,1.01731850715637355256526518572006031236106245081075949290015327284409547845872463435499245785840320000000000,8
debian-installer,2005,12,442341,381364,2921,20.,309758,60977,1.2451031228159750576007700769321605519561792591322061260650155651615689628436228581208291126279377868190990601077104188170701422054960000000,5
soapui,2008,12,106764,68957,878,6.,197893,37807,1.23616681033713035980770089705620384365558822745152510112561586755968,0
tigasexmpp,2005,12,1023,98,7,1,3044,925,1.4365266635,0
gnuaccounting,2012,12,5527,3142,88,1.,30826,2385,1.08385781090145195729873255166813859521114923115692680048334215701605771142646624992183476712652569089382400000,5
openkore,2009,12,30360,12465,273,3.,259913,17895,1.07394078126763567964599657775176759608542211453046174349329108865725830797020469462725246692070205220164101159857973291513982524763039788633620071700160,6
wireshark,2012,12,752192,491661,6018,16.,2516196,260531,1.1155007503208237263146658808453613639292406939138651600555457856263800180674071238717347725239729211537151704350081152983579856851481600000,14
ipython,2007,12,8402,3973,395,3.,18777,4429,1.3086841371568745716840240925714404866304377322197410285361079181037076890070373533298898565120416476613234577484631042443023074833203200,2
oro,2010,12,3,2,2,0.,33762,1,1.0000296199757100000000000,10
freebsd,2009,12,783461,637643,7236,67.5,3693722,145818,1.0410997591753686975160550048549506529251217606479181379812393969348745262095787904906484313239380729878596401928862080555851802275121123901440,16
pulseaudio,2010,12,15327,4411,381,5.5,247284,10010,1.04218751317203719757211587228981546616584552322141846793177848265200274240131203122525265431188792115547121514779681580965572359304443844498250944000,6
heimdal,2004,12,14156,14818,588,2.,167765,-662,0.99596992663615893251230070722110468939281728763651077364225925275971154574342044918742858802060295044388684037464550868910075284357079883068158771200,12
wix,2009,12,16879,10338,141,1.,473371,6541,1.0140115245377344682630551065915441707916052525346219357600341184730498993608308855163520000000,5
jpos,1999,12,5765,1403,116,1.,5935,4362,3.77304513656553595624381252638529821236563460095620770161020613230030708020308940604926659516525326748783790026275622468430400000,1
dspam,2012,12,32,80,14,0.,48609,-48,0.999012386321458255468038205415662049664000000000,8
Riena,2008,12,158495,70699,1967,7,99553,87796,8.467551245180906725468452130179869358204208974481004022814601830244838545786849620137278837673521545959361673520000,0
lvm,2008,12,28633,23847,539,4.5,75093,4786,1.068779190918801349829845809978842847772763991431627129021664669933688516618701365402789599950626956090287913803969127657594183561455945321600,7
xerces2-j,2009,12,4488,1328,116,2.,178308,3160,1.01804188457835288974996787675903996976079651270748418365420275838933736969800122190538979225898851542678848666543400902927337991856770672173732339200000,10
xchm,2003,12,4484,1995,182,1,10378,2489,1.315502598590035694389922386854400361897350215388358520,0
icewm,2007,12,857,298,7,0.,125255,559,1.00448290241849623396219920000000000,7
openldap,2004,12,236217,88894,1822,7.,392666,147323,1.60047769859487535262534803701749908043492616190463254370827835560113681094425416391491145334961999781630042289498657521154489039564800,6
paperclip,2013,12,307,52,27,6,10038,256,1.02617051727562093889517984905698944,6
port389,2012,12,102747,86745,477,4.,655042,15852,1.0248001376699724708251916438702117921142794155950219736847551013831207287256037087448152386995555237174203981209667896324913680337840883712000000,7
opscode-cookbooks,2012,12,2499,920,220,0.,19181,1043,1.0575035836371069848595395542557840000000000,3
panda3d,2010,12,56194,30438,1044,9.5,705883,25756,1.0378693979214155655566882673500588136652440199909114707024026538845652922162578666147029131250089111962485261617471034338044190865949461905458462720,10
axis-java,2012,12,204009,195636,467,1.,192719,8373,1.0454200253784346024494966663327699525421822136726751205617476088601695576416064000000,11
dspam,2011,12,4719,4486,76,1.5,48602,201,1.004152806760491458055114701835264608674580085369964694343473627549160856910845194495200067266304175527945998392320000,7
mapbender,2005,12,136946,94670,1373,3,58194,42276,4.164845036455441207564497961800770871638566467582759266005032074248949634009578349569347380000000,0
eclipse-wtp,2009,12,4771595,2697149,6147,27.,9650412,2074446,1.273819338705877390243264855630377823520432717116482804564492700781532499916137443059289995894705522658453443910124172628994496611680,6
heidisql,2013,12,942,510,52,1,41018,432,1.0106440644559867852467668510166421320,6
bzflag,2012,12,23815,41115,268,3.,400765,-17300,0.95554870371854448604477450280603094491500102734135870202063677907665181838263402777301176656363224971861155519257347424961676542246390000,12
go,2000,12,0,0,0,0.,7,0,1.000000000000,28
rdiff-backup,2007,12,421,185,58,1.,14907,236,1.0160861563630311057729652957422550244540966165377009533797531031471363816000000,5
mpg123,2012,12,1268,514,138,1.,55949,754,1.013660657668702931881906455738050613869408317039430601971305138621206908334239834098521673396404209302237277966068561198517760000,9
wpa_supplicant,2013,12,7410,2658,245,7,249857,4752,1.019387609392539562725356059997688480,5
mailman,1998,12,66561,39383,2167,4.,28207,27178,2471.72727301647976904202637742685784857569473753406922118673710831391491424969478860830227258374890163119688474222698070016000,1
django-rosetta,2010,12,550,158,25,1.,1703,392,1.2990083905457095496926615055800620280229709600140368229269018428788749036200000000,2
biojava,2001,12,55515,24517,580,5.,67126,30998,1.8580048714757420240366883114750135425619942070826465556387325010577941413649509729111525913272070571003982643868454582526991000000,1
lams,2012,12,448880,410632,1529,3.,1425377,38248,1.029171427120915321547374816053490315376519074286709023455750082406364718017214551655468914234401169789772491143840130182755887859844375936595925760,8
giggle,2013,12,1,1,1,0,25637,0,1.000,6
eiffelstudio,1993,12,148693,28347,347,1,223461,120346,2.16710468887377515398027415128522241457438219715107979448699720584725010787161345813636218028836019200,0
zynaddsubfx,2007,12,62,60,6,0.,29421,2,1.0000679832761100000000000,4
findutils,2011,12,2855,2613,129,0.,17966,288,1.016395309119260733479607915237940588289388652129800000000,15
python,2006,12,353801,245268,4820,24.,845971,76064,1.100531974648329489525268200284562660917703645086913793893585689220417742583770935068500734702314972553625386188820849917094078657093823242897000,16
flourish,2013,12,25,5,4,0,56126,20,1.000356468113900,6
wrms,2006,12,27850,5261,435,2.,37470,20571,2.2172909639180656182745122292227755536481219244763889777897617791553694721403023546835242040952747137543588811207040000,6
wiiflow,2011,12,40952,114628,134,1.,186902,-73676,0.6058041112858675119845839161140316943042175573810488105571327074912800000000,2
konsole,2010,12,9308,7590,139,3.,30366,1718,1.0599692823274366047640496555322014719014183464463141240911145064497224598933219880826324812314749081809933868061208202640000,12
winmerge,2007,12,24417,19138,727,5.,325919,5279,1.016463947105526097179514892878710013532516635248909742077367553991296710926507980301525878052835865354165527798149487809721552910701965415274496000,7
mandriva-linux,2002,12,188956,238893,4667,16.,431488,-49937,0.877592191322375936416206939714906633833505309176662398216265382130687865867570634931424065801385603298989203173096506497597656790860236800,3
gwt-maven,2006,12,8255,4293,154,2.,4073,3962,36.69369369081063169423820373600,0
nethack,2003,12,23723,7410,22,0.,207455,16313,1.0853449268085673437161028059535600000000000,18
mercurialeclipse,2008,12,68957,34390,926,3.,27894,21469,4.3414785989699239855099571031850224451488418514405457776446626798140805839299182794748118746373501944958016654537071731732131400000,3
sshfs,2008,12,543,56,19,0.5,3850,487,1.1448111804881826059584023878759347037642385211862759549085628070436000000000,4
AndroMDA,2003,12,32709,21965,259,2.,24407,10744,1.78635731540238391276556377860874621386916337218460345482603964211743845023334410272588893425357713882058240000,0
vim-ruby,2013,12,589,250,42,4,2662,287,1.1208421052584672259521774937637800,10
freshmeat_apachejakartaregexp,2003,12,923,466,46,1.,3869,457,1.1339390386850763994595491268715664825541028472288678638720000000,3
mapnik,2008,12,116438,21840,185,2.,201297,94598,1.88658750314152698556710220374307375919840070007693171455089555244148601122213183148556568153013387426007702577552814224785893559480320000,3
fcitx,2012,12,148581,63822,2111,3.,124581,71472,2.345760605633403637281706317058680665961341997713602394187181321051690835448050831956145602458260352525571316336478961043447808000,8
axel,2012,12,0,0,0,0.,2661,0,1.000000000000,4
repoze,2009,12,88507,57786,1542,5.,73202,30711,1.722764820758396746754514486536736105480850887743459905756606109835691415765748181300389968937408100647880516125727119381494046526694400,2
tkabber,2008,12,11516,19676,187,1.,58435,-8160,0.854449458596668470141324992311424128489146460500959439630787469956139236696168857159214987188321985463796200012422911692321040159540212464865280,6
sapphire,2013,12,14633,15488,134,2,158368,-855,0.9946301727827925128102312655025704,3
dwm,2013,12,0,0,0,0,2338,0,1.000,7
ontowiki,2005,12,6009,3928,60,1.,28693,2081,1.078197805497876147142513496925065963150436494719629427204850339066642180000000,1
weberp,2008,12,81312,34656,2363,2.5,239382,46656,1.2420846175528766114416400384301207265807242157553217552652321834901191028992531279254755415503892519401809223107309352842078617326118720,4
rapidsvn,2011,12,210,87,21,0.,72186,123,1.001707289989015505403674848243869615089154197530957500000000,9
vdrift,2007,12,642226,26728,386,3.,663841,615498,13.73189499924930569825177200748626689642064499935736173364441231952583368220389932447760951381087202613859383698545748277072871145804800,2
firebug,2011,12,143276,135918,1950,5.,72380,10982,1.178865761102910516784599821552700670257224536373058088429523349594506164169914764372295434174845590612721528278348325864603308400461440000,4
lilypond,2008,12,383945,355952,2385,14.,1093120,6815,1.006273560372246107757201354666041257998327641547330244824150075882653832001597639094838236878622154250437298381697911367270736022775519580589820068800,12
eclipsetrader,2008,12,249973,182661,290,1.,286602,67312,1.306954261438159062111624016789268906466903315482119038967813836228029950520819204945769121298461511086453555200000,4
vserver,2008,12,3641,952,204,1.,39155,2689,1.0737399221197947299655103462964277511981045966915625604559811225218093891384230513116092808252751145571657806171726496157620201459672340518489088000,5
ecls,2003,12,90077,43085,473,1.,399113,46992,1.13345412512407911913765328065094908507936328467120086578797847579649907241041382102898951880091702812401085674483183091200000,2
openlayers,2013,12,4262,1134,186,6,118043,1027,1.0087765775614585830537516680437210992,7
freenet,2011,12,140432,312661,3373,8.,428409,-234927,0.645840117256186597203108421356408620913533699906200410998855204491503236638833775595884378980799125919494389769126690078799111987200000,11
freepbx,2005,12,42593,19423,918,3.5,52829,23170,1.7812131225320779426114343836897094362243344964259927315946834194973466124122661529763241060713616815906254352380447077132386798798848000,1
mongrel,2012,12,0,0,0,0.,14799,0,1.000000000000,6
poedit,2000,12,4416,263,17,1,18176,4153,1.2961563146,0
nitrogen,2011,12,2,2,2,0.,4243,0,1.000000000000,5
apc,2012,12,6848,512,182,2.,18331,6336,1.528220091661122906877948044243288934612787431834978571723001298631953916505575975334529099470791786322492037394214713180668035072000000,11
otserv,2003,12,3255,3402,48,0.,3981,-147,0.9630746044208531683573852983090890098218165199378800000000,1
xith3d,2009,12,29072,33427,113,1.,125500,-4355,0.9652996342675955504754920758390076525872911573942039995447072899677974858565112869067769321555036511824910274799855557597040124160018414515814525440000,6
nagvis,2009,12,198849,162419,1775,2.,53478,33850,2.724577134657424666737851984662978032333069675512854733231360892038900095762889903002564568361748238053756725521134558633179426000000,4
sqlite,2008,12,89339,73297,1319,4.,141584,16042,1.13928611734535493512230489974521104418719780540122405541478681111402398223180214862372498698241930028596947385012846537731468146100000,8
nekovm,2009,12,2362,452,43,1.,55083,1910,1.0359204859637896510009988185207857593254087179443609352576898422267960642676258210631417718526321474721475574159804173560351913387180107599410790019623680,4
opennebula,2012,12,217239,120327,2885,7.,125389,38115,1.436728006069199702667527048865626659306552991931671415060804178281492183071496105793311178729957327404105154500549104729332692065280,4
twiki,2000,12,4500,2037,143,1,11226,2463,1.2810681273647498755883680593987172744779004248959965762461620837172262360842240,0
lyx,2009,12,94425,36682,2509,10.,445289,57743,1.148996506222454696705491106464360059035101889541050743005544436372603402502244339947527682930737863518708990654604052042680852442036697408000000,10
bugzilla,2005,12,22967,17725,823,6.5,45910,5242,1.1293394853005325814341704461091702451062232391919377521898102399565352762613946487940890328222953954422298139043048807348149503733617285120,7
fldigi,2007,12,32047,28175,215,1.,44992,3872,1.096722621894518763893361630158174673421365900172407174260184954582120,0
ocaml,2004,12,30048,29837,493,5.5,208737,211,1.00101186422353819965580831004743734107347915792081652528538240620697298936065723122121338465093603234574642250169318342520316403281591090665600000,9
zenphoto,2012,12,121892,113107,1820,3.,183812,8785,1.05019225605456933323954960225799893464681460669840085595452252937642759008870359378855316578133083220056968264078081457561005958984465747322646307635200000,5
nexuiz,2013,12,0,0,0,0,48045,0,1.000,9
ntp-pool,2008,12,2990,2237,140,1.,24162,215,1.008989797629535535118108775760963083701392232628353870273836315108044800000000,3
qvm86,2011,12,0,0,0,0.,2416,0,1.000000000000,6
krita,2006,12,528340,580051,5641,25.5,706137,-107893,0.8446518766768901357566020367474629636834712524283320448778807505713468277882936046180610590676597859205855411732122870666789790310779607040,8
puremvc,2011,12,0,0,0,0.,11907,0,1.000000000000,4
aros,2000,12,625164,68814,2417,11.,872129,556350,2.761833434195311769669355685776021757809816256769446777431509910640176113834436085411030203394519247728868229520766341837228240464000,4
netbsd,1997,12,2117796,411817,9503,38.,3450558,1705979,1.977874318094678487434721973712134287478683297323031456611088923780884689788058141366596844379359284032051302213995155536711384213918720000,11
mdadm,2013,12,546,173,28,1,39485,373,1.00953671507427405051341742342745488384,12
linux,2013,12,6900526,4449540,9972,636,15559645,177201,1.0115196908891607449334126033522898120,11
alternc,2003,12,2410,23,33,0.,2396,2387,266.222222218769318658281400000000,0
libusb,2013,12,0,0,0,0,17633,0,1.000,13
bukkit,2012,12,17191,6712,446,7.,28351,10479,1.58633616832408681365043106186374648747417842513042375473172493425932909074232989879332651637145085860779865429849659212718548952751616000,1
matplotlib,2009,12,66341,101001,1971,15.5,372148,-35848,0.8983894466399063390312576565041033104935832843990037224390140769917517225112518506335283379658170926205657078804004790811861384001364480000,6
re2c,2004,12,23399,5486,91,1.,21771,17913,5.6430793159786508529428427212200783922895485706533433842439050370260342656595533631692275633052262400000,0
cvsnt,2001,12,36970,0,30,0.,131518,36970,1.39101831875144975482553984307068366231120446240732128000000000,1
gutenprint,2009,12,16458,3640,99,2.,185100,12818,1.0744012723348371917512979634168188765965799420479276127486690162526150173217065874129114661151164357199487362475981485437200000,10
dia,2011,12,20008,7390,292,2.,393696,12618,1.033115589627413425938756919875603196322227313064615484650338762393431814509828192389340352783662688641837395480812478219567176294661630974283602280000,14
dolphin-emu,2009,12,593289,563546,3702,16.5,633907,29743,1.050321030687166560362980067188812956522083388335889752071658981854412233143536291139729593229851363951840093693893581961996960045099005952,1
jpos,2002,12,15815,3076,357,2.,39355,12739,1.4786218815395473747370450428715077825734283944454411643970287708355714057628710167396216119081442995978657047910201428183364913342015232,4
setuptools,2007,12,215,91,33,1.,10342,124,1.01215328824825207749682790203107588419817163414627786533199382118999252089215068223200000,3
opencsw,2006,12,10170,3893,585,3.5,20111,6277,1.45373716927762460413609493859259052008871355838642960042722560698302963123134863950801703545386263522413255434568739239636500032536576000,1
libidn,2013,12,0,0,0,0,99603,0,1.000,11
w3m,2003,12,53101,76069,351,1.,104403,-22968,0.777999014181226567106234579401401966512219603779260767994856104832096627731710767159373504847470493404129711771118720000,2
ndiswrapper,2004,12,47669,39417,666,2.,24177,8252,2.483905772392827491371786053524490820282320343531389352809855772726999142825613657289734061341358665085531602633600116854292275200,1
perl-ldap,2000,12,1088,1459,19,1,4883,-371,0.91853315764211218118882902391581501003577964000,0
SharpDevelop,2010,12,949178,693681,2532,7.5,761879,96136,1.1444040718498547308326889282012589723048288711645934095693859315571256861619871287218898844724459525731487841150279743656555869652067758080,5
make,1997,12,4693,7857,84,2.,27384,-3164,0.873722860843385946800765391854717647371432377715764658713065182786255256341286121106433517026146282602996121781552625023762445545728000,8
phpcs,2008,12,11256,2050,843,1.,30849,9206,1.425356928291223669765567913702294511395410776531099914700257895607774654830185502900943731355724405058096984036819749728368204652320000,2
xtext,2010,12,3305338,2838477,2383,7.,1652894,917176,2.2466406964872420955540389560706985622769390358004925311922621294874256764863261457705277756273703536231496072791548225032834201600,2
cdrdao,2012,12,0,0,0,0.,91723,0,1.000000000000,12
rhino,1999,12,22939,3992,210,3.,59316,18947,1.46934528969889436572725727844483597709996437918570445100773490127907336367597322704016760000,0
xml-commons,2009,12,267,141,42,1.,286920,126,1.000439339735121153851425070912409671486804849427843056866668263561065844381003232000000,8
shindig,2010,12,83846,66806,1238,7.,182522,17040,1.1108422449542187182730249608346573176306754515685051471872007280606308542717854511868986783610755924046455921358907490242936002908590080,2
openssh,1999,12,7134,7078,207,5,13764,56,1.004085205719034244325745627713054702,0
shoulda,2008,12,5734,8265,215,2.5,6774,-2811,0.5761459590305240783090631245529162878377961547669047024656917728797051831376940000000871170894001065363186839741079552000,1
terminal,2008,12,0,0,0,0.,6034,0,1.000000000000,6
pymvpa,2009,12,169755,91270,2515,3.,63312,10763,1.204818360002671925460269516796137414043537326474355199158737559781530787106706078115345305035084986758057762006875577648480000,2
communitymapbuilder,2013,12,0,0,0,0,166028,0,1.000,12
glib,2002,12,17775,10559,371,7.5,91388,7216,1.08572922112117300014470840050885151438249654944185567844535706284648123053857277305583471156410834887093440910964850432624660969902233997743553285120,4
gajim,2010,12,171409,146831,1303,4.,92720,12371,1.1539658240826337815562522326556944267346247686439824389795310293597645657306188544724375332118457688098933866131342656412987011696394240000,7
wampserver,2011,12,0,0,0,0.,2467,0,1.000000000000,3
jpos,2004,12,4613,690,179,2.,50140,3923,1.0848821862070091573710546344578283500104184244470374603208177394666411609750288573096237014899680093023547415998001808415987714513715200,6
kicad,2007,12,281619,156299,514,5,263207,125320,1.9088601536030269899960101872188874243738659249904075058499525621555007393080000,0
flot,2013,12,9944,8227,138,3,28526,880,1.03183100629542965076753433668730554,5
vdrift,2010,12,172882,145101,465,3.,180499,27781,1.183191559479526809213630169887082187274070153786313130769325987922181449476140769996524355149810091081132223453898038854808367630001510400000,5
connectbot,2011,12,2799,1118,74,1.,82145,1463,1.01813291688392468141899242004808041997473471873981672615753135448805715556768182932528000000,10
php-js,2013,12,103,33,12,0,459964,37,1.0000804475492800,5
R-project_,2010,12,93161,96820,1834,8.,650236,-3659,0.9943642404199345183098112965835468266832588984990636427509196155489840612545805996537926794546590126438664202426465617749569939852247554907957493760,13
nant,2006,12,5785,1650,206,1.,71894,4135,1.06102510367902267596613714139375863914585551965308970615559975535330490167836994677889172348354054783337049404959515326832310886400000,5
opensips,2009,12,47422,19510,1087,7.,302574,27912,1.101623085825373143192038387955337005339657567980215096175236839384327672390011363312863524005760873711434969000143942123659719055333184032000,4
openkore,2006,12,336618,173648,1275,8.,236722,162970,3.209702788329459097102289755473013621820983638936992617258200353589055952336890581240227353759552989113118951492494508076559977152000,3
Rhythmbox,2004,12,24641,18661,377,2.,52577,5980,1.128334442081795749211480043644344087255847094874889269618084615941727237171132647477388176190522490112000,2
bison,2007,12,9707,5515,189,2.,30005,4192,1.16244284274687442182604325358565370348874200998445703022876730258205768508340390868408791012346614368932047151807742820055082868736000,16
MvcContrib,2011,12,77226,147909,121,1.5,717902,-69180,0.912105727232048097092439361976611823996949120201524574622219961382010873302158792062895320607617011018944273886571386917528874547200000,2
bazaar,2009,12,2220448,633933,7300,20.,211848,57497,1.37250811461882955396955737932385470188827686180303612254046820032125633426040724525761593411019554047349270878256974662321160847360000,4
GraphicsMagick,1998,12,39328,29730,224,1,144063,9598,1.071379169310885886527117522358680,0
gwibber,2011,12,33413,12386,819,1.,22623,10233,1.82590799039232526269065515187261509113128189462948839958467695635653472598060929355485901934941841084074022209600000,4
inspector,2009,12,1244,271,51,2.5,12012,973,1.088142041851335345261015294977887593366731820484560441148411206495446190834728743100271287682266660623058685000000,8
oprofile,2005,12,10632,5459,233,2.,39436,5173,1.1509791903671831524383127270751188556020014377002588481055759600380360698920000725227177779204670294157041430949417204050223037071360000,5
dune-project,2010,12,125897,89182,3150,12.5,315766,36715,1.131570931484542029013603058742153497397165376167640756956780133844669544178569780062037896449343119374902250559883545756666337818705920000,7
magpierss,2009,12,0,0,0,0.,2259,0,1.000000000000,7
gnuplot,1998,12,28417,27157,444,1.,53787,1260,1.024090856945434102343154787856338114618056236538016081477698398788442460912684099207219084660000,0
tcpdump,2004,12,24173,11425,294,2.,67587,12748,1.232462298702798696584846059069312828465541529782096688570643996254082716968326754513201982634972363706303149915019150650131181252391258035200,5
shareaza,2012,12,13331,10891,195,1.,565466,2440,1.0043385182185033154213453330185277539554885738841528805507343450455809830362155454788736327721600307259924006089503432637372111354487140050085900678839927856742400,8
edje,2013,12,8,3,3,3,75891,5,1.00006588830614,10
tremulous,2001,12,88555,39821,300,1.,49405,48734,197.50806458392087347240652987590401469433359408978209242224532428815250369765641398465005269160418689540882406085881137016884626571264,1
commons-configuration,2005,12,9773,4238,195,2.,45553,5535,1.13831275926252769426887550373436390408380683684597291012413660818982869661106532568583155893351358309027713993781579533697922797581316135360000,1
jahia,2010,12,789424,860316,7809,10.5,581796,-70892,0.837784281269545178187138078240611393134764258861116192229354293080426080089090826098500915988506451220441283873198590857186185440000,1
izpack,2008,12,833351,236632,957,4.,2800488,596719,1.27077202735814573732273210222747494968281865509032837035787034301692002914108408079191477318847674487125810513400478463664812331837370880000,6
glib,2010,12,152774,47074,2133,20.5,315703,77758,1.326789804393449994000276858160123797881619759435371264401992950638439729877769495813457356645892212611145347711273111155126917700160000,12
scipy,2011,12,71552,39433,607,9.5,599567,15425,1.026406250535920260564886243273623433039570684287490573871430230914989606227821189753204010963151835697362537858512095226095626173012945229768294400,10
wwc,2007,12,116248,60815,414,4.,531097,55433,1.117448022019620626185426614461481652371302022703951210429240702691961675778939564852722385403022050202267435580022878101957294595689666542592,3
buzztard,2012,12,184963,129696,1087,2.,218909,55020,1.3357150266651567708453276978654227810245210700517828880796661805542103231010122693186122139954883095505014735883825744851599405351383040000,10
PyICQt,2004,12,7692,5203,32,1,7899,2489,2.542131350527624549058771382732,0
clamwin,2005,12,82727,43940,80,2,68479,38787,2.3063114647215251341806173565135496150085334840,0
perl,1999,12,2347790,1178722,17940,24.,1784724,351306,1.245082732318022038406304851835117318326987598694333205981676431804344473121623079673510505485293828466324267885829321984837839882214000,11
jackrabbit,2006,12,390331,332403,1267,7.5,204748,57928,1.3945511510665524498183992218758334066251403108055278612635741036503846337815321392034398942430458561534562345262088943922025650135859200,2
mythtv,2003,12,308821,110444,2617,7.,304504,198377,2.86924156925105206066498759591740605159910914938398503272362605672146268566090794920156083240720826898104346638179156009221432000,1
i18n-zh,2010,12,12114,18,9,0.,756189,12096,1.0162560325101853295811673594641563662404000000000,4
CruiseControlRuby,2008,12,6111,3230,151,2.,100488,2357,1.0240189134940699484608707352883634585748583320555094972293218073446770325944212883965453025528202093300257976618882829912515385496709120000,1
bogofilter,2003,12,58915,32761,2204,3.,34870,26154,4.00068838897706840261503985548343792054292703253306505330254034836722320840090743777794315983240504076900093037479059691929600000,1
glazedlists,2005,12,46372,39703,574,3.,28255,6669,1.30895024556340877076375596260409026325428549390003584263712625742143975426500587348353241707162990191558829568189429892231106560000,2
transifex,2012,12,38149,19127,1339,1.5,64778,11752,1.2216271262800635458299318374971594828682805394344098570958421537888904000000,4
freshmeat_batik,2012,12,180,158,19,0.,223897,22,1.000098269123394088069377551512107298463871859473252105561600000000,7
lame,1999,12,1892,1396,56,5,17363,496,1.02940653347,0
py-pandas,2009,12,20663,9164,95,1.,23671,11499,1.944709168626364654767325725249248698531200,0
drupal-contributions,2005,12,7215,3755,130,1.,4001,3460,7.39556376984097411165260987346269526195632883438086900412851703997223600,0
bzr-gtk,2010,12,2895,8071,61,2.,11003,-2600,0.7624051905679085436532641423936209947324503897708240991834722995709496001687164196279289130291200000,5
Skim,2009,12,662524,147586,2163,1.,677070,514938,4.176041744323641310211433198929693934338013310956693824916911327759726370574596859051352567682457089034027388668613636929969153518166992595200,2
clisp,2011,12,1324,1016,106,2.,1358281,313,1.0002304914401404306490191504144740130850800,13
curl,2001,12,32124,19645,1394,2.,39427,12479,1.463077037290652371299599456935818301793478373232385601164277434856527318876964682221337183320845397375708300958400933400968153600000,1
w3m,2011,12,618,221,5,0.,82863,397,1.00481410520700000000000,10
cscope,2000,12,5225,3292,54,1.,14243,1933,1.157026807474551458717418137782004813225905076241789438279808591257631219809629955168000,0
ardour,2008,12,86051,57811,1026,4.5,394908,28240,1.07701790176021447449453881515399334194527032591145989284357600580851058071784114749218460703797143162779749072002957761723124014296659120256704000,3
kstars,2005,12,55983,22376,435,6.,115114,33607,1.4171259061165894062882770075319669876211192586292567785163008534635200041320439408675931204012418309990382196406659903010802481045953952000,4
Jitsi,2011,12,112208,37839,1182,5.,374660,74369,1.247656439918176173884377110001202540443153637677672647106450101197434207330166835300316515825475477795677765988824667019857133568000000,6
xapian,2010,12,17652,14978,832,2.,125521,2674,1.0217669133077090411052931961019474631835226243902317611998837424689524443907798701594757631196155321807700856343323531111223280186549799296000000,11
pidgin,2006,12,484424,449781,2722,24.5,244806,31243,1.14629406780054220580932972759168742269990779933675816454358748829581017277460252251306281472041401627969490835346344456125339411621068800,6
rygel,2010,12,31928,25703,986,3.,18943,6224,1.48934664677114035673671854482966119877042143275180827668586785429626312955944961051359199234351541311032980985852847467728912984250000,2
sdcc,2001,12,177062,139585,1424,7.5,831386,37477,1.047580295009172485250026130086098190665491285174297861960570166660155418700223617954247081035503022594869533574683407573376155838898947440640,1
cdrdao,2002,12,12162,9275,93,1.,56530,2887,1.05381876480992132196822603414545158011967895458578097488162875099022318704263860048494400882877753712640000,2
quassel,2013,12,2978,2038,53,3,71743,774,1.01090617030042278513464476785878630748,7
TrinityCore,2013,12,247346,188997,929,37,1638313,39680,1.024821206614438907785978573057328740,5
nancyfx,2011,12,416406,81405,1655,9.5,228322,215594,17.9385606554148492442070293810213848665031914581219370031544281268386858944054532948028107508673780940878396513083251881481154560,1
quantaplus,2001,12,14891,10790,233,2.,31589,4101,1.1492140882200881710506922467167725663508421822724245751706801370952167659181641858502624899144255330470183887787104000000,1
sabnzbdplus,2013,12,0,0,0,0,121,0,1.000,6
nekovm,2010,12,4379,2444,26,1.,57018,1935,1.035128805620791865065443706913816870358991756756800000000,5
eog,2000,12,16679,5833,216,4.,18437,10846,2.440180586939314696906395345842615710930740620995607512611077386403497445138508135543882634075337805567645738975172226019605070646464,1
qcad,2006,12,0,0,0,0.,131333,0,1.000000000000,6
pmwiki,2013,12,36,21,15,1,6753,15,1.0022261798756545202895546022466441796,9
esb,2011,12,3146063,2167558,13427,46.5,2780653,978505,1.542965949541643741067293252587192470518436094104733197263547787248614957020714134132027384392073924550823356309035417600000,1
reactos,1999,12,203911,73643,988,5.,202949,130268,2.86617004522131046001352730378461628361194873781873790403625891936736762948416111104289322120294361479650263434251121321102960000,3
openssl,2005,12,47562,27082,778,5.,264216,20480,1.08402533890397163949128904018934285044871685806759091142221266079356144203807242804184634010732067566244667213948221754924399346377639040000,6
bochs,2008,12,81797,75378,807,2.,290765,6419,1.022574609799503552868023840864597118643001810479142925888270633462844468457259361562918545830416025324420988931931541551445638457615937715200,7
unixodbc,2006,12,10654,4609,28,1.,386950,6045,1.0158705988264739965974470623287455298786953252635307587193361964561933330905247999710707400000000,5
gramps,2012,12,697601,574972,1473,9.,377728,122629,1.48071141001266572879859910379245806020007443122869360345600662077446625344749576005025388266452517169018920000296280147160649968648192,10
telepathy-kde,2010,12,95995,36646,694,3.,73285,60540,6.452089338263712366129673578971951744032839709900499600423796811675540457941162587611487383371337011611057300000,1
jabberd2,2010,12,683,365,29,0.5,46481,318,1.0068905742144680649389169846338211580856363981952000000000,4
bacula,2002,12,32574,20246,289,1.,61952,12328,1.2484281799081827204727247361921303234647529513814981482595466791783908936771147460285440,0
nunit,2009,12,258115,172720,847,2.5,394549,48729,1.140908565151606426116193313195617321083334485681614652224091719226100449074784377296634470491703192767146714726400000,9
openam,2011,12,120015,514130,972,7.,1760567,-394115,0.7760123532724668438094715320549021045832931980111735699496947255074320890527284508255742085561042764185311238468744067480942722477423656960000,1
pf,2000,12,5328,2611,158,5.,28843,2717,1.10399601928151053844566610791853824268609598524899564217951891544853822920406148843895426066844631529703098468434737269028267200000000,5
freedroid,2009,12,101512,111200,1264,3.,126310,-9688,0.9233350215228470545031195550050429159941247776763834071093236228755841131408188807538612123348538085888683971049013868213009850654920733917184,2
ROSorg,2008,12,410347,376197,3404,6.5,111676,34150,1.929479328276480016047243765395740237376627635381202197270065015833944882418620302027748078544108819289267750070823681771520,1
coreutils,2011,12,5854,4021,511,5.,74085,1833,1.025369539943021896104230954294630908984190803562956861737480203876416086456439985080558820374488028526492393019437454834152002825760724713548800000,19
docbook,2005,12,317148,205322,1210,5.,681741,111826,1.1962152250743729930506029218678046413708226411578724951832468814391384447934289835600078456998341062314160941808897922181970722902514028800,5
coreutils,1996,12,28280,12283,932,1.,68093,15997,1.30706772113294999093697851707801201964979899153297507768333753301163634506113322619208409195787149374349860812274874201626428551800000000000,4
flyspray,2005,12,113975,61800,923,3.,73631,52175,3.431720730810532129381357545000820102289948190303669764730477648704210083390751715417170537131012410124405604512821787787040528998400,2
cappuccino,2013,12,327759,85183,1237,12,537157,78183,1.170342982392847919491954151999350,5
aquamacs,2006,12,2005578,1075168,17876,34.,2367254,67586,1.029389459695492344741507499414808009657204796667887358552065485247936653815582356574529015437227564633888351923956214010078105097061591068876800000,21
gnome,2004,12,1504115,922484,21257,148.,3950924,581129,1.17245233017003793361986264618969228658355281782635862528644164387725770121165322774329949128579058268347580236498337505864919559123763200,7
syslinux,2007,12,15658,4513,309,1.,75546,7152,1.104570576361155896696888094222089991418763809370204047912565666461629043820519806837461839586332185201493588177310000000,9
krumo,2009,12,0,0,0,0.,4339,0,1.000000000000,2
valide,2009,12,258928,135940,902,1.,165836,122988,3.87033233741484154705294410439235677806848567910677448282927680887137244170529992797821393849699356309575405134986152466414396232029312,1
coldbox,2010,12,164598,124394,211,1.,378108,40204,1.118980538850010403740484815464779308748171519885578397195506197325595163435517784421089161728000000,4
evolution,2008,12,195175,126362,2409,20.5,1033737,54246,1.0553818258646400922980200088346768251495872058475558024728758422065867516434502774453787338758238725268118023948594459238229758970628074206052352,10
qmmp,2009,12,113462,67684,905,2.,106579,45778,1.75291524804010657477985035921712318290672440362106977626675805939287656231624235278694155448025340470590694283848178906077735424000,2
gnash,2006,12,212209,186920,3263,5.5,121956,25289,1.30958414428930140694055403142717694598443988468371891902048170210666822650272241006107565689103535244894626830790819840000000,0
MvcContrib,2010,12,487942,335201,638,4.5,787082,51139,1.0694877184763006549658898083558964182553084652548122864929951101763218130781330035235169973801616673377423101696000000,1
staruml,2010,12,0,0,0,0.,1517505,0,1.000000000000,4
poi,2012,12,19811,4319,335,2.,381948,15492,1.0422751981128967953751526127337972154774915515183310459146463059189352139183530364542757918725480986512355258410396624189158814416763708458772480,10
zikula,2012,12,94292,225684,214,6.,261575,-46101,0.82363405429294148932185,2
beagle,2005,12,97943,49215,1539,10.,103946,48728,1.882465862510547752723586322669970493160993246466526321833868141337057490148254757526964741605847558463793025257689004327791873950400,1
libxml2,2010,12,2389,2047,104,1.5,483755,342,1.000707604263005864586591086923409505378069265580789994735465610335984140698722716741743730537101024235065237828363107815232000000,12
kino,2010,12,0,0,0,0.,97217,0,1.000000000000,9
itextsharp,2013,12,0,0,0,0,472604,0,1.000,5
freshmeat_jmock,2008,12,0,0,0,0.,9979,0,1.000000000000,1
kadu,2002,12,13740,17125,370,3,67139,-3385,0.95200215529832453523311202301671871246299719746362948135,0
sqlite-ruby,2004,12,6313,2255,66,1,5497,4058,3.82001389938024506264817330848388492072112493048732149323821565000,0
picocontainer,2013,12,2010,420,12,1,2417412,1590,1.000658161073113422918464320,10
archlinux-packages,2011,12,280195,279039,7671,32.,66070,1156,1.019003468643410885938667893077162263460153531481337956608858383632400527949144292265370484921318461999453570380592966847826166641459200,3
zk,2011,12,234975,122779,5016,7.,727188,84740,1.13190172589651301748430600329781945213414405263050042118417306166755687366865127087319065289768965521615722245582497062081517705133013811200,5
arbit,2012,12,0,0,0,0.,114968,0,1.000000000000,4
egroupware,2004,12,214395,131833,4593,12.5,398640,82562,1.270016057972885159408697633721853452028516393942570325598905800416364568835344653002085003984437553970900199684652311896896809642291200,4
zabbix,2010,12,158644,160140,2569,6.,233011,-1496,0.99277549462679411704096814500447119878730822074973943601871295786274500675970203760487590617567759823024636528251922848017916124060160,9
xml-commons,2012,12,136,14,4,0.,287105,122,1.000425112288900000000000,11
gnucash,2008,12,73653,9055,568,4.5,809835,64598,1.08668114974080967402138872826760596184989849655086708208181156733798730134784272548287609682552591198695958541086434732049329210125453659292876800,11
ioquake3,2008,12,45313,19464,257,3.,249360,25849,1.115649789051229582128419636771896340092384061512507014918809160334310503806287264948659401046262915611219559932395895484810791002207744000,3
Tulip,2009,12,443475,42773,733,2.,965529,400702,1.70942430163882335399644061713486812458227703496387716693892931913880745857502694964838368895932819908496854417551025259915469585406151962722304,4
gnome-terminator,2012,12,1466,199,65,1.,12817,589,1.048168138699419204630367367071790522007050272754653634499609284237060800000000,6
nuxeo,2006,12,1115,454,49,1.,5635,661,1.1328910333733511606397557803181218178470052637478391398671959423873600000000,1
vtk,2000,12,137174,76381,2287,12.,383321,64143,1.200963098945984585317464248312741759889856966498373766283241895010002631866033659038578203962093040335508059208615823661954921330053120,6
chromiumos,2004,12,187109,44712,610,2.,571051,142352,1.33205582473079914528945800420563273972643336228408575735056815623160869308592609935007319494483946397478183952767352493506483580811688960,4
tremulous,2012,12,498,771,24,0.,211777,-273,0.998710908172201341737026429672952036162876782756621135371637047732000000000,12
xerces-c,2004,12,49445,18418,656,4.5,414666,31027,1.0808755105665435441743030952369009385391836312135876964046646398710216675054746470124931216725388923981783729390984330397119035264655951749120000,5
bbdb,2001,12,26616,19155,671,4.,73539,7461,1.1129120130791828821892549261703195841854845816601474655396463192418028527100264472431599431625487223968528411707015937997558408834732209500000,4
xmms2,2009,12,14676,9579,427,6.5,112984,5097,1.04724387554069686212087059639292701268427877885480716276206478643570360061989593878035776606059411677725046490489454347435403328431235409997404000,6
config,2003,12,224,139,42,1.,2595,85,1.03386454183156446332903299585221296481549751475688996466686686070049336787924831038166982183072000000,11
semantic-forms,2008,12,16483,15549,1047,3.5,11829,934,1.090241545944282038889659974851738876219692744286482123947764355676418546582870273158742624105048680978745228931298221370469363750000,1
gnucash,2012,12,79784,36602,696,5.,1139161,43182,1.0394003899704145608174068435401370549954900877765239985689697075387121838995327602735064545920777321552971779096762703086535451800438888672611840000,15
wampserver,2009,12,0,0,0,0.,2467,0,1.000000000000,1
ccache,2005,12,54,14,20,0.,15679,40,1.00255770829358375014249379898536520995000000000,3
xerces-c,2003,12,116727,28507,1103,5.,383639,88220,1.298626696336323203413191022546429465270000129277887916504436791826786461618448140440547745622009658329982906292776310156806794289971200000,4
snort,2008,12,44234,21093,183,1.,182272,23141,1.145421068172220927486055925043172951102129268691946951390234280196124420137696751565904768412498017126895955407748832692192426342580800,8
guava-libraries,2013,12,14021,11667,191,3,209249,2354,1.011377751999197040099099853998642384,4
tomboy,2008,12,18457,15380,277,2.,52632,3077,1.0620926243462600102181140062067013505650807745332317764516913968241741323120350578306751674629823525940945666778456972866720000,4
ipcop,2012,12,4883,2965,486,3.,251969,1918,1.007670956749545355173120224346730640956874382474812370956062246703805795664040894742097231657986051828986941946760846334750220316299039355291621222625225899264,11
ack,2010,12,564,228,89,1.,8045,189,1.0240580448054795376035451904676319607865042332641440745771200000000,4
ko3,2011,12,29256,19468,1315,8.5,30665,4564,1.17485920079874950580105460084577266320114095512525766947939402481533668491533650248227836328940985747376793360196052576357712797905562836480,2
apertium,2013,12,109375,19845,592,9,16827559,89530,1.00535048836234386593262275623149563525,8
grml,2006,12,62300,13906,337,2.,38705,35370,11.60569715119698071173254911323038829972039434290741586384201492638258493557622062912591024750592000000000,1
keepass,2008,12,60,26,11,0.5,1272,34,1.02746365104681762568110193832095528000000000,2
cyrus-imap,2002,12,116510,57570,5485,4.,727760,58940,1.0881253551120794168600798899668130133186214455492193702645504378676439921284398123387301961163705802007069384913752549200741775861603610120000,9
firebird,2000,12,26097,23218,98,4.5,869960,2879,1.0033203357031517066383890381608348922757682580,0
digikam,2009,12,894602,704581,10391,28.5,939523,191149,1.255419081907536141365024180007234226901870314597057922216151041672596995164457003734651973321477014393822027647848598435430979265440000,5
gaforflash,2009,12,43736,6,12,0.,168101,43730,1.351609297997967551364351676731142885404000000000,1
xalan-j,2002,12,43926,26375,791,6.5,132462,17551,1.15377538682526051611816144774174824738238074780905511390398918110467272089338081779532205087116356965023229915639577956566910574683996160,2
ikiwiki,2006,12,8613,3855,508,1,6706,4758,3.442505133713225464805071414815516584073792708657016156439184238343009125859007514765176615000,0
taskjuggler,2003,12,79685,66505,344,2.,78173,13180,1.202791069793354121296070771257046149597964163762145200029545474028207639240995630710976563176559742537934596706627403471252575729315840,2
tigasexmpp,2008,12,20393,7637,662,1.5,38501,12756,1.4954748494837520216208240779602041610846942538226620677061997045853393609420998084286864883358452254872092560889133785592975325877504,3
e17,2010,12,210126,165081,2508,11.,286570,45045,1.18650243246714631700595672342939776895268587872791359055379758287461797056179399896455988247149142397010091164581619192957533633763768685713440,2
pkgsrc,2013,12,61911,21250,2382,51,954875,40661,1.0444764573787534582160225764679176,16
notmuch,2012,12,15885,7863,799,8.5,32664,7972,1.32285760569947943190019386426962550201016312701072328513901807896006337459973976794168123106006401930335033068319939669262128585882240,3
quodlibet,2012,12,16577,9917,424,2.,41280,5895,1.166596015254668494263412958798020692479966079924391469664322911547875501861822589908026402333726582231848713514763601451323941742286848000,8
lirc,2010,12,5503,2203,103,2.,62212,3300,1.0560157523121595239135713651493680826971916552941642182840334121927033547464145194703307744378880000,11
axis-java,2005,12,33164,15530,483,3.5,185149,17634,1.105268184942573413102964084368138841656610662555301646885653171376786070927321620244554472454631957754167334459882042709382105001493674411950080,4
py-pandas,2012,12,208920,94450,2976,13.,77398,44634,2.362287876964289243861426151287569646775594948971513953865702735666799013847579186072274862510314853791718617224040382693896000000,3
python,2004,12,184712,97415,3124,25.5,703598,83288,1.134268349672755491149330965522010970817221211400140717156680712975152460446304269767082518630666868856099204805718106147327837657338749760000,14
konsole,2003,12,2782,1530,194,6.,22185,1252,1.05980986958297704055989183425815201096767363909832969311225724829211074718090568028734689619199886664354269749737108502717262587860501679110307840,5
django-cms,2011,12,393918,403068,3080,10.,93942,-262,0.997110368480042445285997725878185247055687727595449211317433338294391757394976775961511143176810923680028102969849680281600000,2
tinyxml,2003,12,1096,535,27,0.5,3359,561,1.2005003574316927757971838922932595169621417500000000,2
seqan,2010,12,326679,237653,1860,6.,251343,89026,1.548469969286891080252465806817883208471504438677471355186363126614373302358810943207552017444125890262496570397539443982630912000000,3
chamilo,2009,12,59887,40421,644,9,552167,8630,1.01587748396,0
chiliproject,2013,12,451,455,40,2,88578,56,1.0006327898121106117703227945890341676564,7
lokalize,2008,12,8548,5450,119,2,14918,3098,1.26209813875557927764927575924390211097516904763121410280048068664724217916185381261490894000000,0
xerces-c,1999,12,3843,1444,72,7,55523,2399,1.04515849710,0
tar,2010,12,2597,1646,131,2.,18840,868,1.04829735143953252065342754387112246293619594077180849014180879892829319975439418186895702764784453015126379200000,20
gstreamer,2005,12,262774,293656,5461,14.,432453,-31559,0.925536960188913579339975451476229292073664389673571987840207010580975744032302576500205032311163920941236046446237927242838892854731386880000,5
qsynth,2005,12,1513,619,78,1.,4733,894,1.2328731440498149430299939233255894396921273256476696613556839337226949166295365675780035680000000,2
dcm4che,2008,12,11550,5935,201,2.,59443,5615,1.10434475582095723360656622781967452415270530510677362067647296273285785278982595014316825276605408714804354601822111017573472877308807966515200,3
fura,2010,12,0,0,0,0.,288911,0,1.000000000000,2
sourcemage,2006,12,34830,8551,768,14.,56609,21221,1.599666553577706165323374066254281977377971742175084463708515378095886419169478536408291038816005528789880010149738298628003851376255025753600,4
debian,2001,12,1645933,1145600,14302,86.,1487463,487172,1.48703027413819121540630818913541767102820871694476116998219597243113412941396841909193949298473893246641539296204461902433669655936000,5
coppermine,2005,12,166764,277403,1764,7.,305336,-110639,0.6435059432448276835859205917260320102386262067384894401785951773731551868467402813844262653947199870802743795787173639257825374108546560,2
MacPorts,2002,12,23947,9542,889,6,14968,14405,26.586145646092193647601129309619643933760496658444323,0
meld,2002,12,15362,7520,218,1,9952,7842,4.716587677510730163118086043029497522034464627766686430648722005990103040,0
obm,2005,12,144591,97472,1893,2.,58882,12415,1.267178858107763829639502335439033504500457189551944345879449398594224691940387860165448543790419030148925383537767366591800858567782400,3
agavi,2012,12,0,0,0,0.,294615,0,1.000000000000,7
olv,2012,12,74452,63340,233,1.,30681,11112,1.56783688496979316960440458214512492931338486932023844913779757401491332199897693629959042587055200000000,2
josm,2011,12,291641,127750,2847,15.,838380,163891,1.242985430467178413666824515889570318650338240211525027028386638507204474648029876310868920007672917597037124884950007016297474377332162560,6
egroupware,2001,12,341502,205786,9252,11.5,176140,135716,4.3573124878013149646507241918734696723651335237950482630800339598564467042071916611200373143929294568478675115911709635379200,1
jaws,2012,12,430955,186598,3834,1.,298197,153955,2.067338223261672208687193307154244731760849296026389439725765319002943946981088643926082110966677934935170374691549588727019834035174545812642496000,7
jpox,2003,12,28240,12288,545,3.,52889,15952,1.431870482128231843938763783497603736199700,0
Apache-OFBiz,2012,12,628981,499895,1689,8.,1459210,129086,1.0970480947715076634843504080878290777372360149666352739934481933464580317335291054056880314508487181090328100673071701570279933963714967492701952000,6
joda-time,2009,12,131925,27918,86,1.,196963,104007,2.118884202777651242366868861246272552135006408538379964152235647429305498226590476569200000000,5
stgit,2008,12,12802,5633,324,3.,16119,6797,1.729135378668901652418939590022318875411607046329998737812570309766629348627830548175045743095472416958625645593109013605831365896437760000,3
openscada,2009,12,43486,85894,365,2.,162387,-42408,0.7193734738702196877747168400979516255750711654349126209363470520465264361477365562334217454027143692589880786109788170451707150438400000000,6
blackbox,2009,12,0,0,0,0.,31532,0,1.000000000000,8
sqlite,2002,12,18573,9113,458,2.,66032,9460,1.167220533122350986721980045831305804954857713576474877953235867496522390958217292715145623397250815383688726288191079904027228366944896000,2
scipy,2008,12,548910,1059266,1253,10.,548034,994,1.001996204388838888907904832709478834832603667182841186761428544436825285355463697401972891379377282627097391077846539806938996163079488000,7
pyopengl,2011,12,19994,9818,63,1.,326810,10176,1.032138052134103424961954562837577846790814107194176117449520455398197986163321013748000000000,12
rake,2005,12,3553,2126,147,1.,4360,1427,1.486532560560788466126900958910336277329117837797918811066751060653439951179897392411361649165255936000,2
workrave,2004,12,63578,54241,223,2.5,47263,9337,1.24618994880593865765514377089825706303908043247412442114302883778868726527158496747134621174538968000000000,2
scplugin,2004,12,284,244,4,1,19152,40,1.002092925910,0
facebook-pidgin,2009,12,3572,2235,252,1.5,3934,1337,1.51621621623694830071329382826486705133520934201316864502748436267416565195165857743252578823462945723450044800000,1
tomcat,2011,12,218683,136165,5613,7.,930504,82518,1.097310568799449693115137749566685609561145291309644255537980250617830256194396555323847654244583577421646530111509776009401105225504909606400,10
pcb,2012,12,3730,2717,182,2.5,144206,966,1.00675363899424982849839844802117671059892411391125141069960305166743811602840334840205915807571819732285324743475200000,9
php,2010,12,653131,647320,8509,47.,2982971,-27676,0.9906572248631267591589343751045532905162539095123845059876138345696335668818781707155715923940285422420739262271207781479616526155301145600000,13
structuremap,2011,12,461,43,25,1.,264175,200,1.00075764750445672813704140311102868181894000000000,5
gedit-plugins,2011,12,2289,892,106,2.5,19112,1397,1.0788597233978705720936649116840643511087063202119475139306050276018350420711692740304994252817694776743358448214743264000000000,8
bacula,2003,12,77758,41790,800,1.,97920,35968,1.580578512340561896670950803901374848147371129114251989343624524561773736202405821537210933936641126325546994995609775805935910720000,1
yasm,2011,12,2075,384,60,1.,155620,1683,1.0109330440376684040639745800075208370679036734322390191304328120476917330399910756721730304000000,10
scipy,2007,12,917364,1521621,1379,12.5,589103,-9319,0.9816288954649283343166701565397201071898670933996746220712451017869521098329379020055916038990337098843949345387508085947795655190937600,6
fbreader,2012,12,0,0,0,0.,414715,0,1.000000000000,7
rap,2011,12,355729,321448,2443,5.,591377,34281,1.06289064721722112266484892620515522313746754068824825381140091878604924253503947344343518714137002264549097857338212387521007686985374080,5
coin3d,2013,12,92,67,3,1,3412789,25,1.0000073254491963792097796379840,14
xmobar,2007,12,4015,2328,171,2.5,2316,1687,3.6820349760196707114044176950168360898648139527435237558419295290000,0
PyPi,2009,12,5165,503,151,1.,10216,4662,1.8393950304994884753833461538525854650390458695482501723622530650520189615699144278045689269945143700771255628800000,7
iftop,2009,12,6,6,1,0.,5764,0,1.000000000000,7
bulletphysics,2007,12,341621,170190,510,1.,607349,171431,1.39326432963101822659222419441029693763641363673488264596645006403372871139905729134702330651841062054914509254806127181059364289614989806080,1
commons-digester,2003,12,12550,1250,264,2.,25700,11300,1.784722222205188043537899001151032816151693533713390036059193973329687531108797930309183081687954555661380222554150323200000,2
udev,2007,12,4915,3699,289,4.,19424,1216,1.0678950307282435599515252642236072152074538715689286603307318275243963370893790352088034410226599573707438798743960857233983384973276026880,4
args4j,2003,12,0,0,0,0.,5,0,1.00,0
lxml,2012,12,5106,5526,163,4.,27983,101,1.00365148228719375841053581059228595439406578845189317024398183215808933514066691023474103688456763500237339702390080247702894195609600000,8
visualnunit,2013,12,0,0,0,0,6546,0,1.000,4
phplist,2003,12,230,116,15,1,21919,114,1.005228158679,0
Subsonic,2011,12,1675,1372,19,0.,66637,291,1.004386097126592952150011771783031926000000000,2
django-tagging,2009,12,768,19,10,0.,1552,749,1.932752179373745719063971570827230000000000,2
rrdtool,2013,12,98,57,11,2,35123,28,1.000797834449313204257628080,12
horde,2008,12,557492,353847,10702,7.,497676,104858,1.26693786945515856279393205550005200531443754570775426276179405880388053535279144458642027418581729962054875187605451392426264118919680,10
glibc,1998,12,162534,71688,2142,3.,432271,86031,1.24847215803364575769780138130760986250671574777252311292234061275841474041057258552765158588822669391370285651742945656090090924134819698688,9
mysql,2003,12,616896,427359,6198,29.,655149,37465,1.0606539913662994199887304063921085231667538572514701850015679317702933137367578027435003672948752011806655459198976000,3
kopete,2004,12,0,0,0,0.,80793,0,1.000000000000,3
mongo-java-driver,2011,12,9447,4649,422,4.5,18671,4398,1.3081342394766447947235675116921078679166373261707308976174954909247703197468226052095019770626244491555818645890286391803539119895216000,2
phppgadmin,2002,12,54442,12459,575,2.,49128,41983,6.8758572434240356410751938850663621650194380443689119734149463198331746222744147468657676615104000000,1
hamcrest,2009,12,10707,2582,102,1.5,18487,8125,1.784115035707449285533356321182279782068696384155655033410056867845831676788752465449824599923321088000000,3
zodb,2000,12,3268,1897,144,2.,9115,1371,1.17704028924538493654983670215559494392462997790033249391979729196441099050520017488558377790215243361653978265600000000,3
annas-graph,2008,12,60775,57537,67,0.5,3648,3238,8.89756097826739458804154704675000,0
zxing,2008,12,48897,19614,632,3.,34096,29283,7.08414710138136450803407205532045028341798729875253517003028447267169971670335176711797624046593044278489465416799641600,1
shotwell,2010,12,52826,23018,883,5.,52976,29656,2.2716981131635334284424841882883085080835448502327207797626811224233414366984809596631652088965173144619464235202327034950165979360,1
jack,2008,12,94864,69140,1352,4.5,105762,25724,1.322813005898497310503043866349090649872872508604770737876648791888328592222399047562762860900053683962286425747277296179445090447731571200,7
freebsd-ports,1996,12,30090,12585,2067,16.5,37228,17505,1.88754246315875521431324632107665474854074613174905594067649945619364934815214866482536609719674020176462600096507732290792257369600,2
ocaml,1997,12,22734,16999,647,4.,91860,5735,1.066589259794399199398712380726937769007898035916507142762838070353411091964281363271448920829680989436222857317904097918571396413025164896000000,2
javaserverfaces,2009,12,209227,151034,1989,5.,311347,58193,1.229871935666090216299455361523809812924364662034739061114887999422793440009422776187840939244555655734118149303262544897200646099763200,2
cia,2011,12,112,40,6,0.,61474,72,1.00117260024100000000000,4
freebsd-ports,2000,12,186116,98651,10541,62.5,246895,87465,1.548610675558068384512315765432719673608685276828494312664787645016472070035416377872137953565149299286620605022240395132646258964000,6
gedit,2013,12,1050,2303,43,4,76292,-1253,0.98357712069279899041137242487789853896,15
ScrewTurnWiki,2013,12,0,0,0,0,183497,0,1.000,4
webpy,2006,12,4075,3121,100,1.,3056,954,1.45385347282289491062573798377437160374092101576431324539237765556949359051850001188259379634535137280000,0
muse,2010,12,12,8,10,0.,27388,4,1.000146070698200000000000,5
pidgin,2013,12,3911,3561,259,4,353752,-689,0.998056093961745787209824778824636352840,13
lunar-linux,2010,12,2696,944,106,3.,19546,698,1.037033106959025015986792375068150036944076667200175094004154411181160843127490291317929681277519182055329402889572528696320000,8
haddock,2006,12,4904,5572,82,1.5,6984,-668,0.89820176769796520330889126290472097074564828342838442352346240162640731268786575627495223492696318773560711237120000,4
py2exe,2010,12,0,0,0,0.,7267,0,1.000000000000,9
fedora-packages,2010,12,65726,212487,13262,66.,421405,-146761,0.6471633337023596106430373965024257535885518488280471109106279804735802725874009911401958021510135300320413587442918516964659360261068620800,6
shotwell,2013,12,3021,1147,106,6,73485,1874,1.02616916395552272169448008385012598,4
octave,2012,12,1659663,1633338,4581,26.5,833611,22959,1.0283216472569639679751159448102156446902154764867429379526648030204776647413793850758098333368624783164275712170846288458396748010312000000,19
oryx-editor,2010,12,11135560,1193623,1233,11.5,25910257,9941937,1.62260381806926409856667644365653278163275405573260040401986119429258770069071170025315726549648853196238631459559288992758256678968007249036800,2
cpan,2008,12,33133,24823,442,2.,22071,8389,1.6193429309435995112079175643109735610519588322332419168146271001823273534597673001697604278892973323928076874083209715033164493030400000,5
Vienna,2006,12,148818,37624,528,2.,130810,111194,6.66853588941241304970859771907873095792713898057920067538088204067585539962049506483267113237153311187544557564777072204711710756835740000,1
yaf,2010,12,537684,451681,2129,4.,360606,85772,1.45257015016104207487546101102202672651500403900475946161881062050285896496835405130258689611570105747954680441547996850921786926400,7
zynaddsubfx,2005,12,503,272,93,1.,27621,231,1.008433734938593467656993161512788416956992565282282588331622400000000,2
toxiclibs,2012,12,6392,4746,76,1.,41242,1433,1.03599688512838006264450290322132649780771417994360302679674011547676883994023210704000000,5
reviewboard,2012,12,41400,21841,824,7.5,72752,10055,1.160374499579776991106215527255210986151445568810459011993843643956143125713746143561085096660283459561410137130299537856562382295464345600000,6
enblend,2005,12,3652,1847,70,1.,74070,1156,1.01585429409989336504059478858080614574665791904000000000,1
linux,2007,12,6281796,3832861,36992,460.,10105349,492522,1.051242425035732436172346880661505128563933581022208385782972536935854861878646125964979256118477208911115227533907953643566090227715114612901888000000,5
curl,2012,12,23522,14215,903,11.,158749,9304,1.06225701762852716266338217548062609312152943550622665972334615165261880208820276981824411106368519588196897114359265187707965700551326145844800,12
factory-girl,2010,12,2510,1909,43,2.,2713,601,1.284564393940769016187259572714979808822927131772742266837472314987294099409604253299074690110910690347330316800000,2
apache-ode,2013,12,1838,2195,49,0,143525,-357,0.99751880012800,6
ree,2006,12,24839,13883,861,9.,372723,10956,1.0302846860004461889146536315871777143154018105953826915529674709148496552138582636136836140934281698992907627445926373712369053803165845929991395200,8
fractal,2011,12,23193,18830,154,2.5,2554285,4363,1.0017110609127371051753960987142999292133436060796530178604295609875368915046565145899257423098285602839879323247902889276755740427411046400,9
eclipse,2008,12,539191,351793,7381,35.,2329537,162882,1.0751767124856494162947543768361026428798982886056252818508890016870534747970322503104217258359097507089431804939256140074560675078180403640000,7
sonar-ide,2013,12,1711,459,39,1,27501,1252,1.04769705512537477921943525998351808,3
sub-exporter,2008,12,176,65,9,0.,2233,111,1.052309142316275729461046256279344380139760605000000000,2
rails,2007,12,47677,41518,1612,7.,96698,6159,1.070016483837748744034237453471671309781779493038214620324871366674383932357383853520009846431825290746371094778481251060335203827636800000,3
secondlife-viewer,2010,12,5253937,4013821,15486,38.,908358,101361,1.1256026974042633722637801718386482251552836012732793408251650400006779126239096887655822052388281478441397654360808944032143800081461465251840,3
seam,2009,12,403282,303116,1988,12.,346091,100166,1.4073030395462783496073601420495083480666160715197342250001028125152341713436081750982840896358355157016256737715967961823455010535282761728,4
gwt-maven,2013,12,0,0,0,0,17390,0,1.000,7
qt5,2012,12,7234602,3954284,19467,136.,7519591,3114000,1.70682911776682508008796900610976984072897717185044389783977115382595160692092017553113162880368375460678391844541215433511068864980232000,3
mageia,2010,12,150798,1747,621,5,149596,149051,274.488073433805241431722111160240,0
saxon,2011,12,375,160,52,1.,911648,215,1.00023589227074034931670005898205738748235369925380453280052352208624680641992288941105492536907852160963983876961589921536822521746540683176964115651968000000,8
python-babel,2008,12,2409,556,91,2.,6506,1853,1.3982376961531800235078715975727500057366573932755814219317773334468396710899200000000,1
centerim,2012,12,0,0,0,0.,178935,0,1.000000000000,11
apc,2007,12,2027,503,126,2.5,8284,1524,1.2254437869226352042498012443154086984764704101446365838587632031366408790306036931219474667970259988589963642484996985510277120000,6
mochikit,2012,12,96,34,11,0.,37891,52,1.001374243505329335968035695184008968532000000000,7
snort,2006,12,42466,10023,341,1.,127880,32443,1.3399415320511820073968515933766334862940700203577305172039017588299112468178821414040652758170389790256137771740852189419391368708684416000,6
YaST,2010,12,18340,6164,213,6.5,483737,12151,1.02576624411837539709814636894631488086746977366794441983986898909250780222525393449132671701520956720712499613701704017494164429241037598927849183790941238400,10
swfobject,2011,12,0,0,0,0.,2397,0,1.000000000000,4
nitrogen,2010,12,37,15,12,0.,4243,22,1.00521203506297128136788329055016782126000000000,4
chicken,2011,12,36570,26179,932,3.,220363,4256,1.019773368209922107083482274113881969129797416551133176104917016895660152329850338344637865882536619546227895287567430245042263731200000,9
wwc,2010,12,236,179,5,0.,553930,57,1.000102911678300000000000,6
gEDA,2002,12,48353,20276,278,1.,76472,28077,1.7524924957301821090219114046829431847408614221876556964327321982250248102103483203129799528531986796249790359804869632000000,3
xmms2,2007,12,32374,20808,625,10.,76780,11441,1.1752684712850411828797428018283107089777503474252886468923519428128744644730617522836107468877680663775955731293625143752736469425455616000,4
mercurialeclipse,2005,12,0,0,0,0,1596,0,1.0,0
openbabel,2012,12,178500,5698,333,4.,418443,172802,1.7034737686164956549162846030026363353467689093440733195582352767523861293225076805628661677348566286973650737599353808767633731829476269296800000,11
zlib,2013,12,0,0,0,0,36084,0,1.000,2
freebsd-ports,2003,12,522601,347791,24141,91.5,729873,174810,1.314937223323350241310139083912050062132586881197134499890538777884210806383876789122932017446311876041982284352612174495586972024243200,9
amarok,2005,12,171321,117227,3995,20.,133428,54094,1.8183537314278942702878655532289730613683496806541288993691602303071690917238816508442900672127750409613274846614620824970405896920,2
openbravo,2010,12,3760207,1371500,5074,21.5,9310929,1042351,1.12606170008809984897631523378237193357002662297799692511193242444370591587815326661052714329332517173096070830235430176027981569333693680844800000,3
nuxeo,2005,12,9584,8119,244,1.,4974,1465,1.41749786268761604857099154066590219333778960,0
jaxen,2006,12,730,976,136,1.,32676,-246,0.99243728479743855384364619728016260752801644564011252227590000168195538392287342464079024619520000000,5
gettext,2012,12,420,391,59,1.,348925,29,1.000083124804734373026045114821140138292040674759640457276775270800507450000000,12
poedit,2002,12,9572,13579,143,1.,36100,-4007,0.8835614447580320920019425444438258792658027598347537311590701174573890531699897790597951716022165504807731200000,2
zeoslib,2006,12,81950,59814,76,1.,291806,22136,1.08208551192106929891313287830146767786481629041524238590882384040484707885281676417280000,0
plasma-addons,2008,12,46157,22955,1349,17.5,32688,23202,3.445920303473391562459085977054956297605802641607630570645967107989625522092630578808214991758591790110740736728274326473359360000,1
django-extensions,2011,12,4119,1790,136,5.,8079,802,1.11021025148241855905984344471521789471667493797441034974755485968547051549304204421552086596509881124021990855613371778268241404176640000,4
tango,2006,12,1269,186,118,2.,3162,1083,1.520923520879483432350406303376605317437201167089150967056504117851740384514161196442204927921416825600000,1
commons-codec,2013,12,1952,1840,28,2,17964,112,1.00627626786183157096995144607645766400,10
flashdevelop,2013,12,3311,737,116,2,696966,2574,1.00370683993973280063740589826805379405,5
gnulib,2013,12,1082,628,115,5,476473,454,1.0009537434429944339955752033658253870684,21
firefox,2008,12,7165141,3028461,22805,129.,4247049,1076626,1.3395843394057438088691897931785081831772217851771669129436146332278825336730681084158784792371431483268783547776317402874593717335368924352,6
dpkg,2001,12,5331,2699,300,2.,32937,2632,1.08685035472671971831619088779284230271893550809216650074711452286780127367488885170450325591673771469699384302224014168031914677309417416383232000,5
biojava,2006,12,64371,56939,357,4.,173667,7432,1.04470779318289066110216423850986728186652749763591447401700424363774223140122765924787311067956538681361624850285499512945353167302230648697600,6
xulrunner,2007,12,405,254,22,1.,2397,151,1.06907593779100046670144645984337641689072830210819581876942444040068998704996560763425960000000,3
sugarcrm,2013,12,8784,4318,8,1,898062,4466,1.00499778423404875828044000,2
phptal,2004,12,1580,330,71,1.,5265,1250,1.3113325030900486530746053403240989728395520,0
oprofile,2001,12,27256,21513,461,1.,11378,5743,2.019165927308423841300040071734978422351387392350054409458791078594717666123107297741173855549522769626880000,1
wxwidgets,2007,12,486577,2054363,4598,13.,3220894,-1567786,0.510551123486200249947721316738895955642018050119882347834766981604323543049141784276009243834396297311061648230435457570542174544834560000,9
setuptools,2011,12,20,7,3,0.,10600,13,1.001227921035264685982157750000000000,7
apc,2009,12,4118,2099,141,2.,10510,2019,1.23778118006946171257505872880628518199481996493590267543865668658544368873544603585410860138293662937291228948135556829110456640000,8
vtk,1999,12,173617,77615,2330,9.,319178,89880,1.3919789967099820309038681429315244702154647069778172491874993742513839977694676791420612528834248618212072732975621020300815612614656,5
scrapy,2011,12,14056,38071,323,2.,23804,-3382,0.857528014155730298614324344314229278363610224094860891383461063465671753209598208000000,3
ruby,2008,12,280544,219052,4728,19.5,564392,61492,1.1289916574551808576291730720381818043229373783661730562985534274720120803021869454798740929114994169643365397651547815597720699565568000000,10
jasig_uportal,2004,12,107815,74462,1587,10.,224907,33353,1.1741180032752742077410265299132868710969651372384895869220719009181337927711921950446927149550937153636122528535380138806480706324275200,4
tar,2007,12,1280,1690,96,1.,26723,-410,0.984594574284408483928975569596508780941651473841148630448084065791173980372623169758132991319836201279940117051555233792000000,17
libxslt,2000,12,0,0,0,0.,88,0,1.000000000000,3
gawk,2012,12,228528,91837,763,2.,181961,92583,2.0358589362494616554583676105560435960838750825034742623011576282256922486433231323473295674429275079194239720960000,2
xemacs,2010,12,119806,113074,856,3.,451285,3430,1.0076587288301304000009600000000000,9
estudy,2013,12,0,0,0,0,1021304,0,1.000,5
wxglade,2007,12,5491,4456,151,1.,28483,1699,1.0636067537769245701309721895666377199149659685854082904495219020878103943026500099397711290549100186758283837519555282651963583710986112165635200000,5
swt,2006,12,65270,26469,1741,5.,367708,38801,1.1179695172220124387491182502937934490494844828704245878869012756925457778989162452221970079463239425248780797035580856828943488362882662400,5
fusionforge,2007,12,202318,46576,558,2.,339567,155742,1.85769514604383837637994396646270862869461141583256676414521696060153135509158531496991156639026906904999051226144152703257402078878092370206589851600,6
coreutils,2007,12,14611,15931,701,4.,68073,-1561,0.97627154712768301233486016089229252387478345221433257844057746092984161066620489679545334341136289391183232428628230916629951581672026707845120,15
theunarchiver,2011,12,128093,94158,371,1.,408402,24452,1.0636853756924721724797248013966826990386916542739721402216622215764250187056082722821490766243782684265980588518125000000,4
gnome-cheese,2009,12,11216,9940,278,3.,12180,482,1.0431783570821569394868072815761290948171200189002691046960320812853860277216759383953859826080251396662726035968000000,2
icewm,2006,12,2863,1627,62,0.5,124696,1236,1.0100113397053968615362006173436375683030738730694811238623624096953826776448000000,6
yamj,2011,12,64160,48106,667,3.,46887,16054,1.52067589917761205929340066743806024126296412525221922947056143891526117773343552260275920890928046594162779497015786350598577733120000,3
iterm,2009,12,13,10,6,0.,38184,3,1.0000785731123163656784688090000000000,7
servicemix,2013,12,44280,25234,205,5.,597238,19046,1.0329406148795552884130,5
geeklog,2002,12,53745,40280,1906,2.,34522,13306,1.639926898624917176529429791102587453226922595984305405824308665661474663474579539468611435068875440090094399676068666518949600000,1
jython,1999,12,76591,15111,1142,2.,91206,60908,3.010297709442390306018769491806362433075658920352554894778220990527576653341443598575799203300806403468640415762781048235200000,1
bashsimplecurses,2009,12,0,0,0,0.,324,0,1.000000,0
tiddlywiki,2010,12,343863,455358,1287,7.5,1324376,-111495,0.91500065562895756357610307641560549410367435055874440152402572181741604789884286696155426836112580579308709007424714850567401501341299933345280,4
gant,2010,12,2872,4357,122,1.,10594,-1473,0.860286446003244735069581993298922932066805091841029549897528576927527600355280436684104287065997764064061994153670400000,3
yate,2005,12,41814,15412,553,1.,46227,26402,2.33175283729241779528082273884398903077954898430051118554285611975167129872108532945494807491274086240622304482838400869702400000,1
reactos,2005,12,3369465,2435247,7786,20.,2907383,934218,1.47346167193374114583486797465412529172185265192340178287396157731747348122970285572870048616125308313411646481103895361521112781523200,9
openembedded,2005,12,351376,117244,1538,8.,152338,123722,33.118899267903206472148962264685126357070363743083762884941546578453565366007877701079935971250307884214451160628210454275000,2
osg,2003,12,254682,180443,1140,2.,244093,74239,1.4370753705577511390105006509484343922636289973385910414959429933318364982403796515624489495799702459858811160777123860794070714912000,2
fillets,2009,12,8176,4031,237,2.,114854,4145,1.0374404971613053780496319981991223942497842222406269365615095573578365574298776763338870247040711303280556387314041257223907994950711758896297201035264000,5
zsnes,2009,12,0,0,0,0.,116760,0,1.000000000000,8
aforge,2006,12,26113,4972,160,1.,23077,21141,11.919938016008602793417398923713069404032,0
jobsworth,2009,12,229795,364999,1807,3.,282992,-196057,0.280358394784593539006771272057820435603180350527309052634596852070580912252273409959087199390286782711366719850686086359490512563984000,2
saxon,2007,12,270480,412,121,1.,457871,270068,2.438038795963056684087656066604815939031037556664415330265016049690088466658645513976943720719383008682690041328455511084782753527376944160313025391600000000,4
MacPorts,2012,12,537670,170007,1089,13.5,2200944,367663,1.20054917931565503827205422874786246855632022897078505489293439449375955489329589164748098818737611433883983211230571313386209243000218910422636360000,10
dom4j,2001,12,122658,35572,676,2.,102278,87086,6.7323591368108134416401895059733339801239895249727461687386631006125923364884926324348746161036501025969400300778391897820145671000,0
metacity,2002,12,43503,12394,578,6.,47885,31109,2.8543752979043891047750761249824723815130404138172671285401023893911684666688377735066598144739630322766652477785316590493903284224,1
lilypond,2012,12,45880,26488,893,11.5,1125415,7158,1.00640103303635186300618858294257001707703394563320540393928975286855660402931670854996243649528092533702082842712532864278643027802446783890006323447317760,16
xen,2011,12,71934,76549,1986,22.,576119,-3801,0.9934216333316759643199507777066273111704393797859000966296395969712594422254047637898309099611501150077606093182755303819849382151957868799488,9
perl-ldap,2008,12,3610,112,34,1.5,14523,3498,1.31727891152048907381608798230308762167503846663200631492363004082266435560425528498270815894400000,8
sparkviewengine,2013,12,139,14783,12,2,1098440,-14655,0.98665821823465772052831360,5
krita,2009,12,206343,409131,3078,19.,775840,-154892,0.7910372051655625523714156351612805313808867670924216803721576822428406192448129956082135906861173506274351372527723643946048262269747200000,11
adblock-plus,2010,12,69153,73654,744,2.,54788,-2210,0.9438815672378436138527207056534110401548674957030129244705209131226333921129776659675427787659722248393894213001427221200603660093168230400,4
plexus,2012,12,6893,4219,333,4.,479967,2293,1.0048013099433317946025895439395543505137110581599540890819748333970335237103572132093213002752625761320480706810424674758097422256044574358986787763567170560000,9
Miro,2006,12,1573756,1549856,4888,5.,152810,23900,1.19583422093648774465724407067148445602166514142925814093616961557816113505566692434763955504891164738130371020077451054672987111680,1
avahi,2005,12,92832,48424,1281,2.5,45975,44408,29.339502233790985586013955146293576575418320069353954294453314011590302765157072488586947625861189023500225941504000,0
racesow,2008,12,12746,10884,76,1,169015,1862,1.011144562088146017432754449062086703981398361943845055777834406987388095730400,0
rome,2007,12,113582,27671,115,2.,894524,85911,1.10624489093467807687090661057215772037256060820415042290957781421804201999135049758366935046477918824742382074692862978246313915960754421382669034261340800000,3
shorewall,2013,12,0,0,0,0,1007339,0,1.000,11
drupal,2006,12,188980,222087,18513,4.,384423,-33107,0.909636794841407454449110337877352603758538803950544903520433270027775303870264341647956485859892913091457137776681182502438022153830400,6
xoopscube,2005,12,13537,11496,49,1.,65159,2041,1.032336259079627640509859225692155135955536184348171922775589420402893564827271500200448000000,1
looks,2003,12,16180,81188,72,1.,14361,-65008,0.17856962351537456746253412105878040344308536415879507512480125529120,0
ruby,2012,12,176249,100233,4415,23.5,905627,76016,1.0916284861214012530182314838437645441496196079381272083336611259129361335222401894195786673925197494192419066851471575211161575097479895347200,14
jamin,2009,12,0,0,0,0.,47566,0,1.000000000000,6
gnome-planner,2006,12,4023,2022,47,1.,89592,2001,1.02284481282037969155324781363784019670256745757836575478030262816283368135461978953547589020835195795200000,2
pdfcreator,2004,12,16188,10880,5,0,30272,5308,1.212626181700,0
venkman,2005,12,627,202,32,1.,61490,425,1.00695979693735064466331480319780860028257977638811019602727680000000000,7
itext,2004,12,39902,36029,378,1.,83696,3873,1.05341037596227612992755318542242007257465600237348705147934888487112381345169996287450147649898394883800000,3
piwigo,2011,12,1010523,602656,7816,20.,1158062,407867,1.54368130961749802076461509708296403420384748554088475068720378017165816380541398135085617298942921149505774170457964063238884167680000,8
cdexos,2006,12,2766,1289,62,0.,177593,1477,1.008386517976827424071636012312265728000000000,6
planeshift,2010,12,252939,141684,1793,5.,1025955,111255,1.12221821864431955010173350346765591747472724398632688659373827260280105849579388677481231347025422763051735401713957340339311075594921574400000,9
simple-build-tool,2009,12,19369,9872,473,1.,15048,9497,2.71086290765951378679665433409088728593110451330178256236893551467429299774940702942239024673100676214451340772887936000,1
maven-scm,2004,12,7915,3158,104,2.,12656,4757,1.602228130243230593105151580799678148376224622916198400000,0
opentk,2012,12,210,58,3,0.,856399,152,1.000177518870100000000000,5
springrts,2008,12,376535,346785,1975,9.,324235,14510,1.0468493716911106503471566165835373426807181433241483960901546121700380536611293990645427789382770796006907885158400000,3
zsh,2013,12,75,23,10,2,105612,52,1.0004926108373989914683665510162837897914,14
nokogiri,2011,12,5212,2750,295,4.,44306,1970,1.0465325018871648264176213800158868428486517125522828078367177717173798406099912996219186744121956472324899732092034506964265682096418791514099200,3
keepassx,2008,12,49032,34381,136,1.,51874,14651,1.393600730810957872055168239755676928496918442109281266540411453136049510927367568184458468129009362440237040000,3
konversation,2007,12,4959,4104,269,3.5,40330,855,1.0216592780197028777840991222960840951299494425105127082519373584787496475631728930317580390212041988303506624046996702127612715809280000,5
easytag,2010,12,15432,96429,21,0,88428,-40500,0.54200027141197774133864000,0
xmms2,2011,12,84510,52515,474,4.5,132936,31995,1.34217055589419417161183217877180162179026282769760107506788478986344861043348803536100094655594730198272580784871386231891620110937500000,8
netsurf,2009,12,46964,36796,851,5.,113082,10168,1.09880094060386239959089592829371436770754987573991367034844438836900919887412727592909065453232547738766436694055788667713446710247833600,7
makehuman,2008,12,10063,6700,298,2,4611,3363,3.69471153855762801359079129272086853759715926836445245880823970211521550589896097469900800,0
evolution,2011,12,352076,315093,3449,14.,835134,30791,1.03832906155099429331088031005915627873281068354712344170206033863571179703655454599025956465562083723038632175172150681034983697139914865164800,13
mifos,2010,12,7625044,3493587,6887,17.5,2907104,1882414,2.8370570611189653512996051761091613173099669568387267074024102899043299815990922873234679623599909297756462048170528323174689030144000,4
kdelibs,2000,12,372951,248390,9429,52.,304119,124561,1.693708996503077049235712447492491462056140105594700578865869776754810359721302095581763242146082825413089465371726183859148485638400,3
HAProxy,2008,12,20572,15882,510,2.,48178,4690,1.108751101416247711407939159854726399253863736532878622203191659830610769727956916640579807286337387132230764739895773005426387226122876800,2
MbUnit,2005,12,204024,209876,46,1,169785,-5852,0.965530443596111732618132110108965681762042651589617600,0
shoulda,2012,12,56,45,16,0.5,87,11,1.1447368420887851478010000000000,5
infinispan,2013,12,36613,20326,259,10,248443,16287,1.070155412741072654695035300905950,4
structuremap,2009,12,61566,25702,320,1.5,208316,35864,1.2135143180597931037805893780521754843146237701885062700444106969753475378628512881258868437963494515537198919315141267369326234828800,3
gramps,2006,12,273141,283721,2065,5.,190607,-10580,0.9425427806971304345509810429650385689129296044026446712477339812035956112614172485455216260936304144880476316274520290939678524525676800,4
iterm,2013,12,0,0,0,0,38184,0,1.000,11
cdash,2010,12,87671,57720,1268,3.,105154,29951,1.39826868612527433544244080164906527760770962701889735748420533822797467330853661495981982147582899120833209299588223821136430312217116672,3
dvdrip,2010,12,3426,32,10,0.,50454,3394,1.07212069698000000000,9
ossim,2011,12,269264,197929,1003,3.,1077875,71335,1.070871500384152265296974993221599083066936380205824909552806237937328129180126586334698449368617063730907600795113484383999163500133804899328,10
blender,2003,12,125948,109273,1421,10.5,348514,16675,1.0547026211392026828791307454486941918826438349216428729917039808944731427364958497496317581403717931139920919991782291529382540454651648,1
griffon,2008,12,19132,8662,140,3,19552,10470,2.152829773267051492993236815232,0
x,2002,12,83250,55878,162,4.5,116014,27372,1.308792671689080882726276649273023460466817484411605122884852225898542719911790106008273423995256116715920637426402838269911634889471874826240000,3
gnupg,2004,12,46881,15765,803,3.,146746,10940,1.080556087355952120341988394394272143110944475955895142521479544788389241779663236460067081720561459033231797792100522583786946047498011305136000,7
modx,2007,12,244053,231388,184,1.,140691,14199,1.11503872701530828887829566167239046049756328623698204999381141187923352530698152168546088071721586647856000000,2
weka,2011,12,59775,4093,422,2.,463401,55682,1.1365695491356153478168023243273542023748455437452450876098542175964695437751415001573775657038391318011705154896484385691034978784051975961608192,3
coq,2006,12,125841,80761,1096,8.,259950,45080,1.2098012751817085275255644727780596326444281273196591137587844749553387473735473031686462321188958930356868982477423296811738092196223211520,7
j-wings,2011,12,176,113,12,0.5,690891,63,1.00009119491393785497689777377848214376302301708892879452320294737949368313426997839200000000,11
re2c,2010,12,0,0,0,0.,248063,0,1.000000000000,6
fabric,2008,12,6511,2998,274,1,3552,2975,6.15597920208518251923012223856336494152329151780269076379730568233558560369793923121353165285895610447052800000,0
kile,2006,12,10933,2616,202,3.,44523,8317,1.229713307174823530645702217574194345216921631363613212282723163886235831597891007090480086685484515833075546189972309158260243325795072000,3
egroupware,2000,12,80754,55310,2136,7.,40531,25444,2.6985313751111937742238292936021098972953760,0
simple-build-tool,2013,12,0,0,0,0,15048,0,1.000,5
glibc,2008,12,21832,24117,591,4.,1105036,-3806,0.99651914334512428903202241569168487257876668862372534940620600530710120584082503501862786582745089883327343671318641481677218118269480029915919155200000,19
mevenide2,2004,12,0,0,0,0.,2118,0,1.0000,0
Bombus,2006,12,21043,13333,421,1.,16509,7710,1.876235935852359273187313162893419764702212254091359691027994926275423774064614981182254874499598419731294178736713221041958682691584,1
yafray,2013,12,0,0,0,0.,37150,0,1.00,7
red5,2006,12,279749,215790,1796,4,75406,63959,6.587402811433012117932256181050665056902469702599663976367874731484898852383598789454681082394119251898990616227824000,0
gradle,2009,12,276167,206566,1468,3.,107627,68623,2.759383653130651684135989463838548862629180649665951765269268819326434175413394524691077995593786875899583847618725414462361600000,1
transmission,2013,12,13349,10495,291,2,445141,2854,1.006453013290051639128088143305725096815,7
cayenne,2010,12,100899,93454,420,3.,247395,7445,1.0310272973568519518728371251506863377847939511246527302484024383832372279203783929493838074230522834217318751215421162073625206928253720576000,3
R-project_,2006,12,111359,90637,2004,9.5,588272,20722,1.0365113205966425806475371874222416086485242533648059030910807634304802757808887893988815059909230723993988369646581791175642785556109979238400,9
widelands,2007,12,52970,48976,837,4.5,72017,3994,1.058715434481985687162835167965747066658967021824580312298293964987877867938558236751947318890392196585381418519816563212765392357501169408900000,5
ixthemes,2013,12,0,0,0,0,12409238,0,1.000,4
xcache,2012,12,39181,35923,525,1.,19013,3258,1.2067914947817136373477713891595446498660682089884980690448511093931243853217238279082381584576468254346177535100200000000,6
php,2009,12,1114002,887178,12029,62.,2962289,207405,1.07528629154559962598065287597121472127890988239974702875009811435005746981667359930345199048982668880204568170913108302760331158558453184204800,12
ApacheRave,2012,12,69631,39014,623,6.5,65004,30617,1.8903655451141391792821599671430444066214324349137314886051259603919577824426873235031238656868972142430470149702271587110199296000,1
freeciv,2011,12,88633,47644,1172,4.,335927,40989,1.13897497104643783028966589245823868315169511306045009861042654670274802850010249882754317398630519274957048381304307080039051926964530295000000,13
libxslt,2007,12,1695,709,77,1.5,252745,986,1.003916443900672679213237701654571647337660992809745759776502758090013589707873094352149962711092215880144819926323862361065098477424640000,10
eaccelerator,2006,12,6737,8701,169,2.,16251,-1964,0.87530950412919620559417099685984772413470564691948141353581162656754942681094352382754932798191120107704826373357408601916672000,1
qpsmtpd,2009,12,696,271,69,2.5,7613,137,1.01832530765559693023607275611028990453567912468531896073564895450188553658920812214460386959483904000000,8
ilias,2007,12,314466,147608,3403,8.,715294,166858,1.3042433392606638285045904819840351764894699979070084604906909891507947762141196502710469922763534915711075315108741203386813555488000000,5
rrdtool,2001,12,5063,5646,49,1.,96436,-583,0.9939908677656291416130787621567534462177530510027576190766402400000,0
gnome-tracker,2011,12,95537,65427,2343,8.5,144590,15976,1.12421664826754734848061731897623296273444073386355518619131855858261988097834084479652030521006545095588148239786722986714882808217600,5
yaws,2004,12,9478,4106,261,3.,24160,5372,1.285927187552885310609211116404421295711610296978151600459612810427069552565368860711455137505553190549753152554971847739018200034503252869120,2
ossim,2013,12,10143,4727,152,3,1077644,5416,1.0050511644904553901091816927340165300,12
Macfusion,2007,12,4160,2812,105,0.5,8553,1348,1.188505104216329357599887042894498206249048672639574053400000,0
bbdb,2012,12,2190,1916,56,1.,54630,272,1.0050038632755967377877309082985113479400578041901814256272326964824266192666525180675628800000,15
file,1989,12,1,1,1,0.,1009,0,1.000000000000,2
qt,2008,12,100,204,1,1,179,0,1.0,0
bibdesk,2013,12,20866,17297,57,2,445555,3569,1.008114258952258529028772344884260242,11
blender,2006,12,293971,184819,2875,20.,567219,109152,1.2382882853384207670334160275963007464710614391953059851164720731211567452106054958671129760650253108793622599835226783534257946481440000,4
gallery,2013,12,0,0,0,0,343242,0,1.000,11
nginx,2004,12,31647,17964,269,1.,37121,13683,1.583795545723803118539622429309092926854609438678710639498688990874395081285859418396993538566348540741504283090207122099752298086400,2
premake,2008,12,275644,225454,355,1.,87188,50190,3.719440832143933144675222814509686557092846479359379009509427640605023408823217236960000000,5
hugin,2009,12,89181,37619,716,7.,174638,24220,1.161017963282582900873926068386578597994495464024965673024264531902493666741218614969928462831272250716105506412756630096929890555642347520,6
tt4j,2011,12,340,120,10,0.,1417,220,1.1837928153327424622160000000000,2
gpick,2012,12,6195,1628,94,1.,25012,4567,1.223379799405873162775249697310253579999015958194479988258513001844477827311973626007754435072216868559274611094836470446727194891346150400,3
sdcc,2007,12,124883,49546,488,5.,1210489,75337,1.066375743607094459082618097950356178311262020311840421586864849831903215353074611194250524450958616502177383027033187776511065308230471376286283137024,7
file,2005,12,23970,7780,50,1.,49178,16190,1.49078452769097555762046170100239469851000685572714995346515841999722509602047527869732591997132391952342976512000,18
dpkg,2010,12,16547,11083,776,4.5,49018,5167,1.117830836252111117383367233118074106255202494210120769661015553097652279447329307254985172982023490974345976128967450185767435100566905882432,14
atl,2008,12,170741,103272,1007,2.,613713,67469,1.12351440016352554811318920622497273368892204318268017365755175320162783584479087021874040890120305545832077473076694263496589002480000,4
moonlight,2012,12,1770,14,23,0.,928251,878,1.000946760365000000000000,5
openssl,2001,12,42049,20051,1078,6.5,194052,21998,1.12785520824286243131557703022425170003238187202655592040278138817386897773827158491557600506903439817296361056081628555004805586243238656000,2
mobbler,2008,12,3008,968,23,1.,7527,2040,1.37178786220,0
joomla-platform,2012,12,527293,655082,4120,21.,255451,-81946,0.652885910564037320135445131051091341401506542396386761827636333645946309449426847647686419916550051448790302617924165458488930856279919643110400,3
PsychoPy,2012,12,27541,15780,646,5.,39796,7401,1.2329262919335082179943290443235468508651319322931281326916212800574518517286423185482627387051769453221522872540780076692042605326080000,4
gnulib,1999,12,4621,3167,399,1.,32353,1454,1.0470565390486721224109262882151778088029111253113669459029696418453343948813654437059683199594426215045917632503943434425963514051600,7
dmd,2009,12,377437,63732,886,1.,313931,313705,1389.0752212478930008608879461117183315878118188832080700051637543176389766656966521650880000000,1
playframework,2008,12,16471,5988,364,4,12868,7424,2.363703159373527043089108731212403121346447006036616421182559840515403546240,0
auctex,2002,12,12022,8827,568,3.,19016,3195,1.2019467796139095433258908351495958217972518127622188121704769532539659162015241117983747407789681439489746948563011225600,11
deluge,2011,12,56522,40084,547,4.,80430,5279,1.0702452395905395416039081201151698757541191921400479397679710963255613530240689431961506289721586563588175348947114180507857226692172800,5
debhelper,2011,12,718,527,123,2.,5744,159,1.0284691136933428942594309362494903792092006037719053734111290149856292575946424533237495442449297087823703192290281100000,12
Coccinella,2006,12,35487,21788,411,1.,123530,13699,1.1247279911771233997341289089041819747675737440473105494716618244212219388102458454356509994400029964555532225160828384792203947846536595212800,3
cassandra,2009,12,142719,144789,1003,3,48550,-2070,0.9576357905843820708152205429250181637879897773170681732677826773168802994354568389488372759708379520,0
ganglia,2011,12,12021,6307,167,1.5,323402,6310,1.0198995875046724124320701632595777292425764354664340085421136551597684956576578293353219842614902935510898481949483318616674288150997088000000,9
python,1993,12,32623,9244,302,2.,101616,23379,1.2988228076321986920623080018368654775167334274343106444697579721508251018733035234110613097546847939585691413923067388305993756436480000,3
pysqlite,2006,12,3632,2752,100,1.,6536,880,1.15558698726985621273693787666960627551087274720361813545215189445492613715889643706296136324800000,2
jmol,2013,12,40125,32103,96,2,487893,8022,1.0167189786056621329433576160214748005,14
taskjuggler,2002,12,64086,27552,379,2.,70770,36534,2.2837415229101727400331103316017684144574424800227803280758069169860077405870968203602967187957153346477152307378980814848000,1
strace,2004,12,8409,1529,117,1.,61008,6880,1.127106118827296113942658199044935888389505642984632447377699753570947603275093960398337946879591579265856000,5
Axiom3D,2006,12,1097575,982919,327,1.,230633,114656,2.877021806055908621164695771959008126027463160651023669388612919946181104832000000000,3
mono,2011,12,882419,561354,4770,27.5,5895368,180527,1.03158915532446377536320319375088921994654889734148859236962656835987326223004222813619656701591963036353365903792601121001471310002971703124736000,10
yaf,2012,12,815695,376910,981,3.,584679,42257,1.077911326751454055943598446048132077848091733327830450621494035716422312367386226982867485911493462883609756239346088893360649563690353349376,9
nemiver,2011,12,8617,5292,166,1.5,62761,3328,1.05599582723552871814270663359627108626181003720466645843953669000506358113099060551866284000472816415680785143284815311302385976556617412495976320,5
opennebula,2009,12,26737,17209,443,3.,35277,8760,1.33035411248270551941821058631472230204624346698543162208156659355297614971471089083587717131667062449510643175885201835965360000,1
abcl,2002,12,1832,558,28,1,30501,1274,1.043589831322630717172405910515821572,0
MacPorts,2003,12,202020,16957,894,9.,200031,185063,13.363909677271241873959324351931334171036043423887624920977634767631683080060373335177058449565756145763039870146654179489051369833600,1
squirrelmail,2011,12,1102,554,141,1.,230501,548,1.00238309567610563088336921214833117952255266366733443628636910410296088002337355575793321950246754552527411708304342600671166382729348000,12
knowledgetree,2004,12,64852,51388,1860,1.,198100,13464,1.07528685495622930767016657008876811422059586942578458719856088249749552221407220868383377017792537995742716848558645343079676602551969300859449600000,1
Kohana,2013,12,0,0,0,0,42870,0,1.000,4
ohcount,2013,12,0,0,0,0,36231,0,1.000,5
j-wings,2009,12,27257,23017,167,3.,704524,4240,1.00617685021357754684192498424376019643355610463738710735471281149900319184498415702517976108008068727303655600168004020245685731144883031244800000,9
freenet,2006,12,425912,77767,2807,8.,388193,345840,9.1656553257309192758609972774881231809852535454822653752967317253577671123645030935288457184641968433817253757277747947929600000,6
game_0ad,2006,12,587329,291386,1244,8.,838405,295943,1.545555264743670003488333438646389862027086912890866678131760796828754086674882575712245643823607129270118567304314784445189511300000,3
coreutils,2010,12,9950,6636,502,5.5,72857,3314,1.0480721808009317512984393681388318144683920888108832566777972448554616237609255322497598955751469349792455859257835393625122483840974368800000,18
agilo-trac,2012,12,985,420,92,1.,64598,565,1.0088235753439153910085551205873381643807918060450073710355472488396018538189145257569378246694106426245120000,4
psutil,2010,12,9710,6576,402,2.,6594,3134,1.9057803468496442513626907671464662651184565056173442122266908267059835068695485216852233043377090464068322832498942573568000,2
commons-beanutils,2013,12,1482,1623,58,2,34327,-141,0.9958860944156206336985020575527866944,6
sonata,2009,12,17685,20508,990,2.,32454,-24,0.9991830899782274329002651561843493885229115532903593489797623515913916232234977929074093973750063947888863420049312000000,3
plan9port,2003,12,166750,6676,303,1,240344,160074,2.994194592973139361035982298800,0
bitlbee,2012,12,4635,8286,174,1.,56455,-4825,0.9143242715324866014291854119636730021566985550338912004322973115282477453089053115478534199936814983185914948983361515016657912232601600606032952320000,7
dpkg,2002,12,1476,1134,167,1.,33279,342,1.0103834593321079923027077732773655243362577050477306575667302704839152494766892458560865636491542215036536596904960000,6
virtaal,2013,12,0,0,0,0,22373,0,1.000,5
k9mail,2008,12,135239,98832,149,4.5,34541,3771,1.1225544361381876782978,0
phppgadmin,2007,12,142980,63653,1271,2.,292091,79327,1.37284033013584946033813314116153237618616972608605829151812930048274116319267416974920322968551634195819414175253034464963345473625894420480,6
spring,2012,12,1392851,1327669,2879,19.,1161863,-10999,0.9906220851335377578144606244179107455053120237221676328951365830515372164582397147492348674803505947311137451742916332219337907406930237440,8
fvwm,1999,12,129549,123379,1428,7.5,94873,6170,1.0697766469090889552774156737828520688516830126017911673340174843936095718933453021489754251040659633649307407294386298389142092120064,1
selenium-ide,2007,12,7797,1756,124,1.,14469,6041,1.71677740866369263203773649051762834951872961376406494347670615169423763071723683492448508355951843880000000,1
game_0ad,2009,12,580385,188278,491,4.,1441085,392107,1.37379906917916879808595499895469343141485329763593202592281715323372277754135979197953820343762392969614064065541222021420831409743801843200,6
irssi,2005,12,29321,1619,107,2.,93391,27702,1.4229377547555802065780913778548571124440481297488924877851905370770241156156091609994826940682173639288234903729956735646163760559357838080,6
outlet,2013,12,0,0,0,0,4545,0,1.000,6
xcache,2007,12,1093,288,109,1.,12843,805,1.066871573349509964533121929948715361812847988657340604668594465390633590977903749193053552152406235084984331040051654043015755949080000,1
conkeror,2010,12,5795,3796,341,2.5,26785,1999,1.080650367152160510279125899893856234777193874720577732459009807471665649344770216792147726301512582806831274764160583548349995218928060851814400,6
izpack,2013,12,0,0,0,0,3240549,0,1.000,11
twisted,2002,12,104543,63728,3589,13.,70498,40815,2.37502947825108447587797334937765263661672515524716237233237221109153327297157283173757653676693074034122664872736061605020048000,1
opendj,2008,12,393886,240993,1256,18.5,798812,152893,1.236706150464970768418459967707117975885012633336643366126718166018223150670098551931372929521337308708432097204341321164431376831360000000,2
paludis,2009,12,92676,54342,1177,6.,193814,24457,1.144410918946647826834524335861337273668201820026445342490328011012559324952465896450365929854622115844066199090598297823909164178494656000,3
oauth,2010,12,25517,17454,129,1.,133497,8063,1.06516924767571229988968404601934052067563019805648212103417810638368039511130124954828800000,3
wxwidgets,2001,12,995880,358213,4068,11.,1785048,637667,1.5557587234812706062235567946316418516896157985519014484881114391678381633985802013104458262026375690244198356508438354463018188800000,3
sunflower,2013,12,1964,1538,173,3,17030,422,1.025433944070122130448564011745010112,3
infinitas,2013,12,6631,2634,220,0,87341,3997,1.0479578613900,3
liftweb,2011,12,207643,225038,1109,7.,267078,-18401,0.929797185911496731261067798472675687004483488139326519229192055774418236553939831346437105118948606268196284644565176466408165898934847344640,4
otwarchive,2013,12,17763,12090,207,7,236856,842,1.0035675849731675425367846210863771200,5
jdownloader,2008,12,815400,664443,3422,9.,184057,150957,5.560634440905791136853409204872524035115694655922255687156550526628532413662812297402327000727938085419346637752203050616123884000,1
knowledgetree,2005,12,335780,240364,9700,1.,303432,95416,1.49618304728806422119220420593325695959323130500075978660372149416661686726558754579152694842782578732051854771490912502728339266250956800,2
kismet,2003,12,84652,69828,880,1.,59752,7412,1.1454217269278387748549322911775854944441891651565262431755109938063039261738177696231814191696046219869526679522097687417877475358868480000,1
php-gtk,2006,12,129198,36294,1495,7.5,241815,92904,1.623889437377899817278123424692198738099130991502885118302492112547044937185511691932228432880789718198896368454503800736782445711360000,5
gst,2007,12,248152,203025,676,1.,313422,45127,1.1681991837349965242542827095085629360037447311996278161541060972505822939730252792427355820256606451155475239783290359515411658114332014673920,3
munin,2009,12,71896,40918,1233,12.5,35166,9941,1.3940931615797881539158774703930244555690734526995354345022239129540053383419798878179214201152350152958672271943692571240924037120000,5
reactos,2011,12,1031316,881921,3934,17.,5146088,149395,1.0326354558745173865381764799897266112936336577401918063612834678030090238765154572436874067764543945301205413900496522043098475574684307326150400,15
inetmessage,2011,12,0,0,0,0.,11137,0,1.000000000000,3
hibernate,2006,12,15871,7335,182,0.,553147,8536,1.0156735725138226971749340000000000,3
netsnmp,1996,12,10417,5831,251,1.,43295,4586,1.1184737399613947330334540069568027013764828200921507174239478736560167386758821183961173761172858954041667705565070560000,2
netsurf,2011,12,103454,61330,1648,7.,170162,42124,1.32899607928984172915506262400304128667912681580922847405502411049308768798433406750056372746762815901433706475952282667528572689175912256512,9
coin3d,2001,12,1147392,675899,5389,4.,1314062,471493,1.5595897783530516716191949714489190634942598211510595421942361904885818391732084112261298843522180667474240419144473432936965867929600,2
flightgear,1999,12,117503,107088,936,1.,20197,-2228,0.899408551233110167269061136082750869931784489331380429491775257315864700327121151279621101526283288569058205131851816520132853760,2
pyflakes,2008,12,165,67,8,0.5,774,98,1.1449704141928828744026481211422220383950128213624690539200000000,3
gmp,1997,12,3287,1176,68,0.,38322,2111,1.0582972024997418863756420747722716000000000,1
facebook-pidgin,2011,12,1266,152,19,0.,6017,1114,1.227207831977781575229842710481123545789123120326493367856000000000,3
libogg,2003,12,12898,8740,120,1.5,36050,4158,1.1312292883189028149819735915605162163106736642755727946091161209980322038741915690742938942592000000,3
geoserver,2003,12,38247,26299,484,1.,33651,11948,1.55052296915509914498480385579062944152398880133777698902982856294535399841582488046807746928588304877930309475471764704317018252032000,1
pywikipediabot,2013,12,6091,3237,278,7,116438,2854,1.02512677841958196262195457221148912,10
virtualbox,2007,12,1363846,796604,6745,2.,707871,567242,5.03360615516169681028038759040784912894664865527012763653930828289811823483499016319061791105526902613101052536991982592000,5
libpcap,2006,12,6437,3596,74,1.,38860,2841,1.078875038177709252475673854678809238088925453288661257464533204113080443937718219740275112156288791016436883973640124347394526844222812160,7
Test-More,2001,12,5098,1750,232,1,4022,3348,5.96735905076548754184536141998831812796114079685055572075877826739024790876626152398024606500,0
phpcs,2013,12,645,226,112,3,41500,351,1.0085299764276365684711023321714657792,7
terminal,2007,12,0,0,0,0.,6034,0,1.000000000000,5
fcrepo,2012,12,24452,18047,243,2.,266508,5235,1.0200659281668700494823067538580238796385891381261518925797273082077747917773565332207298811216591347747354504554284184397546997689172480000,2
GeSHi,2007,12,14791,1960,203,2.,41691,12831,1.444594594637162709427833215034359402344304880193509630202436047431892334903565355557049216943574048000000,2
pyopengl,2010,12,5135,2019,25,0.5,316634,3116,1.00993882328927997039814815662087377891098358938888460965373520250000000,11
ufraw,2011,12,5123,3850,116,1.5,35029,1273,1.037711814196578184436924425169253384722307007014154214177062534491703726626783680287766509984404220158203308632428722747964714479246976637114600000,6
xournal,2008,12,1319,197,10,0.,19043,1122,1.0626081133900000000000,2
uClibc,2005,12,82925,55451,1424,5.5,184941,27474,1.1744746518431189162604298824048234630790151197899015177894610921593302929251299655886726056815551031159736557874197063939056823580733461504000,5
libtheora,2011,12,1892,275,46,0.,68297,1617,1.024250149966050259935379668393091604641915079968771169921641600000000000,9
kismet,2007,12,11395,21679,269,1.,50372,1133,1.0231787402010892937614310492120415619400879018490435037752083069607130802094125391937175680936890030420855396595767508992000,5
redmine,2011,12,61107,46833,3384,2.,101494,14274,1.178910294112676777524817936513238121810435820271573706908527382087475910708188709991178232772843231930064603240630520867815937762488320,5
nutch,2009,12,15401,16177,88,1.,135300,-776,0.9941702789410638958377431558990346433943120255659118467430982141137484657536115360000000,7
i18n-zh,2013,12,0,0,0,0,1103852,0,1.000,7
magit,2012,12,5048,2411,380,5.5,12945,883,1.07320510694650805393083282277075578526469364834632769532592914865440713099723220461303644714014657954673984000,4
freetype,2010,12,3809,2425,238,4.,289298,1371,1.0047616236060208745675777650476886773376702315192711127455133772132381038602830801344260231094667937742867761856292034990339218925379088662134531466660413440,13
jdownloader,2012,12,798344,584022,2591,9.,493856,214322,1.76671174165643590246208060922741022620893567767962868758885239590461072201887582381746476598793272230937477736197769068388867112960,5
pidgin,2012,12,110777,103153,924,6.,354441,13102,1.03838412839079126760799998607716654947672276234330374609242579229327633023755322191279092007248400149176009749471148103872553487235519209600,12
open-xchange,2011,12,285691,144746,4184,17.,879126,140945,1.190935556457740150730476971171994954682818642043067032574574121260789124593414487559922903462058802005901229872869350302113684558276000000,4
fwbuilder,2002,12,140978,111637,1608,2.,97215,29341,1.4676825477481295730590193053555817694158410691930960353807690953940605602833222116631793257654476253950761357727631573798547600000,2
commons-collections,2002,12,69684,22890,1068,3.,72450,46794,2.82390084191824671934174926437579850388453447863835597792479684824374403036042830906091564219465717280189388399133079684351407232000,1
pysoy,2009,12,19113,1462,94,1.,20762,15526,3.965807068032481770839700000000000,2
jruby,2008,12,191657,132531,3161,7.,349018,59126,1.20395871564524385485780507024378638697734298963021099826087663048419086917350519341684691453819407325352284367853178472252502366617600,7
yui,2007,12,10803,1695,73,3.,9813,9108,13.919148934441849833,0
pear,2003,12,1610676,291638,20543,59.,2145203,1317849,2.59284780155953203793770297272534743570277956577266461410394589831790394019157864270049288641206286207010512809411868484059904000000,4
dotproject,2002,12,70728,28971,1881,1.,64860,41757,2.807427606835273593079317049054207776250327330415507463662000768000000,1
morphia,2013,12,0,0,0,0,20158,0,1.000,3
jmol,2011,12,68374,45828,1056,3.,466104,22546,1.0508298801978822318020069775805501967015238315251226635127214379603279339640207464057168492589557610438136550952473968938933943316059664447078400,12
aros,1999,12,113751,33065,1200,8.,315779,80686,1.3432088578295655587384408362335760966724014486462093239365854879848995196213481077135305645869943546557528607817863770367641564834157040,3
zsnes,2011,12,0,0,0,0.,116760,0,1.00000000,10
swi-prolog,1998,12,22228,12820,98,1.,407799,9408,1.02363100665005031798775239291191748376853034368056997503977920191627465469021089144044996097921152000000,6
opengrok,2006,12,1210,8151,27,3,13853,-6941,0.6662017890,0
colloquy,2013,12,8562,4543,257,2,341473,4019,1.0119097714054564031252483198181301500,10
cakephp,2007,12,238178,144976,11502,5.5,156865,93202,2.46399007288076570799531478234587613674476954678498196238425126848448971136382321478471891769375445953633617495277839756640000000,2
spring_net,2004,12,86744,30911,741,5.,72458,55833,4.3583759398613090800083788285837815921311039685494332690641748237955840000,0
android-vnc-viewer,2009,12,1854,383,10,0.,5088,1471,1.406690627600000000000,1
zope,1998,12,49654,23420,764,3.,71756,26234,1.5809509046480641859517231470363888383958487289812138003105515247695941157794611924776010896068887597834401531320175850229467563017901568000,2
mplayer,2013,12,2902,2930,217,6,451688,-28,0.999938013738769063827375734825299669295328,12
ffmpeg,2006,12,91210,54472,2745,26.5,251570,36738,1.171008043484332746724276287815109244412920060189757495319335605112685614076153188810779263724982838583779474373766494037567077495633200000,5
desmume,2011,12,14149,13883,261,4.,460177,266,1.000579477772496742582893963900277123451822946050423237543803174496385676479315365495850968186985434523297528527376049764861106086813835985202177638400,5
uwsgi,2011,12,40175,16423,1245,12.,45439,23706,2.090783601206994498667721878075777108003637171602554091106333109097833177593042174455927378531798966542340500602128295301008640000,2
scala,2005,12,142055,192074,1199,6.,150567,-50019,0.5328819574124627732332701128218279298505863288048461712511960245371593916775334360606680654734843968684755472743995327721852966976000,2
parrot,2010,12,726911,807830,5410,19.5,281919,12434,1.0485193292996835910330351528714881398522178430931793757661543182089405535883794186013803287110130103832339258051331013435435363494615121920,9
virtuawin,2001,12,8,2,3,0.,255,6,1.024096385542140000000000,1
munin,2006,12,8222,4796,156,1.,8953,2670,1.4249562311678515034058773725852000000000,2
zf2,2011,12,2934719,2330018,5130,20.,1663448,185852,1.125779983165448543497964400867917598802476042570232766441264743889304995976333098033791119254126675155215896400496949537899566316352784632832000,2
remind,2007,12,11052,8303,165,1.,22752,2743,1.13708831025743264292301609500517211981463301275314742781969474725079992516759743774408887200000000,11
uClibc,2010,12,43247,15359,528,8.,332609,27269,1.089307002027132697780078485697287870382946434495117895527573734978224843755036929279319788339139857624636417080743618894250803251035243195954626560000,10
ehcache-spring-annotations,2012,12,0,0,0,0.,10306,0,1.000000000000,2
citadel,2009,12,120758,96565,1393,3.,185846,24193,1.1496600743539719869072096993491763374242170801308346212879487683387279375109475340184627519421106143287957477052403616978655231674570220000000,11
maven2,2008,12,477490,403066,7044,24.,636079,74424,1.1325083903870838759570121881933708999815771942891409117513869364864976097730150487818705417549718209098535338258499969772098524339894400,5
msysgit,2010,12,268618,131297,169,2.,544438,26435,1.051032522976188175288626997282571203006646559626480809399776385050797533770573675345007660404976988023277620247336700484350000000,3
freebsd,2007,12,434691,332821,5764,76.5,3232036,101870,1.032544599871840409608050357163271400330261371875106886763045970047516328223335175566729730954412913512611645096806127732240899245285911005184000,14
clementine-player,2010,12,139980,80755,2546,2.5,68941,59227,7.0970763853023799174875476905504977348754731095637409558949269275152974290401858551043573055953720952877993821239432137920000,0
vdr,2007,12,26599,139822,52,1.,178688,-113223,0.2843092015471699109075791221744093303732622727276761828407116942032096882872676696905957000000,7
coin3d,2002,12,491192,328101,5661,6.5,1477153,163091,1.1241121042941228149656208653669173593013833489814073981072506019274861285304486650426967143634231725072345762187031479047952528547879680000000,3
kino,2004,12,15232,35918,318,1.5,106814,-20686,0.797618698188242352550782341969973915182857794120378415995975610404376998734420301837890203608969204893389155554605926547139621683200,3
dmd,2010,12,169789,55169,1252,4.,428551,114620,1.3651120787312939740581863569804054934819515462746905092625218955919283559716676832388427327778722602184775578115523971861609096260880000000,2
eclipse-gef,2002,12,63402,55400,396,2.,54576,8002,1.173907374008213271015267701266486887955954736734080,0
pdfbox,2009,12,7071,3401,225,3.,47550,3670,1.0836371923471123436294174291597883299011624986387623363846603922122507508952578524276662065165969533981353914734870261654316073076719276032000,1
fvwm,2011,12,41,32,15,0.,251692,9,1.000035759268606491581944663640000000000,13
android,2009,12,34794817,13589511,45600,120.5,8139037,4187948,2.0599477763156030463572649355000780114219538316509358411372577159275069552411942687198285508610151772823743257009939650644019896320,1
openldap,2010,12,16725,40811,447,4.,567876,-24086,0.95751706037193969196547109341913284450097051442425334600968727940604082276079464256807669701266206697338268135753773067588182195300912533527565516800,12
findutils,2005,12,8726,3954,299,1.,23093,4772,1.260466131756933889045632528318333096074033181490717709897117269117454750701152697029605174379959030229632670999771491565540403200,9
eclipse-mdt,2009,12,552993,378020,1028,5.5,1904304,174973,1.1011795890991947126109081510466452703732199478747364424414322352405901420667390870382503796484507069781402713501134348515574096946950317286400,6
apache-rampart,2010,12,3078,1342,86,1.,45148,1736,1.0399889431535806707008803376115623922641387784184238686491028282644076085603314945150945433333386239300826958400000,3
xen,2004,12,1136005,989511,3388,8.5,231589,-63470,0.66207546463487518159776360727880171834778536600208240340284837994191645948890269248000000,2
ghostscript,1999,12,67635,35438,341,2.,471617,32197,1.07327158527470156750352894106703142061970450762552959367387838145894593917931046657236747005267000547906713482079088768831131631336773128999648376064,1
kbabel,2007,12,3868,4279,108,5.5,46343,-411,0.991074530928605613869704970435776125747683667457167663967951186728487007853439678771972535062714818240,2
grep,2010,12,6644,5818,403,2.,8624,826,1.1059245960482419450581054205183833182568708121206244205180454703391696718871623907037489015280431551577998001780160000,12
msmtp,2012,12,293,6246,18,1.,18735,-5953,0.679705154466277028083545256697256753318863140582400000000,6
sawfish,2001,12,4094,1999,167,1.,66725,2095,1.03242481930530189946588294965214902154694085154034296785087135460763370312217195239837928698908927612347253576451407783978386560806753337396480000,4
ack,2011,12,154,125,86,1.5,8066,21,1.00261031696663459400252874218224400595206601464479352659101335422657520660358123516035840172338380838997654958361600000,5
roller,2009,12,0,0,0,0,154690,0,1.0,7
webdriver,2011,12,1023514,953417,4259,18.5,607710,70097,1.1303856120109923386898565184413359749989028486210321685706862772619800405778638675097412140667191533751680050141576791830577020119040,1
mochikit,2006,12,75116,60234,627,3.,34712,14882,1.750479072057558577535210411593193185471404698699191899526618572334387314917698492947686540406342155380583975669188047502698854987577600,1
dom4j,2009,12,0,0,0,0.,73530,0,1.000000000000,8
brlcad,1999,12,219821,116262,1339,5.,802248,103559,1.148219021618098608582829842597879059403176588628762328283008544228370914385620297950624104167334707788035497871040799710664799498632453222400000,15
sed,2008,12,1207,533,66,1.,24216,674,1.02866133696510997031257275776094615239142597727925032494155812713918669266346830823000000000,4
osccms,2011,12,16252,1752,93,1.,146020,14500,1.1102493917533546047656342656275643044518881136971648824967419360000000,6
perl-xml-simple,2008,12,0,0,0,0.,4350,0,1.000000000000,6
cakephp,2010,12,338991,305067,8703,11.,434640,12247,1.0289943251887358751334823721939106836489349403869832386644643011675016768642751829569042334333363452455273799864234856806278532489937905267920742400,5
notmuch,2011,12,9453,4797,614,9.,24692,4391,1.2162947638029207050973196296155664828767004334075707050269370977608600144687850362682289472523355614744476899668980249407694082214139002880,2
konsole,2004,12,1175,1071,113,4.5,22653,104,1.004687852156525351131670842269292706149450454601030439307709282005992768864974299626595629479533976639210559519831293706368580122827936420659200000,6
remind,1996,12,1638,137,37,1,14474,1501,1.11570184229063462228958241605914545630144735825066309621988877939583077751424070000,0
flashrom,2007,12,3728,2802,90,2.,3645,926,1.34056638471619748428954433968808715211956014143579098685460094114493179683549781076655426477301912477652141521463105838612812500000,4
gnutls,2009,12,17710,10773,580,2.5,101147,5825,1.06110866326671295357750071678989394126941540520861868091057831101644938787185023573286214244236117988499719917630492329138350972756748026752000000,9
phd,2010,12,3536,25886,223,2.,46708,-22350,0.519303150856306786073849761641296719945410834944962877284006768031697042270494498325857853789146624671467852140256867832244303102400000,3
php-gtk,2001,12,132522,59708,1647,6,97700,72814,3.925902113848021899887096550802657781585934324370125811024528951695436887716506429298280496061409480572819569132612500,0
findutils,2008,12,534,219,52,1.,17038,315,1.01883633319426457196564223391955694115278231878080476081348916506862553191042620594932677170756924560000,12
R-project_,2008,12,81493,62551,2014,9.,628087,18942,1.031162959805356204283085329571191444000091102493335084380761882486695053684358661419617795326039660352352713967824280145228970747324451438234316800,11
ace,1996,12,22549,10443,280,5.5,130723,12106,1.1020595698831337940640,0
colloquy,2010,12,14771,9240,665,2.5,220830,5531,1.02568985457464669326211955020556059675237776940754915294333108540904709883333111833315455107160929364590473273969468245996148524557157022793154560000,7
hugs,1999,12,3778,8953,88,2.,43331,-5175,0.88575402345031909443933898956303986706709412505574223457780178396300800,0
dokeos,2009,12,2002551,1205321,22698,16.5,3018069,717035,1.311614256944927528238292456974772827287026030393610798459643499805783837239492954375839880533636098544215269536155837152896299840376960,5
chrome,2012,12,5253373,4027152,50870,415.5,6558465,1226221,1.2299634075332720977206841591023388333707027210787589671145797706445485794056251798995531046945172308274997789675560159697244876190000,4
google-collections,2008,12,33603,24286,20,0.,64309,9317,1.16942464358675129954608744889807730748614642003851349501450000000,1
linux-pam,2003,12,568,314,50,0.,45686,254,1.00559077302267689268529766728325919974739887735402400000000,3
shareaza,2004,12,256393,98810,998,5.,311093,157583,2.0265324735914275795612285917489713832387324016786932183316507200,0
biojava,2005,12,45042,19622,378,3.,166235,25420,1.180520541139251298235828429408840204750884810470427513687126186115871679446600017659255606917207035155222594172509820721447244800,5
anjuta,2007,12,133971,112309,711,4.,295622,21662,1.07906993720771913596319924593406667558968378455314733655256794359517986087721413366770592240997290184121869728453173311454842540573561953280,6
masstransit,2013,12,803,266,14,0,459205,537,1.00117078148000,5
maven3,2013,12,1023,817,59,5,330703,206,1.000623303691184016994216144944868721664,10
zotero,2011,12,200397,161277,3259,5.5,320812,23833,1.0948437443839081669549033056953942291546703215728344515558448218261737384151516274980957679280524030007672066853326682053872245904000,5
xetex,2010,12,1312699,1564516,34,0.,1617820,-251817,0.8443479496913704343792120000000000,5
kate,2008,12,32216,15604,1145,19.,704,-12,0.9829059829053815178228277611941803443982515975000000000,3
lives,2011,12,29667,10283,340,1.,234042,19384,1.0903017823665358872519134758699930478714602879919396740172708581954453119204267720803869240507681069816758401330835651200286720000,7
debhelper,2010,12,435,248,87,1.5,5613,174,1.03215671779654540932993012129188041898079103769503818608044366165311760107155174173119828712772197658112000000,11
turbogears1,2008,12,93775,78750,1028,4.,155487,15025,1.10696843279216088697120138726486728588120225282278293852184880899502568158044588381158073257409250039281100176527140148727141353474277376000,3
transifex,2013,12,0,0,0,0,64778,0,1.000,5
egit,2012,12,45476,21014,884,11.,141251,17343,1.1399667495224908786837132752148413004717210449379931764678847979793450843061234195137077849809892198690151065242296136578786616710823616000,3
gource,2013,12,504,853,21,1,13033,-156,0.9880276285458976611646250,4
pisg,2012,12,0,0,0,0.,12143,0,1.000000000000,11
love,2007,12,166245,142356,193,2.5,155885,23889,1.181440495798738507364536841533868972344752128,0
ant,2013,12,1508,3061,57,2,262431,-1553,0.9940769726576674371921721661442828384,13
sdl_ttf,2009,12,9905,6364,25,0.,20283,3541,1.211504001907357082769026211355733054288491463574388005600000000000,8
FubuMVC,2013,12,4552,1341,68,3,64906,3171,1.0513647039789756666165207994341822720,3
tinyxml,2013,12,0,0,0,0,5013,0,1.000,12
magento,2013,12,0,0,0,0,4524202,0,1.000,5
awn,2011,12,139,48,16,0.,79721,91,1.001142785382451426783359221444655785640000000000,4
cdt,2009,12,496698,282918,2131,14.,964074,213161,1.283869103311223990698265988224212274243971905783780565673237355129146747885297018651445208312222049650570684781527164731199226497698730000,7
jspwiki,2006,12,25618,13700,1019,3.,61869,11918,1.23859382194823690424492059690277259580731161090534626232046655779403229663090630041118909563458685740424029740867661887169764683520000,5
mozilla,2013,12,2467631,1457761,10913,313,11532780,484816,1.0438828366899896787571035688473840,15
synergy,2011,12,660202,306145,381,1,408055,354057,7.5710918501683878844065013788750877823061881772842791469389501960892528952001886659156800735300480000,2
phpcs,2010,12,6376,3980,347,1.,35604,2396,1.0723015178530657651141093868450797615013364021254338366977966971195717630433038270074862653759805885879235418191874353657294032551067667151257600,4
spacewalk,2013,12,32090,10037,646,12,1288224,22053,1.0174170787355058781395108981885508752,10
bibdesk,2004,12,17193,10973,749,3.,19851,6220,1.6105821144095075798184008099063715679491764801945085653225139589697499679852046166962747672682602968887012023579971593121367539200,2
backbonejs,2013,12,5999,4648,166,10,20604,853,1.04318768669759607946513184377633920,3
kdiff3,2002,12,0,0,0,0.,23139,0,1.0000,0
skype4pidgin,2013,12,0,0,0,0,11384,0,1.000,6
qtparted,2009,12,3475,2550,47,0.,24618,925,1.0390410669800000000000,6
synergy,2009,12,18204,19941,83,1.,62384,-1737,0.968688598489557689402709773950169709094397834423710272000000,0
gitx,2011,12,0,0,0,0.,20026,0,1.000000000000,3
pcre,2011,12,37281,11092,281,1.,69407,26189,1.6059743625605518828869837585865118112034272692910121037260681350466347883559718424295212585476304706279034216460800000,4
zenoss,2004,12,1899,1418,25,0,19877,481,1.0247989276119076010910200000,0
tiopf,2009,12,280168,30740,248,2.,442048,249428,2.294922645573938368826939082536881167939360089714411045246105548000302200027972508823467077546619717775008319287371587479061876266240049152,3
pekwm,2010,12,2294,1197,73,1.5,31915,1097,1.03588602832397397203448047898783775767983125000390135675876942802293125003581783387074726056000000000,4
simplejson,2011,12,2114,4804,56,1.,7011,-2793,0.60071479632032038524125854755045829531537749560289234786697289003250000000,5
evas,2011,12,62492,47403,1699,12.,140259,15089,1.120548054650143262826838982292956720387585077673033182936830518117845762495367307985266200455918223575260453271934366817316986240000,9
zen-coding,2011,12,12735,6474,195,0.,50638,6261,1.14108659891267850945529662061950056540789868000000000,3
tweetsharp,2012,12,263400,168556,39,1.,145579,-35595,0.7554935807907630096874896582804169643160000000000,1
suricata-engine,2013,12,14611,6345,98,5,304769,8266,1.0280716291728490701667937170663328,5
ruby,2011,12,79619,45328,3344,23.5,829611,34291,1.0431159784734126803687154351835465504199227428718110468082599590428820092241453885814137348779237964869733203879333260360774918855055978368000000,13
geomajas,2010,12,576941,504735,2465,5.,251073,72206,1.4036854199046908438241065983615667672733070297967619936848400697907894090063213469589448568791458491903521732585286744055988014632960,3
spe,2010,12,0,0,0,0.,71234,0,1.000000000000,5
jaxen,2002,12,4558,2997,113,1.,20538,1561,1.08318678390948796605410049324130504199666971658087780233321807144811739697180658300541482335823348837376000000,1
openjdk,2011,12,1400855,1148390,3917,48.,3499328,50285,1.01459300928598565399220654551632847355973969339263017094299282984334285398703665598588799702533069418468880225104223899044007869025907121658568163840,3
fengoffice,2013,12,0,0,0,0,293241,0,1.000,6
wireshark,2002,12,224535,92781,2358,8.,365451,131754,1.564619670026500662796503873580160145378719040546596126229909553927441084622045655553681934479403941401958247992099781821628944200000,4
petals,2007,12,1269880,1147928,4838,10.,439272,121952,2.32807701504019856577360056966402699681081840622902073724584097202006021467805428093332919269748464806802732461526770277120000,2
sqlite,2007,12,46898,46452,1079,4.,131664,446,1.00388748939131730798249929471709276383328336534826600137350998595217129289144774431450652505302787948136342150396198056807858165032584806400,7
openbios,2010,12,26672,25349,405,2.5,204312,1323,1.00651759454871173434479762879668657412756454231087917208197538547022161428380711226352544087384072875397798363026376723108806502881735680259928013824000,4
SPIP-Zone,2010,12,3680491,2488243,17188,47.5,3603619,1192248,1.4944274439658487267123919727772475043144606948770634380793417883288619864303072201098074946712158748030543928215902529104689388504693760,5
gtk-doc,1999,12,126,2249,21,0.5,2494,-2123,0.12669683258874796977973680582486000000000,1
tikiwiki,2012,12,200316,141624,4696,14.,990845,58692,1.0629639125774164892532812617269153381092635626842390056397469030875571984723096841881296230116595473190122190993467273340006604241256220160000,10
ffmpeg,2011,12,466508,267300,9969,61.5,557645,149730,1.3670617653219463867229651968923945952912017900509902158695368339148333450134959309968906723062206064050729602948630735182865234688000,10
phpbms,2011,12,0,0,0,0.,52676,0,1.000000000000,5
xalan-j,2001,12,111977,56458,1564,7.,114134,55519,1.94718075580466234413971380145023510970893604250122932357252315966528313504018465721387793326110204454898462104442635265905428725760,1
gcc,1994,12,100584,27995,2192,12.5,302482,72589,1.3157512408040827623568204206911994071832461909380061031964764426643332885561415375138325110781027587770524059991582266211971351851110400000,6
drupal,2013,12,134901,42802,1378,5,915032,80519,1.0964862141124716156021748781248800,13
classpath,1998,12,61854,12260,817,5,60209,49594,5.672067828501279438617142130566897461784192009961866029249236315551352320,0
midgard,2010,12,112660,49945,2758,9.,617193,62715,1.1131063811355501449143317613660417516348148188743531440996611762623504878128981088935750521916263475693898988720031282040814946509263683320000,4
nokogiri,2010,12,17518,11903,620,4.5,43137,2994,1.0761018758612830727338523386834527935188531038166239633753425769776925936479535428137813752405959044302022750316312706719538073189950697536000,2
YaST,2002,12,260408,124579,2718,11.,178099,135829,4.213366453346485973781213711366559318925523989838765880962085688671084555392362222614193496676865732506330555816541986138448619148800,2
netbeans,2011,12,21229350,62829384,36406,51.,9131869,-1598820,0.823953633911909409664268522185905926952125770580639914996441879494677171733434495148813377939356023510344270669103777793332639249669097378639872000,12
javacc,2003,12,222,10,12,0.5,21942,212,1.0097560975610234038012083891579306360000,0
ubuntu-unity,2013,12,216029,122930,1288,17,134026,8775,1.070059320894278999916276369247614,4
rhodecode,2010,12,728446,656664,2854,1.,307090,31968,1.116195724085547118325601861635385291543332860143731491113338360030291074422778628097377117893796498978532533055489600,0
mkgmap,2007,12,16011,10323,312,1.,9162,5688,2.63730569925759345052507182693727121864070553330622842320134579824112955347605906170175752224413663453163520000,1
squirrelmail,2000,12,17672,9817,1382,6.,10263,7855,4.26204318978844612723759085700883789602137124470971554188819128877804447234763628442500092373596235803325061264536642892577945600,1
picard,2013,12,776,160,42,3,56818,383,1.00678656861838290013789500,7
xemacs,2001,12,19409,18186,179,5,1690,1223,3.0626079941639273613773916681567886993287753028561344,0
catalyst,2008,12,36248,19502,874,16.,379033,15872,1.043705133527821836234520089592293034448693539446934242636203835125951671756074165810724879907639944029783136344698966214706496566533284497525309440,3
chatzilla,2005,12,2998,4857,172,2.,28646,-1859,0.934979539045996125100999039416748556194276476771402627387603180360196842124228703143395395437451501778294454340816954150069988673132658857728,6
php-doc-translations,2002,12,962060,737780,2977,27.,795709,224280,1.3924897056388978277427087647621870686345195183067907704942900712821667133541781578592788664738409761598245869923528315841272032000000,2
com,2004,12,14738,8463,191,1,10074,6275,2.65175046078969524037914669225557159782258151239383276196454640713303067861827744104870836624561526329310055500000,0
pdftex,2006,12,53391,36191,82,1.,189524,17200,1.099811982082614787950314469510037316054688630123924896423115225631005307556759584432500000000,3
WordPressMU,2007,12,43826,31155,866,1.,73680,12671,1.2076906685997569355461774968347671335647841273287188376278722285144442655707050207749657336274651908028100581210870476478400609110020629299200,2
gparted,2009,12,6778,5408,377,3.5,263793,1370,1.00522057898872019571703468318108687957199441170434234350681093902075274688214408954249856271304303848787013780584875251798903114987612815776652800000,8
swfmill,2006,12,1485,423,70,0.5,10721,1062,1.10994927010721974719803533604828743261313761150548546104893287513409680000000,1
axis-java,2013,12,524,90,4,0,193153,434,1.00225198345800,12
gegl,2010,12,16081,5659,394,5.,82644,10422,1.14476005277453798610780285324409334963369695032515056026917522780266803346697710073849568510661417659025125020238019883976287924286773971962000,10
mephisto,2007,12,85151,17067,285,1.,152665,68084,1.805241806757258074064122387627400437326517044427829778991578500922248422521854066511340910502961134890037452722471971047543026799984000,1
autofac,2011,12,34908,8362,208,2.5,47471,14149,1.42836815026241250139361441322559612443827245628061116840182931602510293744855367797085993403533076819289600000000,4
f-spot,2011,12,4038,4739,64,1.,120648,-701,0.9941894681004041916845742192468732055439018275336225767475422720000000,8
aws,2012,12,24764,17087,415,3.,107777,4545,1.044027045882695680655829923974275272778865438999454955762748630629162868597256911793703223811541244319582416166025054720000,13
kdepim,2009,12,2016295,3026101,24808,45.,2987275,-229456,0.9221803976862522734905167062411311247613469542175123127253595945234811216933582527913436645434692676907872970497015126035830763560960000,12
zodb,2010,12,4431,3640,214,1.5,39608,791,1.0205898430446152112271496197377135737568837793395017518723208831638232948061950680049340130283435993489080320000,13
log4perl,2011,12,0,0,0,0.,11473,0,1.000000000000,9
dtango,2013,12,32,32,5,0,208371,0,1.000,7
parrot,2007,12,322029,266502,5624,14.5,352527,55527,1.186959595971969126538541874481062057507325454846042514091314504826876944344759581051595608839239756819307563544573611606337907200000000,6
dokeos,2007,12,642812,606974,16504,7.5,1984972,35838,1.0187671336752148566931308011905905701074422626951898776504928877044676017547750531934884771201400937237997800234713246351808675247488000,3
kmess,2008,12,187318,210464,2248,3.,134702,-23146,0.82622079406350873479709626863377808689673413931596053240805223450835235454268908382509444071427284429095870966606507112188851811434930176,5
gegl,2013,12,4173,2807,84,4,113620,1366,1.012168831400455872526808923215833850,13
Syllable,2004,12,881177,654163,688,4.,2398683,227014,1.10786967676000029775562567248880460598755215444101556901800286150719198360508047682528359128779773906228834759317762590374309566300190146560,2
openafs,2012,12,51062,41180,1303,10.,1011088,9882,1.0098700966639139267559088456312987339773773497080373398964189846458123266320366303827176022041660759284450609383723240081755412971059068843516173664000,12
libpng,2000,12,78088,35357,832,1.,215082,42731,1.247930096104849963408640529232059781174269482702492482318550449753547310705902964375088800000000,5
openscada,2008,12,100748,72084,328,2.,151119,28664,1.2340778244966180372659871895546798410695537055995745891607098872340248055934837192931703971556934372090001075411981700100721330928000000,5
cobertura,2004,12,0,0,0,0.,78,0,1.000000000000,1
yafray,2009,12,9148,4277,59,1.,37156,4871,1.15087501936595647136328787523770749712485308306462227093690047898997577154474903830083093472000000,3
dwr,2009,12,5389,3318,192,2.,161797,2071,1.0129659541978434216798559747937115917033206708294855262937433115319607800364533524236688311102124013522603660033528545443426938629170984812944485978500000,5
eggdrop,2013,12,0,0,0,0,304157,0,1.000,14
nagios,2010,12,9946,5796,277,2.,216812,4150,1.01952803331528432432737600785120891763555115811771262442444720464192248974262862619935214759698160000000,9
postgrey,2007,12,1664,296,50,0.5,2232,1368,2.58333333331742407099975171600812369466566598842360421092000000000,3
flashdevelop,2008,12,72553,31910,249,2.,245535,40643,1.198363040037854025830004776877576825375203764,0
egit,2011,12,135083,57751,2027,13.5,123908,59946,1.9372127201142711565878560859257561356245005048052115802042198476410904136704821215268781822743961601301389730742532134656000000000,2
firebreath,2011,12,62346,51605,783,4.5,55385,10864,1.244019676124408056177423976853790606954219389438520495004114783964396842293350885958242943224183802592881779838137361902090139756310760000,2
wrms,2011,12,0,0,0,0.,46451,0,1.000000000000,11
JsonNET,2008,12,15729,5223,86,1.,21362,10506,1.97232762608844636151646640805275840721235312015626655393766952811353912711607363580276746983230279336907008000000,1
claws-mail,2010,12,0,0,0,0.,156120,0,1.000000000000,9
cs,2007,12,2081405,1534898,1779,9.5,1738332,546507,1.458546346970337887466007750886127449506114505236918217622893233783991176262727113426476266606045974470943310126220108096297738039360051200,8
coherence,2006,12,52442,47454,300,2.,18950,4988,1.357255407524021444032,0
oro,2005,12,31,18,8,0.,33704,13,1.0003858597251383081051092650000000000,5
gnome-terminal,2009,12,2222,2455,188,2.,28341,-233,0.9916469491613767874752072082456504453289639468137734530677972522829342944753411924269481589282165169398714832955543177828023161600000000,7
adium,2008,12,5220,6266,226,5.,236664,-1046,0.9955761943432564330747140634808647078373141445647040,0
dpkg,2003,12,1818,1236,85,0.,33861,582,1.01748850626238115425686245222199466000000000,7
zeromq,2012,12,16336,8685,692,8.,16556,3227,1.2421036836929557489102066863589114122457420053349416680736865453319439677420701113754637201056606115733196992140022174833740838663855429760,3
SPIP,2008,12,76337,53437,4028,10.,164042,22900,1.16224794887077269575221319607940703132394236239857069670973906320466033273615456874772234149130152787404692686970997261626401380495736320000,6
hazelcast,2013,12,14889,6700,85,4,218822,7870,1.03730706511276559133302347222000117200,4
miranda,2001,12,21157,3180,108,1.5,33985,17977,2.12300099957070372270645674413060441183734387559971834481446913150467424440817521247791030132864000,0
claroline,2006,12,196956,244133,5176,6.,213933,-47177,0.8193213588622343013451956094091829117528088907529815427609789280678542572490593143099981329530982668570472660364299538428679980000000,2
tt4j,2010,12,98,30,13,0.,1197,68,1.0602302922900000000000,1
hoogle,2011,12,0,0,0,0,5284,0,1.0000000,6
fbreader,2013,12,0,0,0,0,414715,0,1.000,8
caucho_resin,2006,12,409819,284242,1854,5.,595129,125577,1.2674400279616226897145566325070940778396296364797262490992752574445468088077115388932692159400009043149613394218153192392658124800000,1
wicket,2013,12,6817,3382,209,4,258096,3132,1.012284087165587344821573506254265800,9
vim,2003,12,61434,23830,573,1.,320290,37604,1.13302392052620888842767745799230694038496239017999906159851927343816915435899174996038804700463365871680093228913780601106482942337772897843931040,3
gpodder,2012,12,18660,13975,380,3.,20476,4498,1.2858958876234939328501207649479484478127979015790813601484438070145665736860770309555691945948700462726536766364535983958252494455439360,7
ioquake3,2012,12,36303,4161,189,2.,300291,32142,1.1198661937677269177601152645119509158670345205740822357840611686180905804919164197589562495008671552110122630039708503328270355668006577349850000,7
tomcat,2001,12,39621,1717,200,3,38594,37904,55.933333331286008534459863255811118295173719290996981123282245000,0
reportlab,2006,12,16780,5804,350,2.,255502,10976,1.044887209434038389970256974730963483806045513350301634979902711762081501180534161095184311532682777923108507877163812768493053844583367116003844096000,6
kopete,2006,12,185724,164297,1380,10.,355723,21427,1.0743572214395224400740428445814027217870037453991729416106752726372120275634270470112090037119873598814942282842870541315098056979681280000,5
lithium,2012,12,76054,33851,3794,11.5,152893,19949,1.1500556625328357492493511982295625782698135652978924902168644650290220834880569227812879282069729210693741563984165950138202220295220820000,3
emacs,1991,12,82972,3414,321,3.5,118955,79558,3.01939233941405248561578472821159269773298424299946171792267744684890706662572227833940726086010328918824664591541558888690128896000,6
commons-codec,2010,12,1861,1000,38,1.,12180,861,1.0760667903497724488876904482830953299714482263845692612500000000,7
Tvalue,2002,12,28663,8283,63,1,20975,20380,35.25210083299873406332792507587019052640,0
bzflag,2005,12,99983,46254,2544,12.,228698,53729,1.3070772536882645459384845757832798039442416705960416310780171394498447715513089658083671246202654006580148413569305973420244518883328000,5
gtk-gnutella,2004,12,334765,289133,2844,5.,206567,45632,1.28354304536210430166435806437007479553576017441613070852737075732893925112082939673412798122413987272143358405646731269768767746560000,4
agilo-trac,2010,12,38403,26928,971,2.5,62312,11475,1.22572142337854674306437992643400569590551529563788461904214388855544998385232185943551734347067015140343903423492904991412268750000,2
autofac,2012,12,15051550,284659,462,1.5,14813295,14766116,313.9806905575664029195748040473714265172673109141146065842956108631032172499192533542093991073486016790453270755947735361595976106035200,5
racket,2009,12,966973,849698,10031,27.,3957752,107979,1.02804814725480441669729151617680210220529536085476422021112395241010602023373493635665092052735015468154203371512930730117711568486440876800,5
qsampler,2004,12,2303,1751,78,1,2756,552,1.250453720514172058024282944835293403185423250648817942092578771200000,0
bricolage,2009,12,73647,55122,385,2.,135324,4228,1.03232267633435018450522754458776285139212414365473466963107884385249581925719242945220685973414121920000,8
udev,2009,12,17050,17032,527,6.,23042,-10,0.9995498740190872616020197283034926718681040402434730915681810512849221081994530140331427543664821545649747330179739163088685340438876672000,6
rtorrent,2008,12,2520,1721,66,1.,17845,799,1.04687316672700921753881735407892861004208189977711278008997380199450121222984043100155464219606370715927147617993945011200000,3
psycopg,2011,12,32029,16051,733,2.,43254,6614,1.180513100439703388891805922878679224043852126187864103076311621875554720064846821081567927515028975683631784632608146723393912660910640406400,7
libtheora,2006,12,9865,10909,104,2.5,36861,-1044,0.97120238325760383022028991373568964733532316740194272724272491801456546070702751667216443768248481601449275502080000,4
svnedge,2009,12,14059,4388,197,3,10314,9671,16.0404354586117752270217926570809974362582949724072590320330263434596960,0
plexus,2010,12,5461,2467,440,2.,504387,2994,1.005971363780748792173622552776536977326970859833481981342709532934372939736635352004961903076227496296800000,7
squirrelmail,2009,12,4047,2397,578,3.,216630,1650,1.007676096634551579158573130310427420375523511651290022949975926999464983804732546023159299099517688438448455043378370267585912595077444746814605600,10
totem,2003,12,44244,21820,642,4.,32163,22424,3.35521478854767281423583459046529652367513667308974731396930451591750984325307412715144266911261938417345415777061813777131975596800,1
zope,2003,12,246751,117295,2637,18.,213291,2637,1.0125181577333110080917135492540366998464814786095481710115014696388719815649805181214878291438567596264357104258241156982338156166372044800,7
symfony,2006,12,775944,640632,12600,2.,409508,135312,1.4934864111977023572201821659929024299237322323773409900482102095444889679203145000199431947056730316982025883755469269540948427051520000,1
aircrack-ng,2012,12,3777,2048,153,2.,61982,1729,1.028695666604678483966370115394183283552617304826110374027972009422673199980002131377000793855316414765464282155123362234368000,5
firebird,2010,12,209770,208779,5676,9.,3667272,991,1.0002708886299045855493708410182425956455251013935181412475171681862802200815431581274670904091309001730012694273845909839389025022384369851965135679488000000,10
dotclear,2010,12,0,0,0,0.,22957,0,1.000000000000,3
hippo-plugin-easyforms,2010,12,2178,1212,63,1.,14424,966,1.07302139239969106746207090403565377713720949035152251377593814931661197914051894703293693318044000000,0
nevow,2008,12,6946,1386,77,2.,34620,5560,1.1913282863020560172855118038820367949735774268885165647978287231901451981532718903611428021791803295358744975660536197927714816000,3
opennebula,2010,12,99435,50958,1083,4.5,50483,15206,1.43104572382502258321761732129750931749501780359940010413527817608886645365115238018825299790871081952118219799531731714781294762475833661440000,2
gallery,2004,12,136096,64514,3681,6.5,141105,71582,2.029616098245388845868830985538801607507570009268318164153978796127813424603374292126378395320367032671025903462166435096071800000,2
nclass,2010,12,1303,520,14,0.,49114,783,1.01620078210662705525863349941668521240814786303206562723507200000000,1
tcllib,2002,12,30195,6437,335,6.,101501,23758,1.305596645356047951388127480784905444779740996752579346986931380522836356510187725792476421417063745659818623389011784405421967417391360,4
cpio,2010,12,249,230,21,0.,6754,19,1.0028210838897558439444828579303287600000000000,16
googletest,2013,12,402,309,16,1,40172,93,1.002320417175870756808123716719229374112,5
workrave,2012,12,8602,3439,186,2.,73370,3066,1.04361060536867938865017708634229847565076928613206285000632994335594931463679970582162430718090479581877760000000,10
automake,2005,12,4375,3049,142,1.,41991,1326,1.032796616461737736031035596691568411127163152214979337726063029833184694924491833860653899415847792222025512000,13
nemiver,2012,12,4426,2906,70,1.,64297,1520,1.02421886202876518764712093210809399192010621850297096134965560097099060891560421509696000000,6
nethack,2008,12,0,0,0,0.,207455,0,1.000000000000,23
MozillaCalendar,2013,12,10313,8086,419,31,944429,2227,1.00236404360826596321401584548159558994,15
phpbms,2006,12,3156,1368,33,1.5,25358,1788,1.0758591429721660351050,0
qt-creator,2010,12,1714094,954225,10692,31.5,949090,468677,1.975571019096487839991458485422120008842124832880379590762682084130004538286637370930099146741427146972773072464444126405215350334400,1
jruby,2005,12,28229,20953,312,2.,50712,7276,1.167510820522447471786112425558026891913046756852752135176773739454560662790018682589893046099142960405753094331159778621654714934140266112000,4
xmobar,2013,12,338,186,24,2,3691,152,1.0429499858749674382881451546331508,6
nekovm,2006,12,19183,2259,356,1.,44920,16924,1.6045149307316985891459718702314674878207079212660809634814222572109691121560759133106164691929859015328641102578318494720000000,1
wtl,2009,12,817,56,28,0.,149174,761,1.005127583162813543512646623895691807382145888709000000000000,5
camel,2007,12,218108,116606,2570,4,130266,101502,4.52878598213721074112589764661634177202719892749094440177146361998548921145538676422102572800,0
icinga,2002,12,91445,13547,331,1.,86774,77898,12.86384404484262618498291745279580633370132233193745447348403239654780462737012377162262002803001110117938517623954918664858752000000,2
cygwin,2001,12,1236050,45464,999,4.5,1324700,1190586,9.929015517216916872213857572347284621646411246124331224387308152455171180311642839438234642578031104326638431166514555241268463099610715013120,1
fife,2004,12,11537,2607,297,1,10095,8930,8.665236051750145400051790505403470067467310364307986119279194100657664000000,0
hudson,2013,12,81,28,8,2.,303151,53,1.0001748609360647984741648598,7
openlaszlo,2008,12,100626,68744,1311,7.,338940,31882,1.10383054666666868030667134582243130528705895139336906840637580461645677513850106058409043825745172899636641740730571130706726167747081600000,2
xemacs,2008,12,35131,18635,246,2.5,473598,5454,1.01165026145855950168264777507529856028558014039826015422654580294877330720232558150550068000000000,7
fontconfig,2003,12,10206,13042,207,2.,22439,-2836,0.866622771944401863138197460224654360238844142841193025881789443888962351838280484557017393687325042347856982549246805343814316000,1
jpos,2013,12,4373,3581,45,2,88125,670,1.0076610828419028345553940,15
ghostscript,2005,12,746847,231567,1329,11.,1789312,509827,1.398462662706088694875398908828380225389775663386682393392978994445322030017823616582746882071320552452101860377493773548648957915826483144247572480,7
opensips,2008,12,165138,86160,1230,7.5,274662,78978,1.403599681083468865540600990229296103476847645901318813302481794605060509213221521668772619345102697546168919160115510683181278249203200,3
xiphos,2010,12,10155,11701,371,3.,58217,-1546,0.974131151383123801025287477645901039875594134340474940474525043590041120386342299990516768756990083921666051259627751151361164876800000,10
codeblocks,2008,12,177540,147107,751,8.5,488657,30433,1.0693360976811621068216346575634333635211511781036965930480371967079308071788062981068318646209920468283514652216105082570834830868031749120,4
dokuwiki,2005,12,45190,21878,1466,9,32792,23312,3.4590717297202268566659223856351902171223170640519032823419306757106812639631838188174823773412193070362801249740800000,0
sitracker,2011,12,131690,100114,3002,4.,119067,14704,1.140892845169092906801006802050802030846322242422961063095852481233455084233412049299712911783296737052653528180458819553108586689830378904000,5
ntpd,2002,12,778,248,21,0.5,666,530,4.897058823107139765603995690512916708516198993261953920000000,7
topgit,2010,12,1164,422,72,1.,4211,580,1.159735610024685085257103349219508019924333604716070900763101748245854841465560434000000,2
patchutils,2010,12,0,0,0,0.,14241,0,1.000000000000,6
commons-codec,2003,12,4651,2092,135,2.,4997,2559,2.0496308449778090923750926176410780010547468760660357144048290890736688869781077225600000,0
ace,2009,12,16454,16660,818,8.,508037,-206,0.99959304542178394504245427154894054288701447341074548560767723305959393396388869572365205101040493085183012348062894961333356407702376054506250943488000,13
sdl_mixer,2007,12,7111,6678,39,0.,41167,433,1.0106299405864058429432500000000000,8
ndoc,2009,12,0,0,0,0.,81137,0,1.000000000000,8
jokosher,2013,12,0,0,0,0,32898,0,1.000,7
glibc,1997,12,232294,90281,1254,1.,346240,134672,1.63654238820213865262907418071700954689995165517437350594575505641993529811237541813325026781929389675423140558997844290000086020000,8
dssi,2012,12,19,3,1,0.,18503,16,1.000865473035100000000000,8
stripes,2013,12,419,107,11,1,34822,312,1.00904085772248395956335120,8
cygwin,2010,12,26340,9136,534,3.5,1562191,17204,1.01113536877631043284191257348079381231738354188954171195694047988253179672108236246312990108507591367577923381461711634288866085981761243725928082011759928320,10
kmymoney2,2003,12,30922,17561,445,2.,68252,13361,1.24340966642970065887930176833059450029737206131503399610548587454454089170972927277915917099518054751322131697510386235424000,2
clamwin,2011,12,4273,26,8,0.,458887,4247,1.0093414569765434148257255400000000000,6
acpi,2003,12,7373,24,12,0.,14817,7349,1.984592711626339356093329186196096000000000,1
Slick,2013,12,0,0,0,0,72693,0,1.000,7
wine,2007,12,318774,148915,9939,56.5,1522168,169859,1.125606647587046689079862959099415883307561145823969310352640659037509998733763030675727836768089938973013007818138919169550189949801439360,14
linux,2011,12,60812575,43030231,63143,738.5,14417747,755777,1.055319767197032753741975983586117469518810213758030548379763018990651613224090871658541836683814535928841249552318194065317536120988332283469473106000,9
kmeleon,2003,12,10017,1725,218,1.,30511,8292,1.3731941130987091465554343584151200428561995389932945627893829568277315156047462131396858524377775464000,2
GraphicsMagick,2004,12,199937,125846,942,3.,468117,12246,1.02686286252189017536237112095784412730455583478128336461613856616836909175962879106435975593357551814117209649729547537653982423829417742159400000,6
propel,2005,12,207263,127512,3353,4.5,302822,79751,1.357513975397935626228932282931281379972161330359536160854459060860732137194325104600000000,0
synaptic,2004,12,96354,79966,1292,1.,105394,16388,1.18412241867315383710179607126549604673308172295426854501567089193409406943851870424875183016455881032655588506394399029901571505024576000,1
tcllib,1998,12,358,245,2,0.,947,113,1.1354916067155706405530000000,0
Miro,2005,12,180330,99028,1664,3.5,182772,81302,2.995630829873872847060770818153050158735753105684357478034897450529118637568440144000,0
postgis,2013,12,2494,979,95,3,283039,1515,1.00538142396371849730291591303188811360,12
calibre,2011,12,1107624,497025,6976,10.,298790,27494,1.118078550176760940011288490133306818497154040765303253207421618777333828058347415460732240037175511945734529641880750734020415913984,5
MozillaCalendar,2006,12,49239,33130,1048,7.5,103007,16109,1.185378259604204982338691130064390703228286260517757342767793935453321644575426009039769253374618441125523417436663137641652037439040000,8
usbloader-gui,2009,12,461956,395850,939,5.5,80294,66106,5.659289540543189694166732977140224904888560227541901761723460900496435499474914144000,0
libusb,2006,12,225,400,36,0.,4579,-175,0.96134305278987638678540181929165610000000000,6
rxvt,2012,12,0,0,0,0.,41399,0,1.000000000000,14
ilias,2006,12,572204,755205,3316,7.5,786389,-183001,0.749806203403888809163150055940730110102554244830257739695432274360743590667365689162001717904586151545934570051872085662954943789316404000,4
passwordsafe,2002,12,1497,899,29,0.,7469,598,1.0870324552500000000000,1
red5,2008,12,95429,88198,1357,3.,120660,7231,1.06401777730022287059549083027079114301566213357922285490424816167150685690249465933815814128306372674248008749161120387688857600000,2
meego,2004,12,77902,21945,642,1.,107122,55957,2.0936577739325233091672802897592263955208855239059560915127381178699931534853391510718058047946705599109033844702155052633218240000,1
ISTool,2013,12,0,0,0,0,30780,0,1.000,6
dunit,2003,12,12387,2500,46,1.,32581,9887,1.43566581477965822093280038841295675099522868062614776351781326734080000000,3
ScrewTurnWiki,2010,12,22620,28990,394,1.5,196082,-6370,0.967806495306025294068818421094025414061511749727196009026790434855826731024376971054925307817245313613133175245001998138000000,1
sphinxsearch,2008,12,81460,19578,677,2.5,107782,61882,2.348191721251351348698833160513480486764962447466075346382879268078235171890753491041357869920770947426047782788456199072826262753280,5
semantic-forms,2011,12,16361,12037,1482,6.5,23876,4324,1.23074870592437369852796194107752320172402657736260295373367693500336051405791613108789972605343624465984165392004826341926792888320000,4
gobo-eiffel,2001,12,494412,227595,1061,2.5,357667,266817,3.93689598291552269748868549156253385406479473839580329388601310796866706291339119371176472079891262854377606386942556937126060247040,4
acceleo,2009,12,25811,6710,130,2.5,701903,19101,1.027974434760948702299621133093433576368611791406395673002716490448173797355504092629425821768961923684218449343787442250718292736808544906929417158661240441600,3
joe-editor,2013,12,0,0,0,0,123114,0,1.000,12
cppunit,2009,12,36,15,8,0.,104484,21,1.0002010281151727582824935400000000000,9
OpenOLAT,2012,12,468267,463580,1660,3.5,535459,12225,1.0234595382880282655010279589237592709475532650575712420202891748788230743458275659900786639502424976919521287920330427175853417596321792,1
urlrewrite,2011,12,445,339,18,0.,26744,106,1.00397927772400000000000,4
bcfg2,2009,12,8741,15020,571,3.,35556,-6279,0.81755578794032636173988194999219962894007201873780099450603586536655769465079849852445439513312732209391345085800636645314780450871900000,6
qsampler,2010,12,15758,15093,100,1.,16602,665,1.041726799272189104109240182006496360796013636586331071393348382045006752000000,6
iterm,2005,12,794,240,27,0.,25435,554,1.02226598609859649914546674377472291128000000000,3
openobex,2007,12,168,80,10,0.,9716,88,1.00914000830911166409133135445195394720000000000,7
fontmatrix,2009,12,40612,15104,315,2.,116399,25508,1.2806438481401066080797135495883752845537136252663164702421578091946011120488552122876841328355246525742076468756480000,2
kaffeine,2008,12,21141,10274,141,2.5,283006,10867,1.0399477998746967467628614036566106655635587940306112567928752058665262526416290985258227138512630347209386833027911490273954332672000000,1
yii,2009,12,132294,42106,582,1.,243854,90188,1.5869092707142554864751477333993192492174201674410305991327143781108764267241143647001281055726880649097271489113745016979350601024929792000,1
exherbo,2013,12,39469,33933,1732,39,125757,5536,1.0460485272947752968094081065491888,6
cdash,2008,12,26357,12662,1591,2.5,33142,13695,1.704221730807594496789876061835489674901034272714320544497000713983115643333346395852650520313845017971556154247316336479520935901440,1
netbsd,2011,12,1330126,906138,10311,56.,16593889,423988,1.02622081607035639263202944997275102587194551316533820969872342127651722009662095596602813697827074541825344980838028975417569199957753323251124723200,25
keychain,2007,12,4,2,3,0.,1855,2,1.00107933081500000000000,6
hugs,2003,12,65835,29293,729,2.5,106271,36542,1.5240574222732490900409387327969892041702160233832857965694051745072641196351336231211222566099202511983532692679385960301242969151879400,4
swig,2004,12,129983,71272,2862,9.,284102,39143,1.1597940879817847134590609537075004501647364853541857910370445844813149362154954042466088010396344033941833692347561371265335575892582400000,5
denyhosts,2012,12,0,0,0,0.,2089,0,1.000000000000,1
heimdal,2002,12,7502,4470,487,2.,146182,3032,1.02118057981129710351935777505859961078476858161405383923331634286226986987560672091795950323420157724538487985249920529731417755069233535874795648000,10
apache_zeta_components,2009,12,524655,368601,2318,5.,1234453,156054,1.144790997866550618688810391379809395806118985623155791662367548332188865183286322224271106862435740642253160565739215059141346404909875200000,4
openlayers,2008,12,75450,57315,978,7.,56776,18135,1.46932015216459375611966745852445508470121872430172408765355745555278160017921566017791885934383430340917550466181580628643491640281850000,2
formencode,2010,12,1483,1515,60,0.,26719,-7,0.999738014147200000000000,5
commons-io,2011,12,1860,268,103,1.5,25786,1592,1.06580143837310253264078257116461607699553727784571258351547103483055667497337634212936416349814526465100177900000,4
jabberlang,2006,12,39,1,2,0,1124,38,1.03499079190000000,0
bochs,2007,12,75654,66391,473,2.,284346,9263,1.03367347309378675411077810047683688332838726796382619699763996370679218488676596269535664591695026429381881696893279796089934599393056411637980467200,6
Slick,2009,12,5756,3155,166,1.,67364,2601,1.04016182079480192202913450882383254518751927266825448821832919734198756468787825227305175655304673386604177270665739816960000,3
asdf,2005,12,83,28,11,0.,1479,55,1.0386779184290027604497686381462501514114742105600000000,4
jython,2008,12,763786,338249,3117,8.,588734,260952,1.79611449074672780103027319728532193903058208513018602044563239622824205861790728563867304168051865412977407852881190135869350604119520000,10
kettle,2007,12,1390413,1278632,2948,9.,561166,111781,1.5113284449698699427784787178414057078596692970831134552960544933386879460475913795835268552384415801614067697430890789622087037440,2
jasperreports,2013,12,12784,3405,106,3,344778,9379,1.02796370889369234287429996446065603,9
libvorbis,2002,12,135814,66750,412,2.,117724,69064,2.419434396591240194808253615593114314213370734880522558580176488451133467033278287933942146569532755517718549482596620162093611000000,3
xemacs,2013,12,573,117,20,2,458761,456,1.0009949705982158589738763038805641075000,12
genshi,2011,12,906,519,19,0.,17024,387,1.0232614053033083909395887337554594727246996818188722881783804800000000,5
autofac,2009,12,25552,20395,205,2.,19977,4860,1.334549459626187652564761199086602918150104796979405319301634783637513871517722733805981902863860653067178787301507105000000,2
wayland,2010,12,22134,16904,301,1.,11136,5194,1.8741164591599672781238547419528579195683903405032007459883766367206261313656448286086015028576382164792744345600000,9
junit,2011,12,9861,3006,224,3.,23768,2526,1.118915356360892579770789244467009572912176004774149549366437323066707429013388823236112590757798004593393664000,10
wireshark,2011,12,359311,209383,4663,15.,2255665,149928,1.0711997747097665993104444289728297530206746596182325713905523948208848207240384947560096953376146518536120131618830647737901334762260045816000,13
xampp,2013,12,0,0,0,0,136743,0,1.000,5
cscope,2007,12,2,1,1,0.,23688,1,1.0000422172499700000000000,7
xiphos,2012,12,175765,3840,34,0.,230360,171925,3.951704837984418672497973352863462659721666802080000000000,12
openbox,2011,12,1917,1694,80,1.,44165,223,1.0050748714221053451219676969832295752422196218082144150284290000000000,9
dolibarr,2013,12,65687,46291,2149,11,568455,6404,1.0113939838164708340560643243522137696,11
openoffice,2003,12,1742407,262381,13489,16.,4682450,1480026,1.46215804032254642140872458899132392845467466945661997460689236961584598406408406143447168532994051401747276863408588622316211813390922240,3
tapestry,2008,12,735231,701878,1682,5.5,622326,33353,1.0566290814781646734122086400899721164267530659595364790107258635983577586447861167760869867241845088979991945982690654971521843178224239568000,2
coreutils,1992,12,23089,1793,33,1.,29660,21296,3.557770838663591443680,0
valgrind,2009,12,146624,107378,1330,4.,373000,39246,1.117589601928356167544994861081416153583284811297439643294354244410776603746200161049050464904439110141016638293800399880017194431988605558080000,7
joe-editor,2010,12,45722,3509,37,0.,123114,42179,1.52114659914764593706270000000000,9
xfardic,2012,12,0,0,0,0.,16084,0,1.000000000000,5
oradev,2009,12,0,0,0,0.,5805,0,1.000000000000,1
upp,2008,12,607852,203874,416,4.5,956530,403978,1.86511038281983947983241636268115615196620369185533083017693037832000,0
osm,2008,12,1627610,1157859,5134,33.5,754162,471550,2.66854202951048649873690959972618733437567936304209478314227603004534404778222924298572488408185157343762283502451256088319274915840000,4
sox,2012,12,4974,3192,229,2.,53827,1464,1.0279586731072399305946534742850123899959513535896274207433110169361236496511526839770642703828590902954521791456697034816198963917580288000,13
wordpress-plugins,2013,12,31033,16065,53,3,182023,14968,1.0895992337834974590076545627996090,8
gnome-terminal,2008,12,33561,33502,681,1.5,27894,59,1.00211963357865640441553746780995031253096006495741654163368590088448486364891120575496013278288738315651440717637929247219889305073025024,6
quattor,2009,12,64728,42264,1058,8.,89576,18519,1.2606217543621404368833706329354241561121573672376271249845275154344265612008315012842911966713441628089407675400669148847413828647360000000,1
blazeblogger,2010,12,538,513,67,1.,3278,25,1.00769230769462848203198040976529094232154498460773857541233257690382510083357083853440000000,1
sonar-plugins,2009,12,134975,94525,1166,7.,69252,40450,2.4044163602184252151144878776875889248183677172902673211765466818654661248829415200592944691977950244480,0
j-wings,2001,12,14754,8491,221,3.,33980,6263,1.22596240573220859183276022147012138959101293320058594891655829536520990938349452081185332245152303217552875359226190793600000,1
ffdshow,2010,12,605055,290363,731,4.5,1684822,314692,1.2435302648584792438262978938436146585694980189234268635625651181193828393318446951378696406086572256902438288477694759041608770279570208358400,8
pisg,2004,12,3867,627,106,1.,10345,3240,1.456016889548439623058844754818935640271800494107177014639018050485406286404263196638591797678186298000000,3
projecthamster,2010,12,26188,24777,605,3.,12096,1411,1.13205428176051860087858055191429094232087614032751857181319575609377507175708417746930458692499045378914784119728968836377600,3
ffmpeg,2001,12,58249,25396,369,1.5,42571,32853,4.380633876192084184836255605194673563090291036152956841010272000000000,0
sunpinyin,2009,12,18399,9483,205,3.5,26512,6669,1.3360882931004197712581503624644500,0
mailman,2007,12,54481,59177,270,2.,123867,1322,1.0115100647804828725920062894366567535455359681392434089279945607374921001490115359511625608462584067024027194123179514617009978443329072000000,10
mondrian,2011,12,187944,138530,801,3.,1058162,33559,1.032753173669180856762092918869800828331623298572933054549926363608851813675726379744147016932025769881123552879141837527318197047594154601832160000,9
Coccinella,2009,12,3062,2752,85,1.,145001,310,1.0021424967686441026957012987437420692232130095185461808270583289901350640949605662171508996807363783519558901657405849600000,6
typo3,2004,12,210370,215135,726,4.,147146,-4765,0.95239237074562249072651773792144033071927361717154191200167337838119762443096582625903645359873808570752097139959094671485440,1
sugarcrm,2012,12,1691975,849497,76,1.,893596,34374,1.0400059588793072639003182518534509446150431330603108448628607747548048840719088962912702545968275713813616379075121258154332025498800,1
riak,2010,12,470295,577443,3631,9.5,72128,-25365,0.5634702094681664610188623675663929346259252137582187827489050327711129094768655261023416112944247815544263351356518200814080,1
kde,2006,12,7640819,6687994,89967,202.5,8631727,767051,1.097531163396645532999863380293535389909817928712971473638883767167452902218054896884087466049598539376492259096441035177549976604721152000,9
ankhsvn,2011,12,14624,11470,203,1.,118094,3154,1.0274404036840631997832562888118152131270986451329805990060376113580039525062385157370540329021462278256949915969703635084800000,8
vlc,2004,12,206139,140614,3569,16.,283321,65525,1.3008549284593670225820112670608178287269966273844742427047779752900834178382753784372733387045333244888397894321539677153425926400000,5
egroupware,2006,12,237080,111557,3480,6.5,689274,125523,1.22402020274377581762136334879794772224819089601121684130378212232383894759006884050801850164307774891762349950547000642804193777311976960000,6
eclipse-gef,2009,12,12041,6622,270,2.5,225458,5419,1.024627564334436763558746093259188890012746387212265164772992429703283362602746502242558868038219367491989263828324000,7
graphviz,2006,12,37111,26680,1088,3.,233610,10431,1.046738268384795899124445427145786365224270293658511184027444077886205472544515142489453932688817824030879148638063554289047386379747733174136320000,1
fop,2000,12,98456,21760,655,4.,88623,76696,7.4304519157356056270654955130247073845854239753123765046142208733628083975690346251853257567157233436016206523109839539361600000,1
CanooWebTest,2002,12,69751,33177,646,2.,56886,36574,2.80061047702604152530459296209801624122945864617770545445722371556873376567428928463348115036325944630048806400000,1
classpath,2008,12,45300,12599,345,4.5,785098,32701,1.043462427411349353263224539155671172003673673580248041350708130321923348800968081620527088489632248533418278829725343997094277863877625175925385655703153600,10
synfig,2007,12,4226699,5448515,2193,2.,7918468,-1221816,0.83005065164445089945276823708623107007160799474552515140751549455248841288453389858713693571155123702304589265021968311374608502573123301140434312908800,2
objectify-appengine,2011,12,90150,49580,174,1.,81782,40570,1.98442201297785561015696534972476725357019100482522923454620363762533214939217851107162717809101715552887327680000,2
monodevelop,2010,12,495696,288384,4818,6.5,1005351,200906,1.24974485513244298229329604514676542021004878874469491186438155573315509395567659644275752047612527503375260877116497446443157694317723648000,6
sdl_image,2009,12,11027,6551,67,1.,23446,4476,1.2363002851258981063313332507074232974745309303372645592495874697596648389338175775000000,9
stgit,2007,12,7885,4129,430,3.,9322,3756,1.6748113546431363118225015944481638657238538710979170069344743020513458314212798538919681160849090092085923027201997979452654162608000,2
poi,2011,12,120270,46611,1083,3.,366456,73659,1.25157020050830857901955815989482788870196997198162967315648170121019716097655793766300015909260740071439066973532280529126815788800000000,9
s2putty,2009,12,4274,509,29,1,123436,3689,1.030806617280050828751286936232505936833757393925440000000,0
netsnmp,2003,12,74415,46256,1068,4.,195525,25662,1.15107468960741378391178050685198240615909205013431361565512668437157693350094890250818911711470297539219648295673074640311266041087131648000,9
redmine,2007,12,43239,18761,1307,1.,48101,24478,2.03619354015986349161650845205029137900581284768271641806151724070787082058676061873854925129825559987020668658372003356966912000,1
bitten,2010,12,4505,680,87,1.,15246,3825,1.3349093774353969430173039922483749846940414440620866868201654325182465333401207220703764985723446549735014400000,5
putty,2005,12,12208,4834,383,3.,83121,7374,1.09735039011092037380500839457688260361563287187165502466036684722325754884622573319706059660516738725496592005511705282535216829262821335639125364800,6
scite,2006,12,2986,826,375,1.,85760,2160,1.025837320574879804691561978520942967723794280720927097855784082013038836667385937308590831713481098393400392708837743320348307168208555658703192000000,6
pcb,2010,12,13803,6847,318,3.5,139178,6189,1.04653768356569777590285981525852825237813291326158104236269820862946047768080545500008683296618305694423327597169628412578324258739200,7
keychain,2013,12,0,0,0,0,1114,0,1.000,12
boto,2009,12,7781,1707,386,3.,16302,5867,1.5622424532714851474764101498930363988049954025766102639292310263795482672478515548196184292094634792599330605412754129216588379061370880,3
nautilus,2004,12,23730,44770,357,6.5,106285,-21040,0.8104333723744550079054395245828802324803490236549545560461653423984023319253067536080489070585768186921580934220103092061574027599001600000000,7
openvpn,2013,12,138,93,14,2,381128,45,1.000118105586432895982925180,11
emacs,2012,12,708947,485882,6144,43.5,1680102,42997,1.0262640453727941631021182560743318489822962763006415715176301475767596984195034574108011056060861400437397848368809670293214600072657637774125440000,27
velocity,2003,12,5149,3596,155,1.,78567,1553,1.02016516477631843673154339441652527682839167384775776168192496143165911003158894988165456029201647183591009024000000,3
ghostscript,2010,12,1831745,554807,2363,19.5,3906922,815324,1.263722515012353418985500481936504339660779451510428777924955297520308131237940305924526460246538935597513987415185781755266761434716149960507392,12
rome,2009,12,219978,56603,74,0.,1133359,163375,1.1684306132369362373600000000000,5
xmoto,2012,12,40433,3834,17,0.,846802,36599,1.045172629575173335776814880187242774080000000000,5
ufraw,2013,12,1528,434,67,2,37087,1094,1.030394798987141321266081884775528383,8
south,2009,12,12618,7657,406,2.,5518,3893,3.4530560808281096977129401318684138417400503160806851734213955349012812513387713332555923817882933074448115416512232960,1
maven-license-plugin,2012,12,0,0,0,0.,5129,0,1.000000000000,4
apt,2003,12,0,0,0,0.,2,0,1.00000000,0
freeplane,2011,12,502302,381892,2677,5.,374808,122452,1.4852351439643168860725975771636522572175152518997272942444956897563578179343655370067428286103987783112084448932012482960253225760000,2
jdownloader,2009,12,580231,419017,4533,11.5,345271,161214,1.87589170746517369974933732895834670866118005453219318373774617595864945160956949909217753344797583425067188055885886479623954876160000,2
axiscommerce,2013,12,0,0,0,0,458305,0,1.000,5
gzip,2003,12,0,0,0,0.,18671,0,1.000000000000,10
quantaplus,2011,12,250,2262,25,1.,173509,-993,0.9942766900483596891965096263343648876999860087442212091080420962131250000000,11
groff,2011,12,3255,231,37,1.,173438,3024,1.017745854018034733605331736892851898003760716211139265240672313707136126520706202823110782936245830227852800000,11
pyopengl,2002,12,69,52,11,0.,153493,17,1.000110766504199703707131834299128763984675000000000,3
acceleo-eclipse,2011,12,130913,93884,1022,2.,417602,30238,1.0780754572742231469657901822333462215939962449073443102322458817672650287221674196009280566827069157104556419132802634222356348903829583968000,2
zsnes,2007,12,28174,50672,895,3.,134418,-22498,0.837853420872752993519856123139683042033175461577554580609915163566324407577830171322595835399640568771917107551953277694094863360000,6
maven-overview-plugin,2008,12,4418,1048,104,1,4292,3370,4.65509761386284091874992498858382146938926952253742676606829280974522140979992316288000000,0
grisbi,2004,12,149396,164431,1637,5.5,171231,-15035,0.90830360141562337748201111171837576475395959623927712239424309903584798280035274822223878722306258311852419376051874111037564488679764633600,2
cvsnt,2005,12,331463,148132,110,1.,502880,183331,1.573717958731010631703625090147613990859484125011634278632997023590084427427840000000,5
pgadmin,2004,12,595723,802789,386,2.,387470,-207066,0.43651216959338482093795594710253764201400716875464972020772902325692057279779899116364816137600902971889331746059643207699220000000,2
cairo,2011,12,65600,34698,960,7.5,241646,30902,1.1466328815987486302341658116597739789293813304746230213997101555980834938809656367294575586282938873372898646447812861087747209977460372362444800,9
mephisto,2008,12,109765,89667,303,1.5,172733,20098,1.131673600409111577773954552142068834611982541549227420433619869783405234139284174632949057913730035335091033669632000000,2
nunit,2005,12,62343,51858,705,3.,160302,10485,1.0701014247765730468560841647051973239382023825748193514262430600711464470321805657055443005803065649084371131903628788968685071417060601600,5
rxvt,2013,12,0,0,0,0,41399,0,1.000,15
nhibernate,2003,12,18042,3777,145,0.,22916,14265,2.648942318867609005598865681738180000000,0
libcurl,2004,12,19234,13800,1395,1.5,40242,5434,1.15694769372017462395335415856152005903786947906137582555504934139511322155701214280736393549823904524467276159532933514439277376384793600,4
openredalert,2011,12,0,0,0,0.,35249,0,1.000000000000,3
djbdns,2011,12,2,2,2,0.,3502,0,1.000000000000,8
freedroid,2007,12,4672,6078,156,2,102380,-1406,0.98645289345,0
lilypond,2003,12,191920,178656,7599,3.5,917257,11763,1.01307220774996551245750969920429081911061919420268030770417071029678402952350332458023850789018598053870030757223649084034334867821884175876064000,7
miranda,2006,12,576974,464032,1918,6.,463921,112942,1.321791332282504527702959845156644630925364159603376348195689745184362797476327890201649845190461550717471302307390974312821898472891351040,5
courier,2013,12,0,0,0,0,180941,0,1.000,15
enigmail,2001,12,3791,1629,65,1,2634,2162,5.5805084740696735716052452089614222304746968182581116731436000000,0
krita,2005,12,599700,442942,4298,24.5,694524,133048,1.2369611524002983423564726566470765246629505609553259082698823675065044427807098483259755055673208162118805495251502823325079586136064000000,7
bmpx,2006,12,427420,280206,2676,2.,155927,147214,29.1372324225458358478765358684235836880512196168837587659574163710980382699226449588415480231422488556128293044473720988605440000,1
com,2006,12,12003,9642,138,1.,20777,2361,1.12845484223359394859318553459722813648900433375888878098439593161005120968331234724501712134187519361131978735616000,2
torcs,2006,12,11717,4185,102,1.,326375,7532,1.02362291159382939911584979456953928972793827438453998004886645467043413318824648669721274058036275288342057249416618310133699500,5
layman,2010,12,32496,4345,183,1.,3652,-433,0.8662754787385709476791673966411794493088805657060915623216235222348592822617292800000,3
pylons,2009,12,56093,38198,1047,5.,41505,18345,1.8381304824548654193100239618677682314825586007259021900690359236320492776349849264058850267500343039169834397875183269302339072000000,3
zikula,2011,12,475937,379419,3626,9.,344144,64934,1.33052020764568433790798239986083397911493387710593047542729726716424152052137924208716215398113872127559487931624874613587510888288000,1
cinepaint,2004,12,77903,5940,67,1.,374124,71963,1.2381611128010561174921017460990688328069277143472697293155200000,0
kmobiletools,2006,12,13289,6263,450,1.5,21340,7026,1.4912256170668490122209064573591986198781130554043342720620184895146560360832402793511628515265023690027756440000000,2
libpng,2012,12,59237,52894,1547,2.,373736,5887,1.0160379877195702008509870207764834356022735523680753912840659485901312206830949432253707588540691858240010272595286656214114304000000000,17
gentoo,2013,12,112502,91327,1779,64,6739616,14960,1.0022264230584531271038453764016005685,13
grails,2009,12,2028699,1116991,4686,5.5,2293227,704534,1.44346768072522961944604398145989981590233429384335766424821117418926071601690508756030880645592603960231894611079135530794240000,4
SHR,2013,12,108,1161,7,1,108452,-526,0.9951498833577310588587809300,5
pdfcreator,2010,12,50986,52923,126,1.,62212,-1937,0.96839253952872403901121048673281891295790554967059462820467815562199879651260663420667160606327889125580914801249769881600,6
sword,2011,12,15926,26182,122,2.,623405,-10256,0.98348666986973009435691447548104640027148979588315346976949296920973187118514187482593995873997400494998593215641620991348370403725709546741348180607747719168,12
servicemix,2009,12,109281,31942,1409,5.,232698,77339,1.5035550114943171693530906320255334956503735535412007076493931952692560612499465582379578040639491651379509919354551661551251014762400000,1
strawberry-perl,2009,12,63320,51443,714,2.5,14114,11877,7.0876473598997041495928409617519595715939954344251440530426377853717968697314956507274975143945714371304858521600000000,2
YaST,2013,12,315,104,29,5.5,435028,106,1.000243729708303992415976035,13
avidemux,2007,12,2891408,1700792,3005,2.5,5577068,1190387,1.27136393093023181015745276037727446089136729585344536456063986992331997338655697348070622632659368230141724554546292353805879298390932544000000,3
vi,2009,12,0,0,0,0.,18135,0,1.000000000000,4
chiliproject,2007,12,43239,18761,1307,1.,48101,24478,2.03619354015986349161650845205029137900581284768271641806151724070787082058676061873854925129825559987020668658372003356966912000,1
mdadm,2011,12,9387,4185,613,6.5,36766,5202,1.164808009134369252162263041740726856927435297232710218032235465265372253191802700240966559345767385832817494014446841246243680621338431488000,10
fengoffice,2009,12,413626,349417,1556,5.,318696,64209,1.28034947086031716135857868596307229789666426101571429306657419587710859773791046570280805258028420762460988119475851967697255412000000,2
pdfbox,2008,12,136517,138437,69,1,45800,-1920,0.95807860227348895495670215028313260415736823895509113609844528715974141616504000,0
kalzium,2008,12,24500,5140,272,5.,34781,19576,2.287471226629148057282873577623907153756627248414671765419155238451669450457187028756981508481099776756775119224569968903803316618471712030720,6
facebook-pidgin,2013,12,0,0,0,0,6037,0,1.000,5
ogreal,2013,12,0,0,0,0,10046,0,1.000,6
jna,2010,12,196725,228953,290,2.5,124953,14972,1.1361326047259741052316165479991254214504172193073413011064504582964639107699807237099438412178228505929632044881839275553701096032496000,3
fldigi,2010,12,35502,9614,334,2.5,129812,25888,1.249105115277112905824244782707381089507494564112145376808474233572906766468953804802680207789618187695851822924675641890697327555127875320320,3
scilab,2003,12,163446,88644,1101,3.5,989134,74802,1.0818105458542498680793899490781452444928821511341156614331710634801193651232074975108906069246565322017000132934434848044336815509685653827584000,2
sudo,2011,12,69874,53635,1164,1.,85435,8900,1.11628666623076779930352074539717803022678970293108909896048228598946427172121938933543131931890623105836832796455105150864464363520000,18
ioquake3,2005,12,92039,176566,484,5.,278578,-84527,0.73900222626039255524354850158557472057441520,0
jinput,2008,12,224,1,5,0.,12714,223,1.0178528540500000000000,5
thousand-parsec,2008,12,69460,38662,1015,3.5,97333,19644,1.25285432944553628933461864953110438849710413040160719854077206991294948019819029763450880019728331625307271397239441980373870600394110501600,5
gnome-planner,2013,12,203,240,19,0,88888,-37,0.999583745837500,9
devhelp,2009,12,1065,829,80,1.,8734,236,1.027771240299777070964112818515526383162642367083814683008000000000,8
shell-fm,2012,12,1690,1078,20,0.5,5631,553,1.108901142180336768229135739169507702897078602967048722213573007329836800000000,6
commons-configuration,2006,12,16624,2383,179,1.5,59794,14241,1.312624854568203592251861802924317837568995735013347742938677000636256585901505127884329144663550943363927090279408927633342362220183936000,2
solrnet,2007,12,8449,407,8,0.5,11995,8042,3.0344042500,0
ninesixtygridsystem,2013,12,16,12,3,1,6718,4,1.000595770032800,3
flamerobin,2005,12,43611,21832,803,2.5,42619,21779,2.045057581620545024127773889072096483719165134075209591565783069102409905616470741648311891016550738063633480994609737525195897336094720,1
config,2010,12,77,41,16,1.,2948,36,1.01236263736290537395592593648620439470666999190900918828553700000000,18
bioperl,1999,12,31001,6222,209,4.,37220,24779,2.99172092272055336483089078051603616395969329629900884575853248739021420080156902693411149354740758837786573622515080745893536278088000,0
easytag,2011,12,387,90,34,0.,48168,240,1.005007511267292701884513518861461867000000000000,1
php-doc-translations,2003,12,452466,191440,3421,26.,1056735,261026,1.32804203547107371414719880154392458593911411794507612684159386507195401956462529591564450024970159307631327584049143269445123567580800,3
openchange,2010,12,43889,22854,562,2.,94565,21035,1.296756627147736785709246034058856765719343112455406177697400204472254054813481489333491864012953795289388547795352720927745369546760000000,4
sudo,1999,12,41674,28570,410,1.,23058,13104,2.4828561728949806634201659831590593601814288857666436044730776026944664969304299590975848091105577879898030168402546015781521635195340800,6
pango,1999,12,0,0,0,0.,86,0,1.000000000000,2
jaxen,2008,12,32487,205,29,0.,64442,32282,2.0037935323329091787607832305725792329847040413916592568816640000000,7
rails_vim,2006,12,6459,3405,104,1,3606,3054,6.53260869534817798088727467090209668448914744528966392296620374400,0
kolibrios,2005,12,42,64,3,1.5,3921,-22,0.9944204920110,0
maven1,2009,12,0,0,0,0.,31552,0,1.000000000000,7
pacemaker,2005,12,48676,30135,1873,7.,43170,15195,1.543163538874127080453672879972934786142359259028017368707061815936399150128336629940916184561136000000,2
apache-james,2000,12,15347,0,15,0.,21362,15347,3.55145469696161016250000000000,1
subclipse,2013,12,103,113,13,1,141966,-10,0.999929529822928202244007750,10
rapidsvn,2007,12,3934,2427,65,1.,45279,1507,1.0344284017189157957000112904436101298546305993307236519053211306117865334188284994538148030080000000,5
unixodbc,2003,12,44794,10650,108,1.,287306,34144,1.13487016219136782005092193941764646074931314973684349565951702017717003412490880072597708358420227352496803219310348245970464214140436398541629440000,2
kolab,2010,12,33772,27173,534,2.,20512,7276,1.5497129041731838013320828002825876132662473475060349384955030633446170473327203734123096913486931552809778525125882505457400820416000000000,8
opentk,2011,12,15305,13819,69,1.,856247,1486,1.001738497661982967794743019536927340679015006206214172555399200688285647526782611711195978554580547322256000000000,4
MediaPortal,2005,12,720721,330071,6215,8.,644358,390650,2.5397622460906939534129761599412084126949416101377929069854047480349450966191851928089639699238757559196119016859155947820766822400,1
scriptaculous,2009,12,1226,729,5,0.,27517,497,1.01839378238107704836850000000000000,4
codeconform,2010,12,62875,12063,1193,1,138978,49802,1.5584686462932683354902290151133213480009053500103441373717344326160277576715059524068752973443228687298306364800000,0
itext,2001,12,93139,57756,552,1.,65039,35383,2.1931143785343529222451514698215065339781657547080440393562598544061449872108905568970861864590077794191081687289180250413348244320,0
j-wings,2012,12,10,2,3,0.,690899,8,1.000011579250561421926223962149553010179690155000000000,12
DAV,2007,12,94471,34445,337,1.,89125,60026,3.06282002764580455288775147948937525063935528608044817374818667967303190656888381269725696259226683243108492922154524112578471604551680,1
kdevelop,2008,12,332783,239663,4381,14.,231527,92069,1.66019159889257388695047518844751813606462087625852777799536732506738630867352165263458413229727975754204581782857652933152540094341120,9
structuremap,2008,12,105216,125410,514,1.5,191654,-20194,0.892678726998246766769160901524339116916835486738868026125089062692132991805751032264892323759730452299772879331655386702124800,2
gcc,2009,12,715460,560660,7359,76.,5079746,154800,1.0314318167072050467308793855261671439090285833986175082792947405820977796898610534636521271101518987605508192567103963580687162477227749807360,21
n2cms,2007,12,133365,77455,701,1.,93495,55910,2.48756152729201503212119105516580257965596821111848203511296614917275274042362633210546331709043799116713741275782197243513036800,1
restlet,2012,12,214048,151728,434,4.,270949,28462,1.1173753644512310800987439411757753030743066932558259882705917738000442925599781025092847936964292478120504509072497437314870272000000,7
topcased,2009,12,1882299,1713453,2201,12.,3024058,168846,1.05915800589681997546295419662743251704222095009299386851571938591095094630982365715023046320879656929117328471164379379164555079278331553177600,5
sqlyog,2011,12,43181,83995,67,1.,193476,-40814,0.801342425609962570068404918626606931085069387118643203285089238320767602302539581992434915496938183577670550188800000,5
xinetd,2006,12,0,0,0,0.,31276,0,1.000000000000,3
iolanguage,2008,12,267816,212641,612,5.,183098,13955,1.0882133555886751308787368333103887489326090476226732229433426070631192468990093128246957109883203713565640375293542400,1
fbc,2013,12,69266,20910,570,2,1062886,46768,1.0460261505042866232244529379669095,8
freeciv,2007,12,99730,116026,730,4.,274044,-16296,0.94053943604400591262016235412002525466871030714571104781714903685418879005708091496093958447473359331027385025443311321063675198240119598305280,9
mono,2007,12,725623,316292,9510,39.,2948498,404352,1.1589342749983377929624830272819052342504033069915853489969211563959977566186645754681292741076531163245355800090089488628179686522880000,6
udev,2010,12,4950,3643,291,5.,23513,1307,1.058857966313267155963955355187642837776326123524824217349662088567411002615404233738172654181440600123322110543041050801055359001758486050000,7
supertux,2003,12,3048,1282,55,0.,5161,1766,1.52017673050000000,0
ffdshow,2013,12,28,10,3,1,1530985,18,1.0000117572749800,11
wxmaxima,2008,12,6582,6775,207,1.,20142,-133,0.993378802211188025883468669556175357747851647220520004873225933302350689353036704724579636396158068576146740342163207622021987891744000000,3
tcltk,2004,12,168695,202235,2373,13.,763528,-34748,0.95428989373418977881328126897084175762722305484840408393349706724212347524899026990013618665581233960157604711179903052246863930004491438706160,6
cdrdao,2003,12,429,617,8,0.,56531,-188,0.996674332213409310036161171860635558384000000000,3
caucho_resin,2007,12,310168,200671,1790,5.,705339,109497,1.18398868144528912566573959892420678832351867157807806695415289625523257075806821669964122105670870384822922140750963494894891956123960000000,2
unicorn,2009,12,18428,16973,729,1.,7973,1484,1.2454515381623646912465224505771035098648385940085579290429909601610325931567650780857764594947281993500744963544412016146084096000,3
binutils,2008,12,695223,567311,2157,21.5,2517137,127912,1.06495688823938835629213188030181615708158894021495494558741649597348633469732022493422210350665919378508006530628740372080487496908126737500,9
ratpoison,2010,12,52,35,9,0.,14786,17,1.001151059652023205534314764604339125684643840888710000000000,10
freebsd,2010,12,516554,277915,6944,72.,3932361,238639,1.064606648795764593973500920131280263785419239220161420888093210310053206117686207952222130084408974686219437895899451134331493085164404156252160,17
tomboy,2012,12,1068,233,94,3.,44132,721,1.01660869364869057855830785144120094430569144355320853750245408304702246924271425806998960706855458996258194336033387233567741462269894400000,8
freetype,2003,12,63960,27923,383,3.,245769,36037,1.171824042113470782616090416114692232062009904135114062881322362106786277347961396888264525176150330698871465353639714449101045918879626249479360000,6
silverstripe,2008,12,68746,60219,3523,7.5,76972,8527,1.1245817809153512753342288108855629699988635356359201818373118978685497613299675692517172230929818852647350273631949458163318010547200,1
luntbuild,2010,12,0,0,0,0.,147106,0,1.00,4
hugs,2006,12,1902,2450,159,2.,82568,-548,0.99330613441448295708258010780732496831311787180145203365877743258291487629629482272826295369794202288999697813758097163922090393600,7
freeorion,2011,12,26496,146224,470,1.,112419,-119728,0.48205571901859889148753701681006674430291342730075184208109801663476839405977354408987464166008734118400000,8
log4perl,2004,12,2728,1389,132,1.,9243,1339,1.16940789475189752063037082923014265793224543512295708948240637790178493742123289024166382292584966129686179357004757180669791876100490080,2
apache_zeta_components,2011,12,11678,10991,80,1.,1120926,687,1.00061444069741154736959128836753752111842720327614836886602546239072237931857345056929991250400000,6
freemarker,2001,12,62614,50158,406,2.,49129,12456,1.5589159113701084560735100776339479084682182328181233121745088739958081964440092500783902948006105872422500000,1
openfrag,2013,12,0,0,0,0,952262,0,1.000,6
vba,2006,12,70292,10480,118,1.,179726,59812,1.498790800026894820732639175946934049170824026719202736206567223103222321861903500000000,4
openapc,2010,12,13211,406,51,2,16120,12778,4.823459007,0
redcloth,2013,12,2,0,2,0,2008,1,1.000498256103600,10
vip,2008,12,22,20,4,0.,375,2,1.00536193029500000000000,3
merkaartor,2011,12,66326,52362,316,1.,556440,17022,1.031686758647476096737048989414368700112137886708067487786751934569659840656599529864560000000,4
vim,2008,12,105771,64814,1014,2.,1678501,40957,1.02501123633610658696430113606487267648672146440706313627962368575416783359363723446351864993127373782431395915915398312660189368868873552607544410422500,8
gwenview,2008,12,24315,14882,1151,4.5,19978,9433,1.89454717872179758128234510392652060133948397196431658324099695496720500350400728245548912476995443468286677996637249391929015140352,1
aolserver,2002,12,99377,424572,710,3.5,473669,-325195,0.30908801192807996756940999612230315908972968854480548687657496071733897265244043570926129066376706465348612633066688341153409484488182988800,2
scrapy,2012,12,5575,10292,287,4.,20479,-2488,0.877775594468149265356160409523214381846545803500138305945507049363733839895252875075859044309808262421617779922461601782998630400,4
autoconf,1992,12,148,60,24,2,584,88,1.177419354850900785832520061246890099974532540203225012189076417871502281427429268840139118080,0
esb,2012,12,13388239,9568860,15623,78.5,6600032,3819379,2.37355470097517504988648219523806202249866885072093050789360456237125675740887176582108800,2
tmux,2009,12,70229,36172,1768,2.,26333,10663,1.6804722399960633234298569958298661601826916650665066741000590431455830860027426985123057210229101907533410965051611773501622547592966400,2
fop,1999,12,487,78,15,2,11927,409,1.03550963709,0
Guake,2012,12,129,273,25,0.,4871,-151,0.969000205301550033639500000000000,5
psycopg,2005,12,7714,2836,338,1.,17220,4878,1.395235780263203302910078574419939718473685817043296981742293614901496322072833902988548217321896375459147216808620583963568125264885760000,1
openrc,2007,12,9912,8421,553,2.,13379,1491,1.1254205922030928132573177653148519351573702210261856192232672892482258969593431706834401152,0
roundcube,2011,12,97411,98580,1831,3.,136174,-1169,0.99121481980420596124982218074411036650054943202087921067093365677662793897810256126593835517788883263165688445860816137390111710851635200,6
xvidcap,2013,12,0,0,0,0,277145,0,1.000,10
openkomodo,2011,12,409709,161986,2036,3.,1883707,247723,1.151424091740378508993024251542624086411301292083682046377445401860088914951212409237025902437715498501869681788714387239751333898589817883104000,4
bacula,2011,12,80159,70632,1157,4.5,347275,9494,1.028106968719178090739795207482247811491142167207094037885777459170202275113817573203462321470766115018475969154094414674504479436000000,9
mutt,2011,12,319,241,38,1.,92976,78,1.00083963056256157302252965575473859994684776017826534718136453880687989509227375998387024000000000,13
coreboot,2008,12,106753,27591,806,14.,323834,79162,1.323543356002803149578773562005699446463189540760013558206895398131824975375514649130376064559565864238529177357221062973498836943205760,5
libglade,2000,12,920,360,63,2.,11874,560,1.04949619939823412871296975670219400167257057851345066234466395953218001022681575234363550703522138452893497264501983790336000,2
epiphany,2004,12,41061,26768,1269,7.,76152,14293,1.231057728060850747477778885185646544260192012796023385647829562921166359059437927178213972542180501991733924079103445582352569651200000,1
anyedittools,2010,12,868,508,33,0.,742,360,1.9972299169914430833033655638600000000000,1
infrarecorder,2011,12,14594,13786,41,0.,153675,808,1.00528564045843170257336517538515655752000000000,5
kvm,2006,12,11418127,7110737,34523,457.,5440059,689207,1.14507018952284001195489796793111740583312874395278200729564784018039740986095689422219676005514496437968872433090653297252552685283799040000,1
l2jfree,2008,12,2919317,3427939,2939,9.,823187,-508622,0.618096889306233016704706213641298703237192350108383934856226732716473343640105774691453692898875011953882143535612627319315252732651520,2
libphobos,2010,12,87254,53378,1122,7.,150292,33876,1.2909909290843554350699993826314639879177672006079749135506270676493617502946020587025092727666817189498931821642660948190463800314637990912,3
freecol,2010,12,69010,65243,1466,4.,119173,3767,1.0335955336767055508616696202954207488783490985919582670443491592772218154694283616385056263821451281876916824400744703017201831192187699200,6
Miro,2013,12,1578,1837,137,2,198618,-558,0.9971880385815468975032333308863935148,8
svk,2005,12,33312,17539,690,4.5,19677,6729,1.51969416124770855803314607344519222396991016402547105003618310466742498857220061100553572754996426174004438277101904148637422279680000,2
wso2carbon,2012,12,13697975,10591469,15968,58.5,6604652,3106506,2.1057152895414674057333394553207190194486249612466305790989532889366337411763400998562687674284162075556351284593941739705246707581256785920,4
textpattern,2010,12,4801,6543,312,2.,58704,-1742,0.971180888730153003748594092242450897699624044234235732962843267685253539003293180533336702777243635696397695479853476827393421465177049443707162240,6
autofac,2013,12,7319715,19124,63,2,22113886,7300591,1.492840451780419876476767737008078966309,6
telepathy-gabble,2013,12,380,212,21,1,110188,62,1.0005629914824250637106569847482848681296,7
moonlight,2010,12,469012,152948,4026,10.5,904604,315618,1.53586672693620001592146144304515044504642561746034409778830635272928564117230743381039339752847113027994011110564869795568220343479828480,3
m4,2008,12,14240,8881,553,1.5,66599,5560,1.09108930355694239382264335234146222162202038561989479102850564584748642659372192740596664850879650041232531622850051683108403286314776654400000,8
struts,2004,12,24571,17252,321,2.,288016,7319,1.0260743791342243347869051927941809504461124603616653542954353136515355882500460324705633540194832159501902855725813536021664000,2
eaccelerator,2007,12,1017,817,54,0.5,13987,200,1.01450641908543478476688323625077680420072715163317057599524800000000,2
nlog,2011,12,10490,4395,180,1.,160900,6166,1.03984903124411831607412965693168206550085707374273928252170209376421131837851355053463337336068447493150862848000,7
macfuse,2008,12,66812,17362,715,3.,87711,49450,2.2924387757008471047099074784215951242557544675622032022844538568904833132986755248991855229547087587700989497749658158055366928281600,1
stackless,1996,12,77102,32619,1405,3.5,269767,44483,1.19745299266609026903229758156394215877032828162518800630181661496127991663131218268057769326665356685708874771132008852180930958762400000,6
pyamf,2012,12,0,0,0,0.,23913,0,1.000000000000,5
merb,2008,12,550367,232092,2945,26,304075,187366,25.138881732425064700373900997278546694569570992447668389199090230722182301529896892398872960000,0
firefox,2003,12,31592,26789,765,6.,32103,4803,1.19257447571599384688295258650675235623612889060728322782078973173940150296461155723698870142286539501775768569765073254945778483200000,1
amsn,2013,12,0,0,0,0,302373,0,1.000,11
debian,2005,12,14931761,6655526,27610,94.5,15813115,7872342,1.99138232520453150610780964045183043210438215262087863638313914527965505062986476376533622514111390932439900785587432217087180800000,9
origo,2007,12,102773,37702,1982,4.,85103,65071,4.2483526359543729278919624272800208631226509231580812232552743853311764792363160000,0
docbkx-tools,2009,12,1403,520,43,0.5,4750,883,1.2283423842850393914860299868956760274751358514576225252914758243453200000000,2
msysgit,2007,12,9083,1655,90,3.,210014,6638,1.0326390527862050095781382054538208050365412087968,0
mapnik,2010,12,25407,45908,711,4.,207610,-20501,0.910127087258260683378302089871382571318466184885610584176616857226627739437194911792599526187517035293080423117641636502403685385465493770000600,5
pyunit,2011,12,0,0,0,0.,1589,0,1.000000000000,11
pgrouting,2013,12,10,0,2,0,8606,5,1.000581327752600,6
gate,1999,12,0,0,0,0.,2,0,1.0000000000,0
jaxen,2013,12,162,85,9,0,32956,77,1.00234192037500,12
macvim,2011,12,24966,19031,536,2.5,520863,3002,1.005796922340427036205882957780270480174388296949054563881421881603870839656717415248030185213378795402791099412963393726146101832198235619280223821024,7
rapidsvn,2013,12,0,19697,3,0,73983,-19697,0.733763161800,11
latex,2000,12,96,0,1,0.,1506,96,1.0680851063800000000000,3
libxslt,2010,12,496,216,32,0.,286402,280,1.0009786035327818190643900078479319492928000000000,13
evolution,2004,12,311321,192153,4786,35.,978512,119168,1.13867322049570986931117321023235855640220342926823107492506709573808624493615273247729243751514792911635321088230808462876320982293649218838528,6
sword,2000,12,10219,1450,145,2.,28993,8769,1.43359375000343481627849555661344168419716651974173217010501304295151170753499323334536751221776913926172415756265679246336000,1
aforge,2013,12,614,208,13,1,153730,406,1.0026479872682772628547650,7
gcc,1997,12,411109,70192,2085,12.,709399,340917,1.9251930894780498700195435435264368716782050222935931909031155342467750167349721853406055431253640011848415412845254055596110886642438553600,9
newsbeuter,2012,12,592,104,45,2.,20240,248,1.01240496198409100415282495784786939316436716448145575587751695020139704320000000,6
file,1992,12,803,464,61,0.,1441,339,1.30762250446513725227550486580149617250020568000000000,5
NHibernateContrib,2009,12,256256,193382,690,5.,664363,62874,1.10453058992392329246055897610115652240514444712864523936719976093689464680765616989137218707609801242143525387941063334743291120153224806400000,1
gvsig-desktop,2008,12,1040147,618475,4366,16.,1412217,421672,1.427212951943981196999340884798768004523888642652212309020679425710090328675203911817181034793792039079558934613309158615371418173440000,4
hal,2007,12,41223,35181,1181,18.5,75172,2341,1.0321429061947903804619926662476696058444258737289843667338776060649941682030701044425452077636792987355908640936317337185111651184640000,4
dtach,2001,12,2813,892,6,0,4100,1921,1.881597062900,0
xoops,2010,12,9770520,5649329,3826,9.5,14834699,4121191,1.3846724154427477552578392227165584625208046598716622487305523457243996053025458034664621456851886401731136036684923293729689643689984,5
windowmaker,2006,12,1187,336,22,0.,111860,851,1.007666045095191450157714292064895228288000000000,8
nethack,2001,12,0,0,0,0.,187475,0,1.000000000000,16
nixos,2005,12,996,524,113,0.,682,472,3.2476190481081997726911362412412814626598389349090812800000000,1
jack,2005,12,1687,1302,83,2.,21278,385,1.0184272244232806241141423719384604775240338365968233088752346661044598564438678105590251466084011479183746140227760000000,4
emesene,2012,12,79290,22089,1199,6.5,81784,29972,1.578476028742474699733272992973768930322111198481971889512293060663150500813590314123253831487361854200803106489732995860858029316282777600,4
lfs,2005,12,230875,157655,3661,11.5,136637,73220,2.15458000223082175399581674899754578978704226374318260428271336093803145930295762406146569199012172826033141228446405580932648304640,4
doxygen,2007,12,6935,3537,82,1.,192131,3398,1.018004270583721867817420846159726817639514794028322014547313817413748423307566272743589966280307242356203520000000,7
nixos,2004,12,76,38,9,0.,210,38,1.22093023250777117605973255756388000000000,0
phplist,2010,12,30535,51602,1299,2.,73150,-21067,0.694211397195393122258590209622948964387868555778293596716190291728642838592447948106796969691944559794533127909426344681525832063268999936,7
eclipse,2002,12,1225504,916255,15114,38.,874857,309249,1.5467549963930292777424991932508314951938761974260052361058665117108166234456303287022376089926698174249673663829241762066217262827520,1
jasig_uportal,2005,12,49894,41636,897,6.,233165,8258,1.0367173987508981795826410017729694319185934094148006586137227011587465571405583151593070416682042296726829601969180215548420482668268225323520000,5
putty,2002,12,22342,8219,387,2.,51875,14123,1.37409938546951700273385693818406410682303025949183569005364175306923862271567226592163074288488274874693418362719948010099200000,3
qtoctave,2010,12,6061,1955,53,1.,23316,4106,1.2155267439807873355849918195537237021137320707905182140353122156899731944394874097048956033442693301572894556931776000000000,2
nautilus,2000,12,578474,371541,4691,23.5,250744,206933,5.973514072151304256272972094933261644452642318616412586515976082100525442241825057283052798355497591713500560701655571824640,3
fractal,2004,12,83623,51888,266,2.,101431,31735,1.45533459601466237460356992202350962980727737481095103385898130384458670992067879476708013857030985378120000,2
dvdrtools,2009,12,0,0,0,0.,95824,0,1.000000000000,7
zenphoto,2007,12,153136,134030,900,0.5,34417,19106,2.247861014871384992804689579718073968371212248333671525671200787480000000,0
bibdesk,2010,12,197970,32018,817,1.,547319,165952,1.43515039319964069965245974724111700494301789829984801408169369767105439844976956136956223561356699254873697300526853277191810995140399713017000000,8
ruby,2000,12,27766,21762,632,4.,89950,6004,1.0715221690232861182505001146835154024342670150760925697668527959897498625113252984425922440194448876489275516024951242124250211915008339200,2
ncmpc,2012,12,851,191,44,0.5,14802,362,1.025069252081644235818846013240104446370353284729895525861552000000,8
mono,2008,12,2870135,549473,12393,40.5,5184953,2236455,1.7585065345132047339468488290094246084676189214314906322415038463200768385798661316380640021048503834641584980013766485542505510035283968,7
tremulous,2002,12,20309,20563,189,1.,51439,-254,0.9948144216251131868986000297776604127362904977330580510233181686095644540797506400362844204208486479514639418326543589815640000,2
filehelpers,2013,12,6105,6062,4,1,125321,36,1.000287344853700,7
phpmyadmin,2010,12,588588,510060,10459,9.,296441,-12930,0.9502631093254267549291380308358755858211733877787974975862456162822907234239500659856590692074864274766462659907875205415513888008275000,9
gnome-shell,2011,12,45871,26028,1792,19.5,79298,19843,1.333748212912511714075134209523902865043561127049146952559565111990326098823077115643290784610213505769870104852416598241671972641200000,3
evas,2006,12,69375,56960,404,5.,78693,12415,1.2140517241277024477801713466852334421844106147475912210761101952645842533977090782557454889239487045425941507638309817664666088549037824,4
shell-fm,2009,12,1295,414,106,2.,4688,509,1.12179947355129179538649503645813604467303204016109143680577429963746179359044352115979873879292732605782415219547969363921361504686080,3
jax-ws,2008,12,19354,4926,530,3.,203316,14428,1.0763838888657665762157351881189146626044734500652102981539914373126811436756449470959930473801874072679765905394217482855024379324894185024000,3
tig,2013,12,300,142,21,2,18223,158,1.00874619429852441032166663522269939100,7
aspell,2005,12,4612,3699,74,0.5,27773,913,1.0339910647797756279421095400129319265561349091852708150474880000000,4
tcltk,2005,12,300998,175487,2335,10.,820369,94935,1.1308664882036927663195436021604441475915340000503180692142362411475886540540649264493701803122120047233239180629707301363415580148576579485696,7
musicbrainz-server,2013,12,53658,32988,611,9,210931,2791,1.01340924377343207379222566479024124,13
exult,2004,12,13902,2630,228,3.,169959,11272,1.07103291385253562493207903599626977839707778524390509823961374118837567187946558518924213470884310517310894781513733629744780248875008000,4
nutch,2003,12,45401,25328,614,3.,29082,20073,3.22810522809854144273970135925525874318068245683727360820347425361438868700298226311187073619290679115637027304711252150422796360000,1
wrms,2009,12,1032,740,164,0.5,46451,274,1.005933689932682316230934059363852461151705980279500000000,9
ipython,2012,12,92665,59675,2695,20.,78498,12356,1.186810196242455504675273894072497967900850069253356534439880775346309355480135937849157990474200181500384980914535188929397513538849964800,7
ktorrent,2012,12,21049,16581,178,2.,105491,4221,1.04239356413137997731564956864618794148307900228125787789025215539895819211391587799821943341437055306907383163148476622760089010892235463221844592,5
vdr,2010,12,3781,2412,24,0.,47888,1369,1.029428835530825642011708761239082274397549977825696773935040000000,10
byobu,2011,12,6266,3912,478,1.,3741,1599,1.746498599444604857115930605955838497832217613297852699271935718251789853821050811990232298262439179097595708407714676736000,2
telepathy,2008,12,578234,295378,10099,13.,304788,134795,1.7929444153053584269671235388793975618893875620947324025103216669091136274225096147042875837601481842650621512223554269915459232931840,3
virt-manager,2007,12,51349,30233,346,2.,30226,15252,2.067394499166224138342658194116914973339601750838563704949942314185792219141206123288066673905745056453471074055355065100000,1
xcache,2011,12,2872,1193,192,0.,15755,1679,1.11928104571946773637706237059878695000000000,5
xml-commons,2004,12,185,113,22,1.,229286,72,1.00031411693870057926149419942949849665149469038645707085930030540486200000000,3
poppler,2005,12,25779,5664,347,4,78797,20115,1.34277972803814688880896774101784582053823777224495319530254929759228021733971410997442681689908584448,0
tcltk,2001,12,82218,53058,1365,8.,587693,29160,1.052208195397178075821265868640144385038777847178484371511865472809094542864141096996618259225516841051264142180397650777478923987183900409829785600,3
ocaml,1995,12,44279,9334,613,2,65519,34945,2.1429646104789729389908066833403134046959257428913493872371346369079751680,0
opencsw,2005,12,6949,2543,214,1.,13834,4406,1.4673313533268322795870334323058251684974500,0
binutils,2007,12,307141,139868,2634,21.,1969183,167273,1.0928309405054125450023473853170389386422798337313887885430601753581091335516547094204955843649450007432941630500860640118082859701708288000,8
camstudio,2010,12,9255,9703,85,1.,323572,-448,0.9986066445642577256599783100338999339915916192515448936248455629515030909835493375131848370028762803648990685019200000,2
puppet,2009,12,105206,64694,1952,10.,217108,31694,1.170936391004939529229651927199953895431693782239674825135449931316505501844469671364800271097641984912977845558814415029785176575676280000,4
sudo,1998,12,2848,1953,247,1.,8837,895,1.112692017123857143267859194093909067157229296897615465995706978624994702558073049942041517044437210645865890223398433664000,5
linux-ntfs,2005,12,16335216,7006896,20355,293.,4792511,4718626,64.864465049418444568827086562608294060586471968246668280544783858766823006633237995390580669562655028857228495015996878639934155866505216,3
nautilus,2011,12,54571,62331,683,5.,117489,-7963,0.9336095779724675793660663717351056156736512776127314970355086860339313674704552652112161215234273451505998179731462518608190767675219727756371840,14
gmp,2001,12,178689,109988,2249,2.,181657,68701,1.608210276635189462853171796661860459522782183110838954005215352193075222742234085830983001773984638541069669208030359055563126259200,5
nasm,2009,12,11987,8442,336,3.,54254,3397,1.0673259870038920938155082139475690364142021424560820172597921064694407135254368402939625366402418165248951139494223103988689760318673944010329600,7
radiant,2010,12,89832,61199,542,4.,195727,16054,1.0924497987218916866337583157995098478240966758604484907705053288646125351423000386513246584738934935036259809750897583717429248000,2
squashfs,2013,12,904,706,82,1,20337,198,1.0098316698941254482452183841643481730,8
zope3,2012,12,27703,7894,427,4.5,241213,19809,1.0894699282683780816332787288550491387833412221163772122482352094277101158615213859543214698429390082862095861454655011496570819545577379727367021363200,13
kdepim,2001,12,738045,484624,6881,33.5,645582,253421,1.65983195735555919863464882609537499373039239014564231638633308507989312116408450144242585010954914086691063809124339490451955023872000,4
quodlibet,2008,12,5716,4656,106,1.5,38854,1060,1.0303533588945056456578171802775712236655370330887428847987875062178644475541459883162240653747007381399040000,4
graphviz,2005,12,78260,32007,1274,2.,223179,46253,1.261425680759563356158196971703864925551229082125922736897027175626034603283009108567034275180886832902136008688849572974032593750000,0
twiki,2011,12,183221,163283,714,2.5,1837526,19938,1.01096948263275701402025296480543001837849211062447073340967121025189568990561633376191842989612347224000167629892195579320867072000,11
django-tagging,2008,12,753,522,22,0.5,826,231,1.40384615383421389377302766917509225868098630547126514560000000,1
stripes,2006,12,14415,5938,280,1.,20753,8477,1.6905343759465677615783370773723431495968699598727789032513239584879012127748084049108031712225618994719948492390596500000,1
quodlibet,2013,12,22460,15400,240,2,46093,4813,1.116593992240248245503837959624456,9
cppunit,2003,12,444,274,62,0.,44218,170,1.003859426080690867719633777950512978000000000,3
make,2011,12,632,201,37,1.,32303,431,1.0135228413646924932485025812823943912852174517827646964244924892022637676955779571519717967481241600000,22
exherbo,2008,12,108908,74040,5837,15.,43368,33226,4.27607966895555461031452483903743175231225535091800431290904208674726358515072213553938146296503101184080754558994846902774562816,1
yard,2009,12,20962,10560,761,1.,14156,7470,2.1172599460618366026635169905082109638813784318209258957847899920204695826266033430976114744837882148659596928000,2
zend_framework,2008,12,441540,205855,4987,28,987089,235685,1.31365949606899984835818919331209298320377798229292291930762146330427688324440,0
sdl_image,2002,12,130,84,9,0.5,12334,46,1.0037434895842015304771640087250569281299767569174623039369454548381682206056000000000,2
tesseract-ocr,2011,12,12710,62958,124,1.,182925,-50248,0.72181038058957771154378193857095269901018266515627352912949286518214017318277840654582697977400480000,4
pyunit,2002,12,13,10,3,0.,1554,3,1.00193423597700000000000,2
mysql-python,2000,12,3784,1654,92,1.,5806,2130,1.5800653594899877595659081963728530284924402245676599830095614798859503709880044221488689158590988288000000,1
gtk-gnutella,2010,12,31421,10994,847,1.,317938,20427,1.0686596461986630357018282956671490474593664731554746699454899895716634086933129139010112144617984140081355426555688225922409800076838160000000,10
qtractor,2007,12,19072,6537,889,1.,43440,12535,1.4055977997167686071387816484811936551243126650427084694128540151568536516611993319578663047246885693331141154433106850087563164322437120,2
bison,2006,12,16595,14647,346,3.,26647,1948,1.081649761084449050428784225021384652903059195758741955079060075318937376329571240929870262274328219793261651811297688055326590242416056115200,15
udev,2006,12,12154,13428,345,4.,18377,-1274,0.933590492133844339344016378517809037127100940141980389844219935581131781155326658190834537932394458415812043128748101602613729544160000,3
gnome,2012,12,2402120,1836629,42526,214.,7871065,527013,1.071760521301045710133541218744089101043691303429279637810733917577814086505607888504159115742597524209621837317347603571068044586050465906376000,15
gEDA,2006,12,89768,36943,338,4.5,154953,52825,1.586136878163681245491169378228455301572242795192533823855054890239558670752990543909047350554405418342959018043223131383063382419026276364308480,7
freeradius,2005,12,94880,57620,1027,4.,265887,32489,1.1391999931512965553231048748840179123163954676468574763284220894200221459021380152662551012502103484505146340217415798111142348159871906547200,6
exaile,2009,12,243503,195234,1804,6.,69646,22503,2.11378934828148866081202251736960138001553630937984635837945561776121127810317320577774008645185549384752493407152432373764915200,3
denyhosts,2013,12,0,0,0,0,2089,0,1.000,2
openwrt,2013,12,24469,33811,903,17,801305,-9342,0.98847587174277416103385279521488820,7
turbogears2,2011,12,7694,8902,259,2.,14070,1541,1.122994652424242203534462411194716550495322626792814192882594773886976216572906302316157592118904998504320781913623909709416249123948462080000,4
libcaca,2013,12,8,2,2,0,70675,6,1.0000849028569800,10
coactivate,2011,12,1202,784,49,0,54707,418,1.0076995339757392628394860746034343420000000,5
transmission,2006,12,47810,34069,1367,3,24463,13741,2.281570602425754896891692491718893784261554481023539761884751988776255873018850006857129163441319204987140200021819280400,0
obm,2010,12,199563,60710,7754,12.5,362525,31102,1.0938438189330096586316161651218498094035643131136260341848570696880961626402288112641243047848413794949999915277586496801475620034304568524800000,8
imager-perl,2004,12,3853,814,86,1.,36148,3039,1.091943242666984634426514829101568519787149373882118499019578666243733247698704559498482010298245199404480000,3
Darwin,2006,12,273,15,14,0.,9270,258,1.02862849533617371206679948246452700000000000,1
dolphin-emu,2012,12,139449,796038,814,7.5,1137720,-328112,0.7112216347651666652571337053758011016606117963254111194155025714235970427868729815182241282054441861732673987281789792970261591052416981843778776900143936,4
pisg,2002,12,3009,721,177,1.,6143,2288,1.59351491569082650360873105074381016294975796821427925001388216541966499773646841501025655167661683800320356638775184192585334142822400,1
gmpc,2013,12,5701,1979,98,2,44925,3722,1.090333228202269967878711526818460,9
thousand-parsec,2007,12,68466,15106,699,2.,77689,50292,2.8356754388154723685223096264256592191434318429066785829331702147976618032962189258681357301575758848000,4
dcm4che,2011,12,417,413,11,2.5,386745,4,1.000010342839264530172930923032,6
fdo,2008,12,227641,105122,700,7.,1269065,122519,1.11046196595139624110186400604527473073075085383587717264100423584243227351663155548298407257552476133589128181471755720108458675970613706752000,2
gettext,2005,12,112055,70122,593,1.,511782,41933,1.0892478221634025092558634173669768144129142427617233610122058946037268230678774452847546089492663043845830457904997035260044235960032224349866240000,5
oxideshop,2011,12,87092,76397,294,1.,287489,10695,1.03863884333005593281628375333759983628384254963474719649080548390259036761067181510357821371366756356472271118275680869655741137903627784811194036705600,2
defender,2008,12,667,208,21,0.,7775,459,1.06273920175100987931246913528493156710067392590000000000,4
PeerGuardian,2007,12,0,0,0,0.,115940,0,1.000000000000,2
tar,2005,12,4596,3686,215,2.,23071,910,1.041063128924803616528281367805809659979511740818803067449676496081467709135849187302595786657894106759986059854329222454109083817344000,15
gparted,2010,12,3475,2509,234,3.,265333,966,1.003661962220307111351666367093636861047048189130849551925182669256205898869953146820527546797452377841074215030704170373863341021282575265280000,9
libxml2,1998,12,9295,8742,78,3,11983,553,1.08317040152983886271491815916390621417360555011156800,0
syslinux,2013,12,31,28,2,0,312467,3,1.00000960110604700,15
glibc,1991,12,1904,100,82,1.,991,902,11.134831459798309780850174321460988412605578436950878246516299533012635289600000,2
textmate_bundles,2009,12,74979,135621,1007,9.5,518922,-60642,0.875879600664138153224195945480782370235966540745849866010087185390945870367077571096720152933607912398223016455450418732021307939266038886400,5
scummvm,2002,12,235194,170327,3248,10.5,88140,64867,3.7872212435174530278925890255070398762256914447359777623565014641907116637475281147954045603197233987695549501911897908085014128896000,1
autohotkey,2004,12,29809,12021,96,1.,30971,17788,2.3493135096551774607067554388898008264026208954180222890451473013001192185549930834795232985197478063632746493006883371136000000,1
openssl,2004,12,18993,6326,402,4.,243736,12667,1.0548191232914614341758623482911691125926268891070296806015101464173798371449409254289456776393301039457337117760366539634767313356600208386843443200,5
colloquy,2003,12,20990,15351,504,1.,27571,5639,1.292706981588145926982752820322217314835524413667500563974323165440000,0
ree,2000,12,27734,21730,632,4.,89950,6004,1.0715221690232861182505001146835154024342670150760925697668527959897498625113252984425922440194448876489275516024951242124250211915008339200,2
nagios,2005,12,9545,4077,133,1.,103913,5468,1.0555437046079767627047686752068743170654154349279746706222083889847722081509784491681363501199879514986542405548889328925124021760000000,4
ispcp,2011,12,208470,295792,279,2.,632090,-87322,0.8590091144611265281237434785164696475913755724381520713733924799546625918858568919360262541324730193879331635200000,5
sudo,2006,12,765,298,13,0.,56867,467,1.00828014184373510126139538838320057700000000000,13
freemarker,2009,12,47597,24770,83,1.,102268,22827,1.287370647371045135905424015505396191712088797126194193636073649995672320000000,9
Errai,2010,12,115288,56828,1744,3.,99866,50180,2.00994243862302931300854542660402957310161774519661815688676175742529491548346347797609500258415301542109221036460334888159747271680000,1
imagej,2010,12,11959,8087,302,1.,87861,3872,1.046101275167007252656112902836158850534563944738921497252802508072226857330612903955313022236457919238318539368287503248912157286964260377804800,2
nant,2005,12,17756,9749,683,2.,67759,8007,1.1340038827169433232210822279481322265681143221599085923219241111692885816055259561631114048202233183491736055000356429826044608000,4
stellarium,2002,12,30446,38728,207,1,70944,-8282,0.85842735045125758733561501776499902302779520,0
bison,2003,12,5177,3204,166,2.,28352,1973,1.074794343986261803704431739253401279562330082434179046379242234353800436461622610090199053573179653372257059007009889052896411564448000,12
tortoisehg,2009,12,115657,88202,3628,9.5,27104,15705,2.3777524344130871713031517257728069149661470521089356780577973148290429642106453948509399031143027088842840119004873883648000000,2
monodevelop,2006,12,195273,55144,1104,5.,507725,140129,1.38150998771170596443629924123501816917636402637015698020842548959105545581706314900457127704162033825638733975537579584238839553699872768000,2
canaima-gnu-linux,2013,12,5439,24210,64,2,12572743,-18771,0.99850730886652171174279216184537520852,3
librsvg,2003,12,9772,5778,304,3.,17544,3994,1.2947601476129720661217891722907414929327894913187772564849831451546468411063454094537397277594672328298063092303681157570560000,2
wayland,2008,12,11712,6792,198,0.,4927,4920,703.85714271367594285935656000016000000000,7
func,2008,12,48291,12491,904,3.5,17486,13441,4.3228677381997222781127793533857609472597154105681886288454248229513090193064653345219380455562531373661895301622397266895355200000,1
MyGUI,2009,12,454213,394750,1373,3.,155071,59463,2.13613435741479931341681063059524452821992534776012640102451846478857887664284074973125414063260705598629096104503263636300364672000,1
openldap,2012,12,24447,19244,484,5.,556909,3838,1.00693943453915162780775831116311730063855268630608646702377695191082686653963071742274606125249426801115494013857852988691304586127376285865811598203800000,14
virtualdubmod,2006,12,8,1,3,0.,347766,7,1.0000201288823600000000000,4
gant,2007,12,3891,3294,97,1.5,2607,597,1.29701492535968195495552461126621260,0
SHR,2008,12,85435,115360,1034,5,52454,-31733,0.48391556079883921928355812249221765917333152211060000,0
pushbuttonengine,2010,12,7973,2949,310,4.,36677,5024,1.1587211322846219210608120149159477438134238390490681586174219450515911017227795770250755967912596210358411297537100009600,1
nano,2006,12,5056,3836,568,1.,16988,1220,1.077371892438435838358216160879309992533842172405775650222122227672239230037840760779232692308877051215838655865184276886317193094758400,6
eclipselink,2009,12,335161,128912,2036,20.,1267667,206249,1.194314586702410575007796212224410339893374079777206096068699591548190323604997874336453625631945797465789563812745828602647329338502400,2
imagej,2012,12,13537,6533,317,1.,98457,7004,1.076585787231892575691403421094379190101409561484964642687904047015802077116832564357766740370513523583435265915761100807674379236130993890496000,4
ant,2005,12,46878,26528,1629,7.5,237875,20350,1.0935524652362107633749243474195711356871660319476255531740885148308238526686018836881681474085321997590369919474863076189479312020300182480000,5
boto,2006,12,1790,945,51,1.,1507,845,2.276435045271902653867360523559783144419088,0
sabayon,2007,12,233814,126165,2440,1.,151469,107649,6.27329283813180393727337819655657652561203116814276345642073875971288605500897032814820042282801653147867464882575260557307648000,1
aquamacs,2007,12,1688230,975852,23714,32.,2530768,163514,1.0690732806831544839366564823271687801272432651049440192964839167106068100907505889159211937890979434314245450722348855283950634522714449414553600,22
html-template,2010,12,0,0,0,0.,18633,0,1.000000000000,11
wmii,2006,12,51072,55855,1607,4.5,8902,-5245,0.47222781239085664692421629289415307177829850156553727077171054284911501961095107682540733098271338846452020516892359586441510912000000,1
dillo,2013,12,1380,890,78,2,53121,476,1.0090416943679733754583453020353987432,6
bison,1996,12,309,266,16,0.5,8474,43,1.0051002253578011063634420000000000,5
jarios,2012,12,16553,42504,118,1,872132,-19988,0.9770814509713854473573777943841675179820361440109641289921937842281011052800000,4
gnome-commander,2005,12,30,310,12,0.5,79149,-280,0.99646236844400000000000,4
libpcap,2013,12,183,31,10,1,53180,129,1.00243162240099941899957400,14
sage,2010,12,224430,94892,2296,41.,124012,10634,1.09379244650740217175561906692209593308087519250886956275867348366466648371436851389908426917472957994397187719769600000,1
tor,2008,12,444080,438832,2351,11.,180497,5248,1.032542709146829665184845195125503363696485909017678757958588270231303943634374591622061429709664389245653274983511429086388226621440000,6
pdfcreator,2012,12,37365,37618,226,1.5,59555,-253,0.9957518260377149972536195164985079521268591861248523675584725582480133073127130700615740984545067942172123262490230399590400,8
dia,2009,12,39708,11285,510,1.5,372864,28426,1.0825528479310899883809560317654538217939186857455220476733076437293016889893387862595681015624120838771785150507087464865950661555685988989213122560,12
fundroid,2008,12,220,63,47,1.5,2361,157,1.07123411977735295946546,0
twiki,2008,12,801598,256474,911,8.,1778518,545124,1.44216069249723381423714452164078183314874099321013666746966964245033876881079430367389735970376453635092347452391283893469151678131170530978240,8
ghostscript,1998,12,276746,47198,268,2,439420,229548,2.093752382236097670474646999317961205494648294327137744,0
grep,2000,12,1950,1255,45,0.,14963,695,1.04871040089651121370880449304005910000000000,2
Gallio,2010,12,607655,325541,724,4.,1274856,282114,1.28417655347611110749807556863303766659466192514460235775590639015198637669467910783756030274685553901344605374807975111145515103139023360000000,3
cecil,2012,12,1376,689,52,1.,32960,462,1.014216259462456098100065942308416738623456959353509281877214719608281671035826172803696134421340708368341375983647504268196986824216625274880,2
castleproject,2012,12,450743,1058159,737,4.,2109420,-126580,0.938477689781648542121306356956162296273773255235471949968777353606334347324972033780313521322765010233558292524657759490757575776776811943569040000,8
docky,2010,12,36421,53183,1096,3.,42824,-7101,0.820455120124851328381692164761126353263956070201379085054705890370361203240870508277404961035213913717184789602808611196225016708812800,1
dompdf,2005,12,2475,943,89,1,13593,1532,1.12702097670664628415256613107952027693231283019531653421328999277653008125383296187470534444948612310044492800,0
b2cs,2010,12,40,3,1,0.5,30588,37,1.0012110896530,5
moodle_contrib,2007,12,250340,175771,1512,13.5,661127,74569,1.12712979785528094236355881396762170585278827276475612017279658168275158043598378106752813332319679954213521697330830413187517999680000,5
gentoo,2005,12,4459113,2428726,81861,255.5,4015713,2030343,2.02265220086845929336323553300454951704486514483875946048845775701361730807741286728986015234249393251388764183136327567408618905600,5
grafx2,2013,12,977,338,15,1,63715,639,1.010130636062191025673482614067252972,6
adonthell,2002,12,47684,35425,451,2.,60304,12259,1.257547427453803784230174014221747120301286404994324697068610195802826199607327357687255787460166711776384457252312172648412160000000,2
olat,2011,12,14760089,13660356,16656,11.,3756359,197158,1.05539389317450694640848552066014964667868646901015006743827021802457695620601754571557532579924655110629169937708122258000000,0
apache,2006,12,70432,53933,1509,13.,1147593,16499,1.01458676290408163157365080274067263849558844369621229061793176389356980457970131360749546590149306368760949675818866604523712751125758631541719040000,10
smslib,2011,12,583,53,43,1.,20908,530,1.0260084404773475169922450639056770761217252977832611307678914072567256632460414050099245693124056000000,3
openbox,2005,12,490,339,65,1.,23516,151,1.0064626578214175757200788325215524776059267684966381874114803597435535953678591912793257890558828960000000,3
SubtextProject,2005,12,51487,64913,395,2,101676,-13426,0.85100598152922588251752432999733954875920950448055756103921664000,0
libtool,2004,12,13529,15577,425,7.,16814,-2048,0.8732673267074399291665490078484778820009218433271771135912558088188437757025978245035671951422583760088024771083003656961139830906880000,7
revelation,2005,12,6006,6353,218,1.,10895,-347,0.959847257524003304302509446492612965549765226699026110591205628119406800540573334707200000,1
xmms2-scrobbler,2010,12,1,1,1,0.,1256,0,1.000000000000,5
ILSpy,2012,12,97339,39335,108,1.,57493,1588,1.028405330476056490558109833916556404224490364102739018186889162152608785406366399332268248634353640000000,1
mifos,2009,12,1517913,1016138,1347,5.,1024690,501727,1.959392920730419977636552594409108428119560477749437096252439316901426488077724475644098084024483467958185737781503527183448763383708385280000,3
github,2012,12,0,0,0,0.,3442,0,1.000000000000,4
buildbot,2011,12,154822,79731,1229,11.5,68339,26997,1.65301630302716444129175351469856016574209753215017860599345925997965810884436813279805073395454245238833173771960109005109997316460800,6
biojava,2009,12,535985,318880,332,2.,202328,15842,1.0849500766800721140785894925282517987313772048918790117628201486488384461542158688419105259893240732809175074431782124370941208919116016090418841600,9
expat,2011,12,0,0,0,0.,25407,0,1.000000000000,14
kajona,2007,12,7506,13736,259,1.,104257,-6230,0.940226620737286445757896293158587542825987199640,0
config,2002,12,360,263,65,1.,2510,97,1.04019892250404532642560137770958578893476794065337275663968656425854618237076689855250232569138782966020766866725058169792000,10
pulseaudio,2006,12,211102,181127,2143,2.,99563,26117,1.3639594192195101831588026105101748920651024673012279713407600118149633734031897381890356693287961200675000000000,2
glew,2004,12,5728,3428,168,1.,45041,2300,1.053812498537153554591712861843007330257888905412661251422691599954540443184578925384090729197508918180999605608244980198063873483207940000,1
gvsig-desktop,2007,12,728643,610939,4516,13.,1153176,117704,1.13539684771230998543594818560257034233351779224568605975055507571907489070422372343277419013863345998997497917045538442271784960000,3
geeqie,2000,12,2,1,2,0.,11111,1,1.000090009000900000000,0
b2evolution,2003,12,7336,4225,194,1.5,26379,3111,1.133702939660278118549984531564920759752662208,0
gstreamer,2004,12,328735,238918,5099,16.,423821,89318,1.267017037194645064508474295901364727712660003612824370496524057025169757089612609636634524838025948662916095386964038901083728666112000,4
grisbi,2008,12,75250,37170,846,4.,226508,38080,1.202093107163666346221756590706908176558409803015543339134251252040951647714451886450507151982799666216960000,6
twitterizer,2009,12,2308,860,54,1.,3045,1159,1.6145281017876971081960423428212634433638090911142224729986747406995374801793912179200000000,1
supervisor,2009,12,17007,9038,67,1.,25049,7969,1.471371110812816197312561701812844231099006902047840218592808413104620552679281051155663532099909433904000000,3
rdesktop,2005,12,23068,14438,216,2.,33776,8630,1.343195736952623363726312584623886496188243221143024122945423569830676482769645760500222461453647613716591664069478552047609627120000,5
zsh,2007,12,8419,4466,231,2.,96059,3953,1.042917942370314782510394357120068303255228928760142464209485036569838010398878047231687154413318287396568787128741849828337583645495179160420352000,8
commons-logging,2005,12,5867,5074,131,1.5,9067,793,1.1325422028623209382895050839966988607114363782248737079125538597598818301555438748464932373903001600000,3
vuze,2007,12,110669,45653,1933,6.,420339,65016,1.182977178517902949511316802865834970603078734291429358838386343771600222287921461887078432405923021626398141101035510425431544309484160000,4
exherbo,2012,12,155046,139310,7653,39.,120221,15698,1.1501870401723493697977315234539912402006883008708868788299944613245150750982969021635501132151939426931564580256829143976304492341712833920,5
Fink,2011,12,14275,24609,458,4.5,292360,-10861,0.962497194451303352040645325872135504676418814635136611334462857982488140034635294634933766159916532649520308487934185500599716505959264730111586078432000,10
erp5,2012,12,554630,780762,1662,13.,8989765,-65782,0.992640258775875517169498775616175251474456702681121280711954970798667087733601657170148510417141151262689172124579931835395376483828177026059800000,9
strace,2005,12,3044,2069,91,1.,61983,975,1.01598151062150876282959762835238778423295145079070063396023595580290535875685227331250025200116992000000,6
virtaal,2010,12,5150,2067,495,3.,17129,3083,1.21949309413132165515041092265015138158624976885955242836947129667147726333261904931424587011772892181439441978995894590765052092617304227840,2
exaile,2012,12,14137,5560,349,0.5,58351,7036,1.1371139043199315544150901514969122607860381325337902384666929547027791360000000,6
coin3d,2005,12,473827,181861,3802,8.5,2612474,291966,1.125819863579263940929591444462788542666960541644932705449924371696153751263820587756984759608460475207568587562742454719526097320991265587200,6
curl,2000,12,20714,14647,510,1.,26948,6067,1.290551218803352604654808350755880888592668191954691692619766839365421033235531650649700295347248494231850100581444793941386526720000,0
xournal,2013,12,0,0,0,0,26731,0,1.000,7
freeciv,2005,12,90316,71664,1457,7.,270728,18652,1.0739935575055337528916222958995723210175114188806125411756448487586794267680864707983372206861479965490816243771996465216475304067488090240000,7
kile,2007,12,69703,69931,466,3.,47035,-215,0.9951710351978385634351160046490729296256289227959296052387453254027278440038612449391793122660094963730918150113594611610566640000,4
evolution,2006,12,42041,30066,1759,24.5,979683,11975,1.0124915766623292156602781227135828998108322721322818873890857415100850463622157579287748389595137912426593968559442576955376267650835575447452211200,8
nagios,2006,12,37672,18964,217,1.,122621,18708,1.18003522178409580560591005143061097436376239253415488416337332638212701067206055746872468178512646471740240826711403660130586721632368845856906780,5
synergy,2010,12,55412,55269,116,0.5,100945,143,1.0026610591902466108051423085084803597215022740015105934350000000,1
hazelcast,2010,12,110726,52036,1512,6.,136517,58690,1.754108471371178054218751343156034503938648691513273043235166222569944500294891273087389029334667542688843395107844920870865465487360,1
glew,2003,12,46819,14496,181,1.,50463,32323,4.102610865852954353307973035079056833983877995638951033948232009332132337227080025197209795888641151150270672863045331183898794229760,0
processing,2002,12,5592,4103,179,1.,4160,1489,1.55746911272350181214044936164381366357495524341438319710484191366882093568305395338903823475308356997668000000,1
amavisd-new,2001,12,232,560,26,1.5,3876,-328,0.921979067511306856428,0
hibernate-tools,2003,12,1151,619,31,1,5485,532,1.10740965072307982801498080264170456969485378451418996200000,0
drupal,2012,12,725764,464290,7983,13.5,834513,194826,1.30456457612057575518291708104033408941440640095892413787945878008263486980100109507472246818606089697275238686071304093274900582331504960,12
thebuggenie,2009,12,56602,34407,469,2,392819,22195,1.0598854904149329415765014594968880,0
open-xchange,2009,12,388808,217735,5082,14.5,609838,171073,1.38989664170330739891257528205303133135091557874705667797617230495552344558083426040386551512412029121840641239707229083134771808000,2
chatzilla,2010,12,80,198,16,0.5,31767,-118,0.99629920025080511840964371919006911779891681433499000000000,11
mp3gain,2008,12,113,43,13,0.,24548,70,1.00285971076110715808691754156172724984000000000,6
joda-time,2008,12,1723,136,47,0.5,92956,1587,1.01736912957295535668532242088778639338055133740210536507116920000000,4
cdrdao,2008,12,9,2,4,0.,90629,7,1.0000772439363500000000000,8
pkgsrc,2005,12,156271,117999,11555,62.5,435790,38272,1.09929070653948905867062615784476857623906613683814793632553800357872331610442081630563840390092069034860704367649483085029642110737842176000,8
gtk,2008,12,78938,72668,1737,19.5,547385,3055,1.0056124042400376824478729170119849855676879892092741670991477060752134514553094997547692137709356470215016367987645080303708893689904178176000,11
cubicweb,2009,12,172038,128840,5477,9.5,101200,24325,1.316422764224801904624794844408792255396082283481390722414063069011743855696267843182364778995251905474687445786803676611422468233576856000,3
kde-playground,2009,12,3598726,2527948,21248,97.5,3079756,1070778,1.532996379326438491056942842575120615651619307717805149334940064088518771995570068500244591128556297232648737985065348281433674308102400,4
auctex,1991,12,962,651,25,0,709,311,1.7833753148864194161988007374940400000,0
clutter,2005,12,8414,4237,32,0,6213,4177,3.05157170975768304900000000,0
system-config-printer,2009,12,504074,434736,2636,2.5,173012,-21521,0.8706522980348933522665626627683197564809678527278950901556488904571148920078529500889093838480077883641780085166636295256909293730589445017600,2
bbpress,2013,12,2561,1150,273,1,33953,1411,1.043359350988138689586121718923861680,3
funbird,2010,12,5334,5386,92,1.,8183,-52,0.9936125783100068724197393477697337815390596086738241978849761685350597920000000,2
caucho_resin,2009,12,504310,173622,1795,6.,1084989,330688,1.44038710729501868938680592512388434932500943169597575129391567383098263486066209512628870900524756012466236385584611194508447124406784000,4
make,2002,12,4259,11067,76,1.,32624,-6808,0.7913192742073410836510151933107372677968686845063603881526168231057189405383211200000,13
vim-ruby,2004,12,411,102,21,1.,1010,309,1.4407988588351977720031846573527017543729175450073104486879841740800000000,1
gnupg,1998,12,58461,27898,386,1.,51941,30563,2.4296473008740657374081849813170901172441045333206216036053748920859230693857216692376739579193349333694668153990998856127591960000,1
gnome-tracker,2007,12,61057,97600,662,4.5,104596,-36543,0.63764638216076886011886375812492405456245852897985988016373246567343713014848020894567691881478900848443543803528168174539541839056896000,1
apc,2011,12,1675,966,85,1.5,11995,709,1.06282119439433623982490945446532411905237584322031538043379116224066333111186007540117181639705600000,10
viewvc,2013,12,120,42,22,1,21609,78,1.0036226835718270497436817101894495584,13
zodb,2004,12,36818,25097,499,3.,50136,11721,1.3051151894216063092401394782795310471558357307174515369245803059496097638167530057317525637020434707463243136327113364991210234019275251712000,7
mixxx,2010,12,10710174,3794994,19597,9.5,5228261,1168735,1.287899375443963230165612665670880462615399284528937768856462353659296445990387736005083605923945833003407964025842785694741924427704394600000,8
uClibc,2002,12,109664,96921,1392,4.,136911,12743,1.106356519250188541147159279966487678191110969275417364517415673569357851541778599061333401035136469787584562196379964612974694400000,2
PyICQt,2007,12,138,35,4,0.,10096,103,1.0103072150499512070902647955225010517859741418960000000000,3
jasperserver,2007,12,1022163,1093929,1821,11.5,1179823,-71766,0.684470159724267707388501050852003763572959623925141177111465698701129154359128383351795471160737783910324904218731919706650753277952000,1
connectbot,2007,12,36702,1092,28,0.,35612,35610,17806.000000000000,6
kajona,2010,12,13306,24941,692,2.,75564,-11635,0.8438422719472567079659931503732735917295434964871394618266028971313240662156446557781243788079278015889989294586977769858900105138305024000,3
sane,2012,12,16277,10014,244,3.,505828,6202,1.01241544704203683564640587776385423721569075453286043924647295562699571376012148684082011732097013831996892570438163902291696124004443209918717132800000,18
mariadb,2000,12,53163,24848,1109,11,264509,14241,1.056902999986216209151013905883870641084013352964630020096,0
boo,2004,12,286938,265529,1676,2,66524,21409,1.474542835135813941938209031693413424861768964304651395536624376699621056731578399036509293909287537004395000000,0
qooxdoo,2006,12,3591112,3401325,5486,6.5,391632,175560,5.886167547599368562336954485806558590942342538246110247093976632012602882844472093550639928201554072757566613504000,1
eclipse-gef,2006,12,19689,8745,288,2.,137254,10944,1.08664397117780407424094283866314608852810226838168912825424965497649169262366702125244110482510766029618599902360487089350796573863073535539200,4
duplicity,2013,12,931,498,25,0,16477,230,1.0141564596500,11
q4e,2008,12,277378,248762,1079,4.,147682,28616,1.443713948908690294606126782462665926106470897582880273881969984801254692118127606171022288904939316842806161083108864000000,1
extjs,2012,12,868698,413405,9,0,1287273,455293,1.54724031830000000000,0
wodim,2006,12,1025,1912,85,4,116826,-887,0.992464723522,0
bricolage,2013,12,0,0,0,0,138005,0,1.000,12
squid,2004,12,355752,156158,573,3.,798282,199594,1.333385670006994098195361101980766433437540073867895055748853196969216961817960982753172649990051830371498363336380140953600000,8
kdevelop,2003,12,405787,288332,3190,19.5,264768,117455,1.7973159192129343018843564392359608943144974505748775618733360050070763391902815731741195111802700479794109585906587736787221702246400,4
scite,2012,12,2967,664,261,2.,103330,2303,1.02279588624826899055116010188165268102574361078071439459721936301425863584361306763847437040905483908894140952682049918914204890311079070310400,12
Miro,2008,12,345396,545432,4220,4.,539708,-200036,0.565905401758677953355786283982568994202736513829917942292696173750671109150895863127585083667663842516571371972631569175306188718080000,3
coremanager,2011,12,26241,12179,248,1.,81130,14062,1.20966779984131427482217190769785539987919717985314970498947979440052017313331787939215650422766013003121877551173954106658443387643598183331840,1
poco,2008,12,285913,130592,507,3.5,427308,155321,1.571060381563807646591117452742963303840622731134360078347651989613775412039705030747259941630348954427056344362242163368412217336012800000,2
drupal-contributions,2010,12,3822,2737,270,1.,30837,1085,1.03646813660084640438969575586724292921938543600856798392362971463574329888309209787121340745553054849224192000000,5
awstats,2005,12,13149,5262,197,1.,32242,7887,1.32383494152622642341469188100880925321638727464179928292404862530958467787093938508104402350723551248713339654711653882037933423915672860364800,5
monodevelop,2008,12,1364284,1194591,4297,10.,801389,159563,1.264059112657788018839902302017508833208343364780331741356206998697908536984344425149828694647357229723321864731212563190539530610000,4
pmd,2003,12,80196,54501,1236,4.,68960,25695,1.593898070009777855386075470071620459211441681192740977834652495455523966578120484431560372116054296595607194926509587376417280000,1
funbird,2009,12,2689,1729,99,0.,8141,960,1.133686116141435776070269299023520636580476402400000000,1
embox,2010,12,76379,56887,1280,10,44539,19492,1.77821695220370091058787362388655656427527476847179395894096117178660556429851190223880357424000000,0
mh-e,2012,12,0,0,0,0.,17585,0,1.000000000000,12
mojolicious,2011,12,44205,41435,1758,3.5,28904,2603,1.1015289804184835020410875763821769882897142648466127446335418679445557846255256571004235881382036510378047966304961295728638234214400,3
virtualbox,2010,12,1262361,743272,10878,2.,3054779,519089,1.20471311557023161581602460363342754236152183795186659603279630067422874344507886429533427498584745664141513865622956476113215815680000000,8
vtk,2006,12,509181,213228,2342,21.,1376588,293577,1.27107480904319353047538431922743354058679197485804791624227135701050275450055549924780904324763230637020756893565065938947786209836482378000,12
port389,2008,12,66058,58028,315,3.,610633,8030,1.013325522772415570592653498792904863553957494096104209664491126653900864805853459812050431306205407174248617613358680738407758238530399567064727552000,3
gnome-cheese,2010,12,19362,22841,411,3.,12665,-1415,0.8784886217565990098146713548225930812673250323257728739743085665887698781388092474697295491217775115665400000,3
Ace3,2013,12,141,238,10,2,15318,-97,0.99370742783008888048741500,6
edje,2012,12,18320,7240,571,10.5,75886,11080,1.17097182358847685856013764400580552113366769191432401452922941793308157744996141112166370117211125708185287366508785028585249048791167795200,9
uClibc,2007,12,16943,8763,348,4.5,229126,8180,1.0370226209213545643194247855794465174509437517422561782048506333025337328298240139819292933588178065826959681589068694922091868650959514932636590691328,7
automapperhome,2013,12,1859,729,16,2,29311,763,1.0267269160700,4
prebuild,2011,12,0,0,0,0.,13355,0,1.000000000000,5
template-toolkit,2007,12,1571,2135,58,0.5,56987,-564,0.9900621993524348411757856738039006006926558277175924333965528320000000,7
htDig,1998,12,120330,7750,255,1.,133920,112580,6.2755388943552926667471217216933516770618277664790991765804464643782893724914399724623091535379527778564817526542154397101660926149010416640,1
simple-linkedin,2012,12,0,0,0,0.,20467,0,1.000000000000,2
gstreamer,2007,12,264051,97810,3961,28.,718694,163907,1.2954413135238569637335108706398355427886413809343497188484941969932863826036532646177267312979487810289189024436763927599523975101440,7
gobolinux,2006,12,82744,36932,2494,4.,84078,45812,2.19719855743274513295489458774524255197570765929100027556230402628819682192345787966086297952891059390302060223964103815997542868103040,1
latex,2005,12,492,273,14,0.5,5390,219,1.04406438631361258812094809484614081207929105871200000000,8
krita,1998,12,206192,97897,1116,5.5,137108,108295,4.758546489616821930668137069258071630412653340768144443222251992420382530639718400,0
mrxvt,2009,12,56,33,5,0.,32763,23,1.0007025045815665201705542380000000000,3
gammu,2004,12,12757,6406,53,1.,71270,4340,1.0648438667304529859321457984973200,0
jpos,2001,12,11745,754,205,1.,26616,10991,1.703424000015045204071790685095568357520560286135113998997815739712463539670719964586373888936892879372901644457689161044629078097920000,3
latex,2001,12,2547,21,21,0.,4032,2526,2.677290836716235726240000000000,4
Tulip,2011,12,5933794,2744922,3700,8.,4419876,3188872,3.590464368777283166324475413094516973690414239382971626076736407708228469269615530256573974920849527539620568563797843438761410560000,6
chatzilla,2001,12,6451,3329,87,3.,14946,3122,1.264039242217813276533106363165427241115354660412455011284662848995051823344806417021312533094519252755893936236549122887800873789243415972413440,2
cakephp,2008,12,425742,308716,9756,9.5,273891,117026,1.74603002585608357393669589664109152212163391673842356577682730336674230732163666519262323120741367793718271431121090295922919246240,3
freepascal,2011,12,23460,12159,663,6.,231285,11301,1.05137191796134100237599704534560927264888987397113682836652532402186567734412518382968080351767877582958022354256790826483437653080135262131200000,6
rack,2011,12,18085,7968,930,7.,44244,6112,1.1602853246632308858768391416948463623157441856317488331779177975113213773528627400078661042721444306001811059905980288071654758101726876456960,4
dtc,2008,12,20387,51219,956,3.,53927,-13486,0.7999495646073401038419935693821142901366747285079235483596492919986144686522166445916036902518858125736837788211444158942229749264893674389504,5
ganglia,2003,12,29393,2792,196,1.,62223,26601,1.7468205171460591894748425007562877967784718114392267170202600068985079839545308496081280753431156754105600000000,1
amsn,2003,12,18610,7650,620,3.,18236,10960,2.506322155014272460669478675158887803745477685629175774088958033053810727307859548736345726076866869385361229429657600000,1
jokosher,2007,12,20957,8386,386,1.,33423,12571,1.602867830481299684248676144099141851041072643805376048682781144833951611542683255161933902481670500281550636404932204625126400000,1
sqlyog,2012,12,42436,33033,65,1.,174038,9403,1.0571142223713570843964424278191222673059593918350379159394640527205575707218008321505371640321242155155189712504694094012477440000,6
taskjuggler,2011,12,40938,37510,443,1.,124579,3954,1.0327792746105198014448310827022202085935725761965244435702214196159671689583608571081876138977454820523012986246350690799076888875679637870939868160,10
bzr-svn,2005,12,650,348,16,2.,343,276,5.11940298515992012415,0
mule,2007,12,1174884,870468,11540,6.,885412,304416,1.5239554145046082333685530185373801189740420468548597658836881603594237497189051395677887963140820239313564043481910715834812292300800,2
jinput,2009,12,166,56,16,0.,12824,110,1.0086518798179643988936994543897110714109422339780000000000,6
gentoo,2004,12,2262658,1432498,72289,201.5,1985370,830160,1.71862258815634714334505416846073532904174322756497346249628478520994374238258595261134792577278609936595194679354498629431597465600,4
lucene,2001,12,22977,3668,181,2.,26269,19309,4.0189180742630948637617384087588242625368342625551656914485346852604620500912416832561937448811493915531350894080000,1
wampserver,2010,12,0,0,0,0.,2467,0,1.000000000000,2
apache-james,2004,12,657371,308,77,0.,1435621,657063,1.84394868473104814475744833376734582463616800000000,5
jamin,2013,12,363,129,12,0,45055,234,1.00522076705100,10
kde,2003,12,3155959,2375487,57435,218.5,5258408,742783,1.164491737032028952038696034937657841645680646902432680074317825675322090340976927416926641183751529048254424190950377616452886200320000,6
aptitude,2000,12,14851,7763,436,1.,10936,7088,2.841995841867453701504703466451028903650670037481674949204576188563923683883368009300261455173572608000,1
awstats,2008,12,15562,8048,61,1.,42318,7514,1.215894724718993603549998930012649258793052533522877183889502866521689946237764751434060390710317910400000,8
drupal,2002,12,343313,247462,12809,3.,285013,95851,1.53762192423622358554097569469457888950152438491486371264361980657757212475299383724044552087870317274417895904509536678266083285975040,2
m2eclipse,2012,12,4548,3653,129,2.5,95675,895,1.0095197574867953063096121258573619625779621532461148838295916184846897013394350008398634679169190999720588436529694251623672289856000000,1
freeciv,2001,12,60279,31180,689,3.5,155211,29099,1.23073934277772797271929543472907395639955772775446738657804581379989359193377322057694582823413707147976124714837387608798149596108542720000,3
zope,2004,12,305485,305194,2016,14.5,285151,71860,1.336910605695905632768568664557765630133621076501283533767506534288986996235234852941556902300851439597120056520845473756446629740661350400,8
seamonkey,2007,12,70032,35304,1461,17.,84160,34728,1.7025408641878893335747486870525194228272463243994410590313663972527676192708162661258068485159857937417209752433533599442014532075740672000,8
launchpad,2012,12,3912164,2886200,15268,21.,650013,18993,1.03009888751718885168482088228723147862896843738068455972442444289046789377594980383051129143188899148735405942704169349813047370962963839472496000,8
strongswan,2010,12,161224,117064,1860,4.5,221781,44103,1.248218687718963636862209306770489524547840862938302319256406218838360966699261031914170181006598879937748266080688613421257926033408000,5
open-xchange,2012,12,85298,41497,1829,12.,924820,43801,1.0498233472793938820963550267794502890932001830879799392759869092027532653562921952368857144687046894668996847898800910632536370663628800,5
mcabber,2010,12,22615,20072,246,1.,22713,2542,1.127131782915295042511530619030421088087846417484280176880301635677224200201313200000000,5
ohloh,2012,12,0,0,0,0.,42927,0,1.00000000,4
jogl,2009,12,241547,139906,658,1.,220446,97988,1.80032016723043079913124772261253212076414315340359848861412076702462701896357877059729546754457905260669177582505506672640000,6
Errai,2012,12,984351,549908,4496,4.,390501,276339,3.420586534509332044080610807862268353158859791908897863245011832702225629825155631134865428271430590214110688698893313565212672000,3
gedit-plugins,2010,12,12023,4146,192,2.5,18039,7877,1.80067086806179480523798175776961132740310647458451045154888458093158088549207368485664146768269642356378770655038781073971200,7
mondrian,2012,12,179271,186878,1059,4.,1086220,15239,1.014401386556317742512450453779123271913239860023721056352030271328129162547877534458321654952730734780340285956792071517275127159860439440009600,10
template-toolkit,2011,12,0,0,0,0.,32604,0,1.000000000000,11
bzr-svn,2013,12,0,0,0,0,27434,0,1.000,8
ree,2008,12,10567,2766,247,0.,379946,3932,1.0104570574509358589414400000000000,10
rome,2006,12,438367,11877,316,4.,808613,426490,2.1161065939162722152880350082489104559536833679830006590552452973727672007789694251353745174298871310750141589192257093261431641038982144000000,2
joomfish,2010,12,5522,3775,180,1.,42581,1747,1.04278297497471408512350926669353629746836935056772387675746758079709903586001907025456509035904336993806745391157226069794027598786295749243002240,7
commons-collections,2009,12,44095,61021,492,1.5,168872,-16926,0.89865338208179469508779055088962750303210599488428396807764874551430948669567128630793083817633889163698688000000,8
macvim,2006,12,69836,32749,725,1.,422126,37087,1.096320113029779753202174574695214396851830643558029860048496823450340061257274144233506572053759285429913385978284695098696887506731542848729533664640000,2
Snowball_Stemming_Algorithms,2006,12,2739,1837,75,1.,18978,902,1.0499004204408773332093926772160909993083595966111474396159731642759234282923447216000000,5
go,1992,12,0,0,0,0.,7,0,1.000000000000,20
nagvis,2008,12,16791,12748,1334,2.,19628,4043,1.25941610521728903559180320439931606875683793948877540752948435415889158251773093143206387826302941835295539342892700784530145473591091200,3
tint2,2008,12,211,171,6,0.5,2727,40,1.014886490510,0
adodb,2010,12,0,0,0,0.,7930,0,1.000000000000,8
Osmand,2012,12,862559,673423,4923,16.5,286172,100548,1.56902903780110654894528929927815788850252986253084978229123438057326717524582994505615438851591281521479116951678892403404271683328,2
pitivi,2009,12,24021,13148,1244,3.5,27543,10717,1.63693094019540780170540045204047381077769458420775606782948701638242956301731899135240259423865122812993549716910536985168138687004160,5
inspircd,2007,12,106565,92762,2036,4.5,56102,13803,1.326335201137078576911050550106708700669558341630955899778735816427409401964742301696817240794520305966079448899449687755245171304939520000,4
gnokii,2010,12,4761,454,119,2.,187578,4303,1.02347837948261193527673537394196208793292090658944692574493461435492102597431268669745933548575293421673055131617546892616477622778878154488320000,11
opencms,2010,12,468352,248604,4200,6.,1389044,219748,1.1879318837997875074524438001286929203165395378598822063376218157090585915356226024514929546015490014152524755041407548616333245684838400000,10
eclipsetrader,2010,12,11125,3735,29,0.,256177,7390,1.02970484080850685327385671526381536232377867117628800000000,6
ace,2003,12,2022463,1731266,3854,20.,2325727,291197,1.148961453791852447746421831211448887926949805832036440721795684781031533660865557534870425123070940034809459704877442623986265010380800,7
buddypress,2009,12,60262,52995,1257,1.,35635,7267,1.2675527410195510633089264110110649390849101918496837075152510554763975328667420687596484000,0
miranda,2005,12,275412,144571,1870,7.,350979,130841,1.5943589929576811288166734506183250181852256786361231108137129437893953155813995624718550504902477098640376039998054460644209448960,4
gutenprint,2003,12,77387,67164,811,3.5,86545,10223,1.133945651352991708102745014285456904513009005870758320566855247528009079136670289556170068518487086156095953316860545991089120101595080000,4
beanshell,2005,12,37220,34581,53,0.5,41721,2639,1.0675246916673160320693921967554718676761845466200000,0
SHFB,2010,12,0,0,0,0.,678,0,1.0000,0
openobex,2006,12,2966,736,110,1.5,9628,2230,1.3014328197273958429628651662857384762473425550157893620278803878831882904745554640452604094026908282880000,6
grisbi,2007,12,41254,26123,405,3.,188428,15131,1.0873125328301562027960493528237136953267474331706450592956337688339742915998891200566965864292139102636800000,5
findbugs,2012,12,18666,10139,431,2.,284702,8527,1.03088921974913023878015296943675026293627864387429393979156483387596997022355494912815600759611410392693057532228153742154529288546240000,9
syslinux,2001,12,10774,4036,172,1.,13483,6738,1.99896219422989480477120781224524201571072568007015607425117151519242137038810111188460262022929277018115338240000000,3
grep,2001,12,14138,8962,117,1.,20139,5176,1.34591993587004294257139893641570119343182502476842455621506675185503107105402291545359103550000000,3
mifos,2013,12,37860,32242,191,8,2658520,3395,1.001278659196861503585975361319987118245,7
ctags,2012,12,4453,286,28,1.,54607,4167,1.0826130055569201476502958825436211568712565015343576519246849900529059483762680314496000000,11
pkgsrc,1999,12,35824,14279,4015,26.,39273,21545,2.2153091155550071834089177176829884751592336685131871073299495577775744749970116871263477130006742399646813097579030336743564576000,2
libvorbis,2005,12,24920,14058,150,2.,143268,10862,1.0820355572996865767283985647905270776005016121263656652420544184885263906264931946423520244488071140260568165120000,6
wine,2006,12,672773,535528,8896,51.,1352309,137245,1.11295289795187014989977908722145193516723475796923077119799866863734871142831762083485679621551584930273174767189253943714406299702482672640,13
flex,2000,12,5071,51,12,0.,10048,5020,1.998408910100000000000,13
scorched3d,2005,12,58733,32882,488,2.,231673,25851,1.125598818396249551525670685389868329246137473008619134231147646504762555451562743722405380532521358509852813352610422761397684660319906749440,2
plexus,2005,12,143611,202724,2955,5.,411671,-59113,0.852366609693815231936956408197566669382641461357055491604602556365946181380281551483902710812415859062212701632156347567037645395000000,2
limesurvey,2012,12,1865709,1711631,5767,11.5,467409,67061,1.20300046314149414160087299583506082319575207176380500097686018701593357896672778092116192813383258947734371673086325273619572459922226787280,9
springlobby,2011,12,56128,40343,470,2.,36468,4027,1.130793465216067736641355240703722265624042477214824006386716604171651624979548179060198978303166347440204536716560758366729134080,4
drupal-contributions,2006,12,10631,6219,700,2.,8413,4412,2.102724318996368730580619691718605216838929745250225854473337584556598376010314255665979743992740471502735676567014916318099407350816,1
commons-digester,2007,12,392,860,58,0.5,34654,-468,0.98649506550862642234149955065903261935355417874665800000000,6
xinetd,2004,12,124,60,12,0.,29900,64,1.00214505965982984479834171446667224383430458408448000000000,1
android,2012,12,10938056,4989950,47055,173.,15270365,2547732,1.2002519447117491635271623556397934038085002580479738386755131066554565212169356326544420747948337251399088945971657959836798901486059520000,4
amavisd-new,2007,12,0,0,0,0.,7745,0,1.000000000000,6
commons-dbcp,2013,12,322,367,5,1,20475,-45,0.997807017543472833784626000,6
wicket,2010,12,269324,270951,1307,5.,183745,-1627,0.99110253142452030569107012046991526362539743856933542386626916802824758443581748470795337924678860532568007118544386196220038766158117068800,6
freebsd,2011,12,800376,350254,6158,65.5,4420522,450122,1.11446609301476625182759373070792759379868306212775068712006417246903208850959604320347238509388264925104683889424408084835442302411897600000,18
unicorn,2011,12,1888,856,153,1,11661,929,1.08656354826684870224259010602656297168040494602989347182461796778542573539115680000000000,5
kalzium,2010,12,31295,35341,216,2.5,50040,-4451,0.9108873227236960908113992052602014616039930313012249757071741272491024108604546964858666316071354507754605944446333752497927372800,8
ccache,2002,12,1542,738,150,0,11501,804,1.07516126016881565536045750725522080000000,0
okular,2004,12,47442,33281,480,7.,57064,7362,1.1481228119609038736145723266889163532492532325763650870306014912127390167405630808080584226874611454749084000000,2
coin3d,2011,12,7862,96790,37,1.,3394675,-88927,0.9744726792731366642638060753240109531774826840136809010470592875357368656523733120000000,12
cheetah,2004,12,49,33,10,0.,9067,16,1.00176776046850719672994694865011711811000000000,3
epic,2005,12,26711,15977,231,1.5,68375,10734,1.18622161304901984903514115762884580614330914636750204709010686421401848759658974015354901324740111903903012740961308719041431961600,2
xalan-j,2003,12,87883,40955,405,5.,178613,46928,1.35636556942167389308798556092950213564988097982853337185187481203375142575931526442660009250203980647938498789510361074242996555087626240000,3
xwiki,2011,12,1824513,1447496,6020,11.5,555953,290206,2.09203866831384950007560707711303759020735280428810378498612196995669276623801294227406952878266995973831575308652394666018525986914304000,5
fluxbox,2002,12,29407,29533,1031,2.,37583,-126,0.99665862256480624831977105366587676833406743192812865900115321477978986371213289193452942305042316994621313385834248804658938174993500000,0
xmobar,2011,12,2010,839,90,2.,3105,621,1.2499999999824775108942913651245102387412828522561649805501861116846757502580257331378368558630751312000000,4
freebsd-ports,2011,12,256537,283306,22494,113.,1398043,-26769,0.9806611154698140541137148229450401337054329422905657685584052879504196977637695876696982981934024565515356371264106560841344161279954664960000,17
lunar-linux,2008,12,3048,752,164,7.,18787,590,1.0324229268592160128647061538309286803334268101746737064942904803185013485162210680000000,6
metacity,2005,12,7684,3085,144,3.,58531,4599,1.08527404880033693417313605918302504292815069051650096586270170455104332107551285867380552157173957600241230366184970268691037596815360000,4
john-the-ripper,2008,12,672,424,31,0.,21244,248,1.0118117736718745481815700000000000,6
tomboy,2005,12,6546,2303,157,2.5,14980,4243,1.39517556110605900096116590598815824212983488887957769657717176077882325812599675600707376574742550312640974484574851943581504400000,1
xapian,2000,12,114317,57414,2558,3.,65674,56903,7.487629688846735610143650647735948514028952701379217866867974661575501417904516482022790176496073361366091571415068795512320,1
kstars,2012,12,72283,27309,718,4.,122980,21323,1.209754370075881263510606869223337083182099447527164105183094055259232105405406297726251822231405580394952715286806216290375680000,11
Skim,2007,12,103401,45573,3752,2,88340,57828,2.89525432618102974758024554487967219640085781454328160225298803146603165473015786778091251435520,0
mozilla,2009,12,5674421,3913268,24836,162.5,7558473,507974,1.0720479500887069979346756375239146242650319989282098108122978067799878860615619809375670911390742362257936262043322341262258740203832454784000,11
claws-mail,2008,12,0,0,0,0.,151955,0,1.000000000000,7
xmpp4r,2010,12,136,36,19,0.,47780,93,1.001950217040690596786396874812799786400000000000,4
gpodder,2005,12,526,14,6,1,2724,512,1.2314647378,0
yade,2010,12,95186,154803,1015,6.,106244,-52645,0.510647790946278281804623246288038543352175159632201703922792523690511506411414160004874103065952245146553203266029641558212567040000,5
jasperreports,2012,12,74309,21725,870,5.,335399,52584,1.1859307320702157569662108651944826751174438713905334346592908468988832516780608146302422910495256362901068626396783733464831203774848782544000,8
factory-girl,2012,12,4279,3201,187,2.,6142,1078,1.23870682022651850252001856074711462491503727329461683287308461054053978546650134485870171676809186411921316436472487076396457229984000,4
hugs,2007,12,49,31,11,0.,81336,18,1.000221353205900000000000,8
glibc,1993,12,4574,528,262,1.,4759,2023,1.739400584849529937108531851292865831866589511602424943469563267960706528931200595524065860409227083464704000000,4
alpine,2009,12,29008,29003,8,0.5,449370,5,1.000011126812280,2
pharo,2001,12,35745,4672,5899,18.,236150,31073,1.15151869786022838075631365236335820046846912262236343873928865440063081737768436675579056609676813557884911203172764377753599535989145600,6
msysgit,2008,12,181458,220412,42,1.,286321,-39004,0.81427904806076041944517249358520705782275668698411745567554377358421728872456382116347600000000,1
cobbler,2007,12,32881,23540,758,1.,12127,7940,2.896345832245396753554496415428651410327474633618835580729697365660558763592005788754446925592103862017183201387397120,1
bibdesk,2003,12,2089,866,107,1.,10197,1223,1.1364346274029016149897254462971180120530814181108819575761784268102786448479104137563039771010654087488000000,1
jelix,2010,12,31658,17225,665,4.5,89250,14352,1.192064235531295552851849986412378005803753380398078836293349590909295726172717344190759518455359678180205614077201329486070945297325610854400,4
quartznet,2012,12,3512,19033,120,1.,61399,-16097,0.7358896107925454407277008380229093365692510803915636199287363130564724241295101352664406505362392742572877278291914798972333943936000,5
smslib,2013,12,8,5,4,0,21026,3,1.000142700851400,5
horde,2004,12,134630,289156,15315,10.5,197920,-154526,0.56156120367260118335628089205478227202371996473093743402023863866076316041085356428924746977227289708021159022081713311241400384378624,6
clip,2012,12,29082,24674,492,1.,22535,4409,1.24324175221023392403445522568316832056977859735146838882527183085798589337082354097055404081769069318400000,4
scorched3d,2010,12,20066,26069,178,1.,491666,-6003,0.98773741773231597932710390707070085645768079260934515224546819631119337087496747270641139823417395565271755911056372447604619985817077566364146800000,7
apr,2007,12,13677,6208,548,6.5,234156,7469,1.0329485149133641235424293396050404405459268800400719991188543813961426343668419549579533421604332354657000206171455505464516698973192800421224883200,8
concretecms,2010,12,2673773,547958,1787,2.,4469912,2125815,1.906880133428596977762809658520059189715080755831926521381966252680525382906822532057725745499330887121072512851766531577685698862723093696000000,2
apache-opennlp,2012,12,364152,6001,375,2.5,466195,358151,4.31498519089089461493565776742247402424183152170831605402033700853099332801402485530173118164913458147389150093926669469069563154510298330905600000,1
moc,2006,12,2907,1156,85,1.,32676,1751,1.056620856911247327798747935544855255758126241814455783866639790200302590839984806105271348911775012502840315750000,2
bigbluebutton,2008,12,325874,264174,1295,2.5,451854,61700,1.22567171162694071011562708789262032829865198605876997675694899200,0
chrome,2011,12,4425778,3666172,38615,321.5,5332244,759606,1.166119863416898595625530033069474190950228560682615023723361915713029668197616731726141210952700670654167628159215300244116675405568000,3
reactos,2010,12,894957,610166,3644,17.,4674703,284791,1.066340018714448477489778714360395878186344904313102527706032591473145500877656839339992522421263397051031232716528882137369935973662469775680,14
eclipse-scala-plugin,2008,12,3721,849,76,2,12595,2872,1.2953820836848817253339340983858442275085453023247148583941372493370014528297734112,0
Syllable,2002,12,661911,480703,444,3.,2277958,181208,1.086423274117514523366549071170904552830655880977109024449244661763694840,0
pitivi,2012,12,42285,52531,728,4.5,30763,-10137,0.667486715161043410918019253412605276478349297842531876598462619583550240848942748524820052721453619740800000,8
xbmc,2012,12,978313,641125,6794,50.,7000282,129825,1.0190105744612980954399388697146206792007681253123716652302148350758300156542965716573588204774592850185595607059071873511171662768700791010924115200,9
lyx,2007,12,277615,281432,4274,15.,294503,-3817,0.9860768635929618956152884428992083158475170227929007229391029149386068041600695255567082725425055027227960037521509518821040001548944774400,8
dvdrtools,2012,12,0,0,0,0.,95824,0,1.000000000000,10
l2j,2009,12,256943,248569,997,5.5,191991,8374,1.04560579905769613387944417762234068175883898673898321839258250192743517551449725014754445475868501318258594848431555961268499588020480000,1
thunderbird,2002,12,101746,39551,2318,30.,370026,62195,1.20204267926725086062270420770170546822412814642987563370348684304200142095963001074434303987871121993708845667783008860498559338926489600000,4
libreoffice,2006,12,966610,321939,30411,17.,1475079,370528,1.33545576441901710418816860236867972245381264583968079690707409276225178311366147564367171480880629139135208946453089950722533043874291200,6
setuptools,2010,12,21,16,8,0.,10587,5,1.0004725004725288887324753500000000000,6
horde,2006,12,221371,162380,11526,7.,337093,58238,1.208846891754741185836437801075711390604197638521740225750117230653476503522742441089070953774669142137650412831691350501794770284544000,8
freenet,2000,12,0,0,0,0.,279,0,1.00,0
drupal,2001,12,565906,450799,28492,4.,178287,115107,2.8218898386896455205096397887668221088141662714145028733700748348049728250539074833124859713938380375474780400473436592621680000,1
genshi,2010,12,714,353,25,0.,16637,361,1.02217989677958222435588650620717886338196791497600000000,4
maxima,2013,12,0,0,0,0,524240,0,1.000,13
quartznet,2009,12,33808,12000,56,1.,64824,21808,1.506974149171406538110256572404305666777919549451143081742385979412160000000,2
virtuemart,2009,12,345521,410549,474,0.,178254,-65028,0.6351947220849775870796297174765196166943556000000000,4
remind,1999,12,2205,54,25,0.,21167,2151,1.113115271333083160326013773495596408000000000,3
remind,1998,12,19914,15983,114,1.,19016,3931,1.26058999011536149561923325122785964125106863187775708879402332638966629374469660564367867351726639775436800000,2
zope3,2002,12,191392,113357,1189,11.,88252,78035,8.63776059479840936621790846294028590829126433077807680568312602851023964388972578045723648920741258043594464778267998502321588160000,3
formencode,2011,12,4302,2698,126,1.,28082,1370,1.0512878107181831338561032031612131506678714296000000000,6
moovida,2007,12,87749,64391,1311,4.5,39037,23358,2.489763377845322837763473554134926374214936273197834378012980386970905969496650789154987093927723893140515356067376637557595189136000000,1
devkitpro,2004,12,9581,3789,75,1.,66547,5792,1.0953337173861877772366410573769649140570703180,0
ffmpeg,2009,12,98681,59836,4881,37.5,346510,38737,1.125862242615974136737134401844980126333418379397998309034606417034933722866645526624743874005213401337981807451978812178523187766325917641472,8
Rhythmbox,2003,12,100823,82088,879,4.,48838,18735,1.672421218783282452841115536069857132672444313057978502605484680497272269635439286849486995292329134071504352000000,1
snehasrinivas,2008,12,176,39,19,0.5,47941,137,1.0028658689646131086309569643082865783536464512570513600000000,5
hsqldb,2013,12,2992,2717,51,1,577321,275,1.000476565126459645790632440,11
jboss-drools,2009,12,2527032,2419853,2625,10.,756826,107179,1.164980366258080017653240821777952816860195245105540045960850995728245417143369342917978979641400749292587210774090390708249594256000000,3
prebuild,2012,12,0,0,0,0.,13355,0,1.000000000000,6
phpmyadmin,2008,12,346664,233153,3973,3.,194608,63124,1.48008883219366819744969746821000899318294876924335630091380316072081258127524018050326651092764961194110162985005533169524873931741376000,7
zodb,2007,12,3948,4269,151,2.,39875,-321,0.991803906545658330759225401449068067486442121053330473511558286092740522407551497107796471496923259111415153521687760584832000,10
commons-fileupload,2011,12,150,10,8,0.,12668,140,1.0111749680700000000000,4
stackless,1991,12,30137,10540,427,1.,40536,19597,1.9359090692753729130183354908213881213681291885122695482590531200276517816235152681187399280599530198712111173783524356715630592000,1
gitextensions,2009,12,74335,19055,337,1.5,120736,55084,1.839030037190726322203327742867458637290301549800172756033894241093433893835256161175863677563024873987988826265600000,1
jarios,2009,12,2855888,1258631,5185,8.,547495,520190,20.051089546258962977906670432994364698430830060666409237669079059884694940645245906145562893003631789149877473669583890280071221709312,1
rap,2006,12,8054,3288,12,1,24442,4766,1.2422240293,0
inspector,2001,12,15662,7530,149,6.5,18454,8132,1.78783181551349581540272955852926931148335594413871872008677632973704564592495787728812269024717609884294403060738208360,0
velocity,2008,12,8570,7038,277,1.5,53798,1532,1.029938247483536744842431342047429314295680207811511585514171954036521388963769554279261963283053612384673704016497325760000000,8
scons,2013,12,82,26,12,1,123337,47,1.0003812150215397030411314800,12
chisimba,2009,12,1008,109,49,0.,1573,899,2.33382789341010847929479172103662430655217420000000000,1
connectbot,2009,12,59196,16840,646,1.,99702,42356,1.73860426186425135111695932223594949074648162517742677158435139345580425697772433421303452566129957255501157234573534677790000,8
sparkviewengine,2010,12,775330,136964,597,3.,1011656,301864,1.425285153992257565235699642636691530774589984331730730847551540498077102230674543748593774225809314815040192543385600000,2
koji,2012,12,2496,1086,105,2.,28978,1410,1.051146256528295650163892320773493927042892384468724126303986010696733276232994039689544887798018064549934125688844302046826756794777759515141520000,5
aria2,2010,12,63887,95947,1131,1.,147245,-32060,0.75235020119192413236477762120858166366579594642794935739193794011087806160381414032758437431161793491116137658316305139471846112056960,4
irssi,1999,12,1541,439,53,2,2365,1102,1.99100719409365915295186237525232,0
brlcad,1991,12,82662,22863,1563,6.,219495,59799,1.37471801680684931559701412249625743277901502964014811841762995099742403328847300909662066376781093454044801911869078047514417872390912000,7
eclipse-gef,2004,12,56013,24847,1508,2.,111335,31166,1.388753757629241595991663933137680812086178185643792539090704602046603438290250671981015566459595471428875739595330541748118785012838400,2
gallery,2006,12,159865,69235,3948,9.,302579,90630,1.42760286670343674476110493818276510150717551053988282878999159299340407026591270184562454333276718465277424699269882495078838731000000,4
libidn,2005,12,13800,2893,119,1.,39596,10907,1.38018055698608605184968520985013095977411340825785753716812883577184508242574659276080167574768640000,3
nexuiz,2009,12,27118,17736,524,3.5,41628,9382,1.290950815562011183165804336399080508949538368622523738693607203979068786161478168212773823992655735124315894930447278048583081198166323200,5
gnulib,1998,12,5830,4048,386,2.,31035,1782,1.061201360036880233204426452815696624443441947982972769207459900529927727253320724079681090984075753197432971042354643965105544150696335616000,6
gutenprint,2005,12,10733,5120,227,2.,110190,5613,1.053673369861273138979513205282921197493132863489849652978557252231783911964033350556084116411674123980171896628043602715688950908719122209766899712,6
openoffice,2013,12,0,0,0,0,19603114,0,1.000,13
gthumb,2005,12,35294,24962,203,1.5,105479,10332,1.108589866200715225790687870987880695047114943454128617464433132212592073025290697317072993652636274115844188576211900500466138502220293086720,3
dtach,2011,12,0,0,0,0.,6007,0,1.000000000000,10
mc,2002,12,52238,55026,2249,2.,202622,-2788,0.9862263852707622796424606447297822139426950396366936842680543206962780722417933432437666650512706842566767978284464327606890754745263319700340736,5
turbogears1,2009,12,11168,7070,394,2.5,159585,4098,1.026355901137133128898566146556124566508685792940223693434946175071695468777476177898780488295441932648695416886573866756990364483828064000,4
openmetaverse,2010,12,7516,6950,161,2.,229641,566,1.00249296376407074698562141797776488609158225638040480253383733195804783702161116752844705429495351059790852374709143367873504180923105280,4
pdepend,2009,12,361861,54495,3296,1.,20435,6,1.000293700132200000000000,1
pango,2005,12,21939,13409,284,3.5,60877,8530,1.16297286968787503130472689036953936251828845286984381296865272463435253609743874471061427223048912666434003761629543650607761355820695220913920,8
springrts,2010,12,441335,358226,3759,8.5,304132,26054,1.09369313646127596466989142357042505215560682174322904235881030017437792890178698118177639939480048865700152625935227347365891695113516768000000,5
w3m,2010,12,7900,8741,50,0.,83571,-841,0.9899048099161857647217622554767200000000000,9
wayland,2003,12,0,0,0,0.,7,0,1.000000000000,2
mailman,2001,12,57363,31011,2310,3.,72345,26352,1.572956754413494238983197529975184435362515157217501139409250452282694924432834956268416874062531347368908815047639040000,4
GCstar,2007,12,37531,12254,612,2.,67133,25277,1.6039038608580468216163333742565220580922524914228035012779296035848651526193050543384490144757059135912159889679080641150982830991520,2
bulletphysics,2010,12,359868,673177,517,1.5,699042,-313309,0.600209013371382107630827388545580616545970946507345136781914086035431978052206575159949819821122840507957144106963624663114006737715200000,4
wwc,2008,12,4445,720,65,1.,531137,3725,1.0070627896213948961394128274693893071967351433796843729613025054195631829743753509288820560000000,4
factory-girl,2011,12,6679,4714,208,2.5,4553,1803,1.6645779578968522999376543465196470692685695984821763560592806317652759249728115901556090323178675101727374080000,3
wget,2001,12,20976,9317,328,1.5,35402,11659,1.4910499937186917332025370418787008035821952075842518742525572998382998092897424051908508160000,1
config,2009,12,177,187,31,1.,2938,-10,0.99657768651653825417323787478047318530856265196845123190555265327876057511919481047831954750336671005959680000000,17
uClibc,2006,12,68879,32874,1320,3.5,220946,36005,1.1946837099782845284200174797015887798167502351924264485915825846142146173124970154202435381650244687698215208658015883686298292317863284937280,6
pymvpa,2010,12,305616,217509,3061,3.,97268,33956,1.536328026222607316065265312579822544956669067637750646144598784977564297858686338163020795961201882880000,3
conkeror,2009,12,9410,6729,452,3.5,24786,2412,1.10780370072662031967799442931935140087713624870840165959938324527704222418354947993798285876126604404213888811084821071662616621074131840000,5
ufraw,2006,12,17178,12751,323,2.,20079,4427,1.2828392537450997454218640064107619783756488375148256309404395884108335521620208649843340009041285412733390610561614882220746856883456000,1
SPIP-Zone,2011,12,1229436,539083,11095,52,4293972,690353,1.1915721390276663915105371422131469328749410250276982026293245635200,6
rtorrent,2006,12,12543,6376,246,1.,13502,6167,1.840763462910891923838177706260649601180756429027672841436602760837863471580753311302586383985958615458102472287352846425479946240000,1
gallery,2003,12,75710,36923,1450,2.5,69523,38787,2.2619403956774267964301172548954708294829935083357488931580119486416876217252489978571397840446313400697194091016749695300099072000,1
freenas,2010,12,9535,4717,179,2.5,212873,4818,1.02315733819928259002010,0
syslinux,1998,12,2385,999,90,0,3529,1386,1.64675688285435126509035845465759591558323779270038528000000,0
glew,2006,12,697,407,30,0.,48357,290,1.006033245262462821878411380259120023993743343124000000000,3
axdt,2011,12,0,0,0,0,225103,0,1.0,1
gtk-doc,2011,12,533,399,81,1.,7984,134,1.01707006369768111225289825046682095408006383092568656621938404601736403783221975516082040126982694020979040000,13
hippocms7,2011,12,161951,119806,2069,8.,246812,42145,1.20591986005801631420041956985409283410899281869828169532426425923877818627239104841782130289423768764700967237388237350894785336419200000,3
kvm,2009,12,61807292,30510633,65567,713.,8700842,1677286,1.2388086604609254285676122557106166411441435005628336832728544134916789513604936161912727338329039288701645478229756928214856734460084305920,4
asterisk,2003,12,83374,34646,1359,3.,154198,48728,1.5080119683912055509065226037736302509659416485305417933391500588788515925343509841643283751245970428927698262047428443531519258699200,4
github,2011,12,0,0,0,0.,3442,0,1.000000000000,3
ncmpc,2004,12,14173,8775,173,1,9826,5398,2.21906052392613029699902235748360835249752466845785187197788657152000,0
subversive,2013,12,1186,552,32,1,131953,634,1.0048279380747879076424874433680224176,6
mplayerosx,2003,12,538,341,28,0.,3742,197,1.055571227080000000,0
caucho_resin,2011,12,269305,209693,1114,4.,1232867,59612,1.0508090739000350957451549220296474431983254150545741896136136304640448760141391615426332836113270491963808008974839867544219813027579148619673600,6
junit,2008,12,5551,3692,112,1.5,17555,1859,1.1184378185530123792970604895032568631316410095403356308407674954707840663397955065913611939508124193203008699410339651507926184133946355200000,7
yate,2004,12,12855,2103,177,2,19825,10752,2.185054557507612304522130420724891148695609153926313199037503875773858784000,0
groff,2012,12,13662,6660,43,1.,180432,7002,1.04037363777789589311556675761815531566084118303864173356262235095924328775281419442698946300986687492800000,12
taglib,2011,12,9701,26890,221,2.,41945,-18844,0.548159693056539158906715901776136145988655557901542975469316137342964954962874919191924308166918293059685271541336000000,7
gettext,2002,12,225202,67685,514,1.,276765,157517,2.32091942828964699169703455914335386252020723086657782591157909635130140480567149607849832514466853385091209468131165944881691852800000,2
fail2ban,2010,12,6,2,3,0.,4572,4,1.000875656742600000000000,6
matplotlib,2007,12,254616,443319,2090,12.,524536,-113830,0.76830196666139684718023257560673125599890277439027316330461853127877399486351809207193499987676800322325584771147547812231452696281698421208500,4
stardict,2009,12,266718,25193,111,0.5,482479,241525,2.00236974686804086625140926920682470917026816517773148742574085534174224000000,3
facelets,2007,12,399,164,25,1.,119547,235,1.00196962585479606322044804697486138454969862118756134935578730586532411996331706359011706040000000,2
ejabberd,2013,12,155,127,16,1,92324,28,1.000303371760512810485425280,11
eathena,2012,12,170454,103307,141,2.,313916,67147,1.4332735391883204382022681367852920300488713973078965847438221636826070730,8
protobuf,2011,12,184,100,27,0.5,92419,84,1.00090973087117677298786584638486683797414596492774031121483704197120000000,3
re2c,2007,12,20888,4303,171,1.,163927,16585,1.112561252054569434177572825436426565748537465924573217581527570080101240467574467897440000000,3
screen,2010,12,4756,3218,87,1.,43090,814,1.019254423318160567237940829107346142114797980936404342059780647630056142408000000,4
sane,2005,12,59792,14050,267,5.5,363162,45742,1.14410560140578136302992248037043126770268446222656950961628685727638791145618014785335514634100873447501195166235413548131774319216061631704192000,11
scplugin,2010,12,28982,3521,126,1.,40189,25461,2.7287479626933706079708332866073961400815630061504337851495482735487973740117948941191087553481500521323238656000,6
kcachegrind,2002,12,2027,948,12,0.5,55744,1079,1.019738406660,0
scintilla,2007,12,42960,16821,891,1.,257207,26139,1.113122544015711087999646316309051899450572076791326895376510318372168507191867995897535407302091576322752418659004670369558562610897035829657600,7
debhelper,2003,12,397,148,58,1.,2707,249,1.101425661902353016145829970152878532151849651466640739768730542429651593846097433052397520867131072660544000000,4
weberp,2010,12,59791,32542,2371,3.,346010,27249,1.085484108780459511918950782805392927014091213891530375360773581851481634359755083317338142239289922317207002635465424440771152534223438336000000,6
func,2009,12,14566,2464,286,2.,22883,5397,1.308646917571022698432048052405358376847915302649564555495220329341536019430153524770159068160000,2
solrnet,2012,12,24983,19042,186,2.5,243671,7261,1.03071359080093714790423456290561412568854017283187420713224395038043848678667633615623958921639190432582323399949081603929600000,5
choqok,2009,12,37991,27739,586,4.,13592,10252,4.0694610779561195322945780577175307112637461324837286237220448573539409048215988929176736678486244141564783859459808557779660800000,0
mldonkey,2005,12,88965,95225,555,1.,247392,-6260,0.97436800340995211399212748185129276310222627709603641535793297073850769745098975085505632961746522947017382444800000,3
facter,2006,12,1609,1053,69,1.,1587,556,1.53928225018535501335581796419454222497800307784355829431194234614176638828800000,1
postgres,1997,12,178600,127120,1622,4.,163163,51480,1.46094750324662133236699550221228370061710437142351968142001739283683597825800691381301128192459987583599955042637180922734375454208000,1
phptal,2009,12,15589,10973,609,1.,20190,4616,1.29639142160568919327791581463252709344554519777118932685803113993511798848786986818060348957896696185582027310481737368155934415257600,5
camping,2013,12,66,31,8,2,4230,18,1.00427350427320145821833190,7
deadbeef,2011,12,177053,168209,881,2.,163293,28123,1.208056521398265987708193632977748138889787261111245651642169528082828907620479005756296135545393648887484196253341325380341462431476540000,2
sonata,2013,12,9426,6582,73,3,35054,-531,0.984964747854498030731752276128178410,7
thegrinder,2008,12,16745,10688,315,1.,129454,6058,1.0490939738745114709079103781977054789871378326946734586791583629467437474712427372825638527017667934804759236744765146821263732462676400,7
cyrus-imap,1995,12,69325,18305,1650,1.,208390,51020,1.324204104923966391614575857746935771025206826119666948941542502816088971059232408214531826568317935429367741041004578222279434413720371200000,2
krumo,2012,12,0,0,0,0.,4339,0,1.000000000000,5
speex,2009,12,6215,7107,23,1.,91996,-892,0.99028322439920440294006969361599282731194333910535437740516383768282430160000000,7
warsow,2011,12,0,0,0,0.,999,0,1.000000000000,1
xmoto,2011,12,18924,19246,177,1.,813052,-322,0.999602726627803412438531160881049393758914785641145944801230925420335481765300090737827422096005977600000000,4
wicketstuff,2010,12,2682147,2298952,1287,11.5,2096934,382936,1.22880879444615375343843921406618348592969654108216854257079605700604547377918944505959015728438136622570144905089334280244716790230520989235200,4
bison,2002,12,52152,38993,888,2.5,28485,13159,1.99538577908661830193036380389511993756365158322565577230977194428175680681593897808235796268413644977529621348768686272810141286400,11
luxrender,2013,12,190734,126560,593,9,389122,44523,1.129202348239436711463492844974872,6
koha,2008,12,130240,59125,2103,13.5,328588,71115,1.276203718500669663805811761220307097756230494924576795305143494291045122136441032866498734377386755972957857080973388395528954444412515647720,9
homebrew,2012,12,66431,44703,7699,176.,75213,21072,1.389205962197304321695139228267595965173644112049593843648804859427890065458222594746462766602891197028797565969581062431524013696000,3
stumpwm,2005,12,0,0,0,0.,1472,0,1.000000000000,2
helenos,2013,12,23732,10105,188,2,484560,2449,1.0050809761117054504823857321249182464,8
fail2ban,2007,12,1358,611,67,1.,4346,747,1.2125177809031780310912105593628413396401617812645423064627197375282294411256951941947998125145735357803697391872000000,3
gnumeric,2002,12,255616,181970,2529,10.,274164,73646,1.3672787479882124124352102475582590310547830200947978718978887732291205552336550598505539561062207662079328629838732806211776633856000,4
patchutils,2009,12,559,178,19,0.,14241,336,1.0241639697935239970116160000000000,5
topgit,2008,12,1608,498,252,3.5,3036,1065,1.5403348553763318276156782523895680037560000,0
civicrm,2004,12,8580,221,98,3,14275,8359,2.412947938,0
inspector,2010,12,4388,4027,172,3.5,12466,454,1.037795537796203700956299250750954066067676820986733614301815197312208660821601376009432502932001540858286460379651955141087896398656798464000,9
ghostscript,2012,12,175021,241566,831,8.5,4295552,-69512,0.9836542811788182381823524853525229861351988153794172138275653638026471943223986859239078625051317270838269051545581458752355197625229017457516817016000,14
wxpython,2012,12,211599,64343,749,2.5,2558777,147256,1.061063536254779233834548645509375826177149611453795940394137855380376971765543987313932584393821069480111233505764395029127977223901867872317591224320000,5
weechat,2003,12,21216,16064,100,2,21656,5152,1.31216674741390546642178147210080,0
web2project,2012,12,17729,23743,1797,2.,95079,-4232,0.955575150639661861505175421052530470887457830546094800213285232871547024375448323407624967383463377159892600093574948525056722819033652247527424000,4
bcfg2,2005,12,10268,5078,475,2.,7845,5190,2.954802259374116824898137853416257221560051183551255560451135436312609862500436216667490327720586827206461682906839040000000000,2
CruiseControlRuby,2013,12,2,2,2,0,19351,0,1.000,6
sdl,2011,12,243805,188341,1505,3.5,1773163,34805,1.0200217676708795792843776163085429401337115737671716884944725157132092905098016741921389540596113493558351465468179926390652179454919174016928000,12
emacs,2002,12,234292,173947,4780,25.,945222,60345,1.0681959187498589187702655409478558628024218068777092473267604496809503089799693767395549267532067707777228557095737146892858697611666538038400,17
html-template,2008,12,0,0,0,0.,18633,0,1.000000000000,9
libogg,2008,12,420,149,33,1.,41206,271,1.006620251618572392795296675272144916463913586558973665533172326456831189238664929586777237760634970669553194495683059200000,8
libvorbis,2013,12,10,8,2,0,186264,2,1.0000107375632200,14
marauroa,2007,12,25003,22755,582,2.5,14892,2248,1.1777918380850801944829293148631161549338489678693741660724289894699439408850155366995962688825101646366914466596927882842089527832674304,4
ganglia,2009,12,2918,938,348,3.,315452,1980,1.0063163536143200354653869137171023709156446701591657509183755867239959407584582198704232361814108799100204189813180423444031228544920756027392000,7
ogre,2009,12,373405,287515,2370,10.,887902,81466,1.1010197957918249627226680585999615186957761809777870752438352657405842816840109477356586884939663274485340611964744570553610242029649920,7
postgis,2012,12,143588,96892,2112,5.5,281524,46696,1.1988519256601245581182277687957748174587041653235143865849526954774984666167423087321813057145123035391981840543141971155964263467208704,11
ocaml,2006,12,81182,45901,335,3.,245943,35281,1.1674768111821564390001986789554222219639657714139268535264867760194784310548381536844118197576200398297910428800603205031591928016128000,11
maven3,2012,12,14228,8279,485,4.5,330497,5864,1.018063474753821118272017790849716803897848010245303621808711833089461292440397783934345677914743278046285759306983502491462988161508532224000,9
v8-js,2010,12,625161,210094,302,6.5,808946,415067,2.053793170026147865943818948698166569111756924250349307086595206642886156015101079289848947616572408205649490206955877508807671514080000,2
moodle,2003,12,343162,171275,6233,13.5,231163,171887,3.89977393920012866935458619449865491558482168613595204153707220915324438748546916081949408966124833939572062380450393777920000,2
port389,2006,12,141629,51753,428,3.,714315,89876,1.1439307923145279030678298008493387610640665774769729238817169348314411808578990716644678502161622806087466202802849272591024125092975878988800,1
compiz,2013,12,102461,27307,491,8,305246,13196,1.0451840438281579509113374043109144,7
roller,2006,12,12340,311,41,0.5,81428,12029,1.1733310278249496243330725061506348376720140404793217956932394955650010152000000,4
taglib,2008,12,5362,1424,142,2.,16520,3938,1.31298680657573163480446932017592093320343633128143755300070832730463667149485378455657007248000000,4
openlayers,2011,12,39838,24430,1362,7.,109597,14457,1.1519550136661498576765663170918477568536092148832259386073855237548188720551157612339488155059149126502029002533618535033336223991649940000000,5
geexbox,2006,12,10208,4830,1021,4.5,15678,2370,1.178088367894306852580068174258170759722360228451869182888867283259647631861906244427314796066108931408750455203911510349789565349754920000,3
jruby,2007,12,249203,123795,2947,5.5,289892,125408,1.76243282025525315633920209415301855800885977853882075678876641658189531857043458021204575175208031055173131289072995701419921892176,6
bluez,2004,12,16953,17798,420,1.,5128,2234,1.77194194884264303801873933321920295757503189014496969218502878115519579425258008888260876492276113811484913280000,3
hoogle,2010,12,0,0,0,0.,5284,0,1.000000000000,5
PrestaShop,2009,12,246866,170386,5614,6.,315156,76480,1.3204343963841876389511308094379807891326740959311302366934761016640465590181011816665536377291555712773185278909187886067045766371737600,0
freeciv,2012,12,48281,24595,756,3.,359613,23686,1.07050936661924283637082782940158200800135535094178374087924588456162395469710484821311212318191293069929090989474230661878282064071997511680000,14
openlp,2007,12,23173,15839,255,2,19531,7334,1.656051525123980366535744039895209788713439274381806391949666010992939732456311916155595528271411258725098456259195699200,0
eog,2013,12,42,8,10,2,34792,34,1.000978192070900,14
cdrdao,2001,12,10664,8009,137,1.,56338,2655,1.05207107554695631299348151864578157395401737988701749316466798864197966891799014074763644225383350075846347056588909843541303613440000,1
gnokii,2003,12,87476,7441,559,3.,150415,80035,2.1371838590594967448666249835453856142574387152232671800510046754084746205181160749897397099137546071779369120620712493177443085966181482880000,4
metasploit,2006,12,76334,53531,561,4.,113313,22803,1.251939012266447599330974074288661248437942369461559458148199295000,0
gnulib,2000,12,9856,14523,712,2.5,27686,-4667,0.8557475350022274389755567017974794740935748506049911932087691306580436208678209402872715998713642984774575055641607354255998072327856640000,8
jspwiki,2010,12,12310,11530,165,1.,99691,780,1.00795723495853677623404514891867371182083206396294972389185931979076670053328318669135104000000,9
netsnmp,2010,12,639814,249139,2184,7.,381662,5325,1.0148150415028058965049147538025967531865921928401410686468023095691638026855048649431928068170610507137460825657487782209524485219463040000,16
rsync,1999,12,1408,883,92,1.5,16620,525,1.03262287951752443125337002003388580871758358933086595515919137485970556055952582351855884528156205519463444134316326164582400,3
ghc,2005,12,31837,23492,1023,6.5,206243,8345,1.0422281483860521266336278038557108290472820343554675958810981680674016396768438323078479461851350461356655708816561897506062960824370867706265600,9
mako,2007,12,1561,1705,104,1.,7028,-144,0.97992191857298213654915937882316463737849710228826085725895088193520042439912788367103912874777707838771028594191578296247854110841043845120,1
pgrouting,2012,12,217,127,30,0.5,8601,52,1.00608258275829938878352520000000000,5
groovy_eclipse,2004,12,1609,1549,44,1,3629,60,1.018393623537852647392585515388137743784543977829856116694625577600000000,0
krita,2011,12,382031,2155061,2617,18.5,408002,-170820,0.5733680992509607709497414288279281060756798864749279660932989885786235156964721271177448785076561900574439710128403051126205296000,13
pulseaudio,2013,12,4156,2243,147,6,261252,1913,1.007376445501626320776557823622738470,9
Gears,2010,12,811848,1921,23,0.,2310527,809927,1.539735439177819349777233414410336695809733730015084000000000,3
wicket,2004,12,50323,17685,345,4,115521,32638,1.39378400883667100860919915255852,0
aegirproject,2010,12,39190,25842,2966,4.,17184,5076,1.4192269573853713738326308436287981829010458775364601881173079677378363584100494565756083515593795605291256141472406504799060857653971200,2
nant,2008,12,2687,1326,120,1.,79041,1361,1.01752059732285004337581348478498363132060601200216263506345439516406613603815497138977369949148441519856613901232344901092400000,7
devkitpro,2010,12,15557,16541,631,4.,200944,-984,0.995093933230348370998231154392686916838960822783605810035887401247756470372533265630410845902621426069359840587138614050035402510103135054504115200,6
widelands,2010,12,422237,323528,2846,8.5,116572,16738,1.17160491296124548638839171665353689912747070008732511550949642755399656772926270713586719679466960011210669660639553859066968185179648000,8
perl,1989,12,124912,55744,146,0.,186818,69168,1.587913302139148069852973186797875000000000,1
kss,2010,12,1005,132,20,0.,36347,873,1.0246095732062129485122682895629163745000000000,5
supybot,2007,12,2422,54094,27,1.,88024,-51672,0.4129782786354929777551810136465800846145272088343000113064997579030942723822281995520000000,4
flowplayer,2007,12,94913,14120,309,0.,92337,80793,7.9987006232772330691308671457769834174877948381955318660000000,1
editra,2010,12,21918,4143,337,1.,79016,17775,1.2902467301835015986547625740729636082692925843810943012202618076038055037106120694045434201432892118742518643016938257866422638372109590400000,3
PrestaShop,2012,12,204302,149185,2317,11.5,607831,55117,1.1026198149658768379682207852946325621503781149090369772858967227072950652681871562157851757499862286893350870627754541346348948480,3
ndiswrapper,2012,12,49,2,4,0.,23395,47,1.002013020386879831349617569725254760000000000000,9
Spark,2007,12,45590,21862,902,3.,75971,23728,1.45618487325990135425868262560795503672170043025421010159924065573802482974574451266687575863649952924225155551123226759108120247910899200,1
qmmp,2013,12,34186,16629,219,2,311402,17557,1.0597491874882169906117512402712197,6
gtkmm,2010,12,61052,78179,292,2.,158310,-17127,0.89030154739562584930966228589962615826258915909989372599483052944634631511892171638118537558616943531741011102833693062888083791528056460800,7
struts1,2007,12,3707,2742,171,3.,171144,965,1.0056704998852662130952164332496368659443866996069873338788394207090120298321125830036967934132686446485742037645019786596328000,7
cubicweb,2006,12,13830,9264,132,2.,13904,4519,2.9148305082623946312005932516788794268485220556958279086255555169834431911058826852962800000,0
swingx,2009,12,25094,17322,400,2.5,138640,7772,1.0593880857049648557951638187227178332462064035566584302493028347438150823104011711650835060075683873251545250195239844140935817083898630400000,4
ci-cms,2008,12,115322,96395,435,1,118154,18927,1.3553031723314976866920375572327642095773400755295670372858451321728475968000,0
xalan-j,2012,12,29,29,6,0.,204446,0,1.000000000000,12
buildbot,2008,12,4269,1440,189,2.5,29259,2104,1.0774811268745333675907797948449945795844546688095105506493706984886761259295174208423554441022121629442215067380785920000,3
dwarftherapist,2013,12,0,0,0,0,43100,0,1.000,4
scplugin,2007,12,10433,6162,159,1.,23521,4271,1.22200852478527946780001636989485025758868413551177200956809467600277105803473967080142137221010638504001298376675065856000,3
trac,2006,12,29808,20492,1354,5.,30687,9316,1.4359178325841981572827999581133832238028651954847301952190588305756563746466728079118881190286770878981839380228897736967929242419200000,3
scala,2012,12,680811,499702,4407,25.5,315292,45502,1.187307298068473077437443740148185922844051492985743958627671441895973518431026142357012582092126720577693282312961859705148537356236800,9
pyccuracy,2012,12,221,21,11,0.,14760,198,1.0135970333773068453066840000000000,3
adodb,2003,12,0,0,0,0.,7930,0,1.000000000000,1
jhbuild,2010,12,82718,60975,1087,14.5,60992,11896,1.24230079840977039170041758504048695109644139779455909668000000000,9
planeshift,2003,12,199358,127011,2121,7.5,130214,72347,2.32150294087362520267698881575391175743392201790147167034534739276301968386817069449864114301736435005500474850929009468248903078800,2
plan9port,2010,12,5597,1618,75,2.,810654,3979,1.00493385362629733857546669052306146368320689384828603072439598431852718420899976122357134832835859273136527925927927390603539102520730502834762139345715303079680,7
usbloader-gui,2011,12,43579,32920,301,1.,56701,10659,1.2315060162444290490505880147807961394132998734068120510011122727949303292488510419922035496635473152610056797585408000,2
macvim,2005,12,116783,81598,915,1.,390333,35185,1.10057052369615168062867802942961891220650721992079397294577588145794750547184142090200372958399801774749265897356589423166489324828160000000,1
gnote,2013,12,1348,1168,52,1,32504,180,1.0055686177452352973477607937097547435,4
groovy_eclipse,2011,12,0,0,0,0.,73314,0,1.000000000000,7
opensso,2007,12,734939,101758,1647,23.,1116625,633181,2.309729772255404443670431101851118398198413626994045983214216286836355541498462710246388621315044993705654058351259766040606652800,2
cobertura,2008,12,8252,6890,11,0.,24777,1362,1.058167841126057345081860000000000,5
axel,2011,12,0,0,0,0.,2661,0,1.000000000000,3
gnome-terminal,2010,12,5195,4368,183,3.,29120,198,1.007158092625459210462824954605521139744807979014757420948286210746164527689577125780636103568179155795455144999424266492574858832446187737561600,8
ckeditor,2012,12,367669,259908,1845,6.,100966,99503,254.1882951176962616212629471328341249415871612020787450904680519274010093445699951133367751425888513300283622949072002443520000,1
drupal-contributions,2009,12,8696,3680,583,2.,29752,5016,1.20278137128101611099874865566728872394036056195108835835775070852956705785282522277320859538754633029504325560666493957465345280000,4
debhelper,2006,12,270,151,54,1.,3066,119,1.0406282007532288755434293707301298096413239583047119561345156005245690901677342524999931465976666756822095360000,7
eZPublish,2008,12,185337,55512,3078,8.,502295,70897,1.1643424401789607066736313230547205931108038620759451142003214338850784752019937329591141879298203069290394634933070662681806447844736000000000,6
coppermine,2011,12,919802,19855,346,2.,3513301,899947,1.34436475111709480675166770959908468508770566281010500728308919945913816978919120066591766603317119081228841380503600305853659367471880800000,8
mandriva-linux,2000,12,84048,22053,1953,7.5,79894,61995,4.4636013183121040103228970176243238328614851563365212838870602273801453360347605741479946465311146206919302981086184142215350000,1
aion-unique,2011,12,0,0,0,0.,1136480,0,1.000000000000,2
awn,2008,12,69745,53162,836,4.,51031,9372,1.224969394357318903740975579024507043724413512928741043431328270458987968114616142760509630176363468800000,1
xerces2-j,2011,12,333,124,39,1.,178939,209,1.00116936160684656179339792154891101150681224019617797417242494847868319434978024448887059351817812198887335384804135642000000000,12
smart,2002,12,3393,2949,153,4.,8530,444,1.05490972049959814702982,0
rproject,2005,12,137991,60143,2528,10.,567576,77848,1.1589617093659855127685122992183287375363701792145275790708511716813057328226180333584257950000617213159548042313917534079003530427292928000,8
bacula,2009,12,112060,75863,1654,5.,341079,14144,1.04326242220114624345387588539922882780090425427556372366668858747068190405873608789181106388806216333594551216451458861705130931704604097314816,7
tortoisehg,2008,12,23615,20714,728,3.,11399,3006,1.35815560591293593507397970015607781107930115907369799308898076671910607765803300043221888253620794186900386789885889925936000000,1
phppgadmin,2011,12,46,24,15,0.,311775,22,1.00007056914011637031875562977000000,10
cmus,2013,12,78,40,7,1,34609,19,1.000549291702798503131096250,8
kdevelop,2006,12,527417,421426,1370,9.,350430,105991,1.9681488520120500706874918505761917330915968479974619135927541174959002055145906848349590029739551467902701940755215884131260641280000,7
ettercap,2010,12,39285,0,6,0.,92730,0,1.000000000000,9
spring,2007,12,534157,402212,4187,12.5,278060,127119,1.84217674452597866260859668259024006515086066434801628817794895138504974742156200913716110884828788972354518184947834317824000000000,3
devkitpro,2011,12,6750,3202,338,2.5,203283,3548,1.0177769761106480982571087674205176049456993777054974815738664164578398907905477529264533497052926419327101349336753809641280000,7
sane,2008,12,37503,9080,283,5.,445504,28423,1.06814743418942321583689370078148149091962608402163552641783230000593901248534851244061103645331782248158034431675171910682318430117976912128000,14
opensync,2009,12,78215,48589,1064,5.,129231,29626,1.299122603286936702804315244914595064942117568819812443786812515137611760063516566538474878456036658036488638823860734354013640000,5
e17,2009,12,161042,127750,1614,11.,241525,33292,1.159878597534125196611649274662258953439818405943745774916631835924458098599877349648045139104213870449656865563016398344088808921088000,1
ctags,2003,12,3587,1272,142,1.,24336,2315,1.10512692428713204402603672502141663581070751851820511106932507501597180353303263593523578218776381174621179488770496000000,2
prism,2008,12,16478,9968,228,2.,8259,6510,4.7221269304843038288102122418599128482832656966537634208035497388867686994147550983738910378974948260147982778826069313142885483520,1
netbsd,1996,12,716798,305164,6500,26.,1744579,411634,1.30881544251077568431673132875571078788861975861621885771767988011617596379074126396621774546956588022640706263334144239573749722319059200,10
poi,2005,12,22190,6735,189,2.,192581,15455,1.087254270962984420872418604302501070790930644081133773888977665810889984084871863206154434373996181932680704000,3
meego,2011,12,42256,26324,1498,77,925648,15741,1.0172995701754413707615206038178312047,8
bitten,2013,12,0,0,0,0,15688,0,1.000,8
jslint,2010,12,204,161,17,1,6178,43,1.007008964955,0
wolfcms,2009,12,4743,4168,207,2,24054,575,1.0255555555617834320396493846439560906157745824929204137520,0
nclass,2009,12,4672,1348,41,1,48331,3324,1.0738551780826276916834804661628172335672203268240,0
ffdshow,2004,12,327093,102731,1534,1.,443231,224362,2.059876137853367867210538327702944522564007765845604123916273591845760778019025183149114422581424731949417370738826368000000,2
acpi,2011,12,0,0,0,0.,14813,0,1.000000000000,9
google-guice,2012,12,2113,520,26,0.,1035522,1593,1.0015407247499427684706058782554919603998262134534001200000000,6
cpio,1998,12,0,0,0,0.,6616,0,1.000000000000,4
jedit,2010,12,65767,73755,882,8.,319109,-7988,0.9748163561292131870594077472152124706306623229623070788482533771449584561876048137693689201070325110332568762601220668893842592305737490841600,10
jython,2010,12,45728,16078,462,5.5,646556,29694,1.048560789306532857036169759910761843530138086637243877331245360954839153161834537614205123387030770512116142464679164780500248129526056648576219993600,12
tor,2004,12,43343,26713,1795,3.,31966,16630,2.0843766301655402940196288766735349731818017569793146040877421373066063994841117308278509843699984282464169381815565075957452800000,2
kmymoney2,2002,12,58888,34099,496,2.,54891,24789,1.82350009968167160812683751349314812575189199217263417905875023124858597236148046905573833916735947362634963523185528895466364600320,1
mc,1998,12,318318,109528,1778,7.,210288,208790,140.379172269597268579826284102232752611434499063209229256343184433615839313450389146034601465909981319624132699706370919923200000,1
grass_gis,2010,12,137495,105367,2677,8.,1199199,32128,1.02752874503793610650400897212189737563699720875020512489392796219129018888850265807745672773877205840478745804717326792677732104187104823347200,10
gate,2000,12,46791,14139,677,3.,32654,32652,16326.99999887383737345706814322446107612059986527619529618365369128143738862202845895931983302250292301003432968499200,1
beautifulsoup,2007,12,310,157,23,0.,1791,153,1.09340659340175537167982059444517000000,0
pacman,2013,12,1541,1135,129,9,54611,406,1.0074900839406174729779469321089086308,8
remind,2012,12,119,57,24,1.,25194,62,1.002466974375558629553644910000000000,16
warmux,2005,12,11704,7987,248,3.5,27170,3717,1.16349241257982357933480111260812014632452700,0
gwibber,2012,12,16227,43466,638,3.,22746,-7817,0.654466693264444487280898134129048569932245350815741356853865950799648680095139099941489779863002470400000,5
observium,2012,12,175805,154698,1456,2.,67589,21107,1.4540897551539593948497433547887217077335247192676007762215015415577942954248765527471105017134552130025266708128629557398953580100828160,5
activemq,2011,12,49789,12209,738,4.,1141757,37580,1.034034398470546953846865029277753309860684260437007702937869623372547964171221929858030644885935357087581989436125053750414926224892651515929395200,4
Darwin,2009,12,2214,2532,88,1.,10163,-318,0.967594007942806679591831589085435961432448057614624915338400542869907286604101594525193393511248482946032969466405853383314041354740645190459392,4
vimperator,2012,12,3494,966,79,2.5,32757,2528,1.083628303945318857791086641466464252964323079526055175009867010061333160898295293895765648426748511256475021273185296960640000,5
sabayon,2011,12,46666,58216,783,4,193540,-11422,0.9442725968689957255136623238257830,5
scite,2002,12,11246,4894,969,1.,42990,6352,1.1733719089564049222501655608697929523492540632339841843024438389390329485390424422041359763286664135665549100634644752199911655871160960000,2
nant,2007,12,10155,4369,226,1.,77680,5786,1.0804795949613287159336685519444744518441798658962505943786779361712633802570339050272486082830362550161085020934851527616000,6
capistrano,2005,12,306,77,26,1.,3156,229,1.078237102834749545260703045562081600,0
ntp-pool,2009,12,1836,828,80,0.5,25139,1008,1.04177199452143621057494844922171977713274775317360817017834500000000,4
catalyst,2012,12,3225,1687,162,5.,431413,1522,1.00354043234218331398625492188862810181073001732784713096936501294919347035171330697000347459759943522935125244562447155088731200000000,7
hurd,1998,12,18545,17016,320,1.,348952,771,1.0022311481009779156112275240919085869510976465613994554859923221451469929436335292407916688794652678102686625582746750976000,7
sed,2011,12,42,32,10,0.,24366,10,1.000410576449307808373211476593401307200000000000,7
findbugs,2004,12,51799,22993,1616,3.,57918,28806,1.989488870659194048073289784282247601706818661768833452889667921761826391023552289465897554952329576704102345082224640000,1
racesow,2011,12,59717,29526,365,2.,1805404,30181,1.0170012443510617912086520567947490940030849285331421451533926617440312180436546666783114188400948077431194481534873730952858538455040000,3
wxperl,2012,12,6426,1205,221,1.,57469,5221,1.0999272699394548806604291891369640626161558319754840026620070136846257056503950835977381772800000000,11
sharp-architecture,2008,12,1477582,808786,410,1.,680426,668796,58.50610489326714988167553150991218090174200,0
mplayerosx,2013,12,0,0,0,0,6998,0,1.000,10
newsbeuter,2009,12,6377,2064,239,1.5,17330,3748,1.275953467809903073747435503147736716233845969755383546078180415233859710946969964939692786283604541066526900230814759918463324150400,3
couchdb-python,2008,12,1366,378,66,1.,1885,988,2.10144927533132307446863625969132953798640888953418101974201464080056980701085786804406732974592000000,1
cakephp-media,2009,12,11178,9637,409,1.5,7503,1534,1.256994471493088323891213707937002308077666286785635575561532329585921201935632960000000,1
p4155,2011,12,2527782,2232493,293,0.,1869552,295289,1.18757285155317969236096787916876307520918741269973975390067200000000,5
etherboot,2009,12,1755,695,6,0.,368183,1060,1.00288731569500000000000,11
gnome,2005,12,1457825,1146353,20650,133.,4257254,306330,1.077533761730261136624109652713382132099860709062079158621002613099665029084512467885866107259381251130571619807514975518308595721501609932800,8
bash,2000,12,11323,4240,4,0.,96142,7083,1.0795315465000000000000,4
drupal-contributions,2008,12,41021,20617,1616,2.,24736,20404,5.71006463511587882967968638054371845862490151933674031942855234307341897131454538412489725844094041107137947344156982144230630912000,3
poedit,2010,12,3624,18572,230,0.5,29866,-15267,0.4828952716377068729576813273460759965767699314027523215259790382012002208000000,10
beagle,2012,12,0,0,0,0.,231097,0,1.000000000000,8
emacs,2005,12,130605,75766,5221,31.,1148280,54839,1.05015268313281285995306759247580811146119837240094961378052022889801018480093419847048543450784164764216403595886298802009652008080680773248000,20
jhbuild,2002,12,1795,1114,153,4.5,1388,681,1.963224894021867660857187684704336821748116073877956422451064669012649789539131181982817807017377280198030832502586020135218661239382000,1
libglade,2007,12,46,117,9,0.,16397,-71,0.99566465164624314646209773782882810600000000000,9
rubygems,2008,12,10423,7281,325,2.5,19795,3142,1.18867471327273456104588333915010993104474025221175550915536769704617210019111773624069077097682167116677467068669267101860993337589760000000,5
tidy,2006,12,5912,4744,136,1.,51226,1168,1.0233329337983648630405546001826208736124218313484328281401109423691125044556510038693768694862739518934630158527125013040575204520207436800,5
sonar-ide,2011,12,10978,5636,280,1.,28149,5342,1.234329078382421265484110151970886032975783789091054703391049515149696461060677804263712256000000,1
synaptic,2010,12,46924,52541,310,1.5,116133,1005,1.00872941421730253132664941758171457186270048557278536604637570502236103887298523215019088107885539771611670434031424000,7
sdl,2010,12,101222,298040,930,5.,1948749,-216030,0.889464118714844975868753219015880976209599651132041419648439540715030833978081240460775363095378771636977924082010202526996346226045065659656888661914803200,11
dtango,2009,12,681794,667812,921,6.,300397,13982,1.04953869701428380065869335985157250971140698345464171118365186838521292454325630502852455853659723975184187775191027221385745294610725424273600,3
archlinux,2002,12,1252,465,52,1,1018,787,4.406926406168746782844672961295641746592366873250659980092846858658759455000,0
nedit,2000,12,1279,571,17,2,45695,708,1.0157378798288441033392962111751511360,0
xine,2001,12,404610,158570,4435,10.,377432,245962,2.870860272261125045577587062312504148548144947040078601883021078269841059397734400000,0
ree,2004,12,108786,34669,1208,15.,326365,74117,1.2938259173338589951372028162361778869868250033619259953334431451706921037312859724695885945808269417868320327728882018535986385052411840000,6
xith3d,2005,12,1532,429,18,1.,24588,1103,1.046966148601749491627354631703414430741826155005060817620731803749640765659226651565120000000,2
intellij-idea-plugins,2005,12,8705,998,74,1.,11332,7707,3.12606896616111685015303592394507445233511873341451756213150926300283118513297650716246611626538965416784250965666560000,1
krusader,2013,12,428,329,32,1,61270,99,1.00161841395445835741068290,11
nltk,2007,12,156666,170431,752,4.,117310,-13765,0.768340093240490319469378775062510684606979897336335483601865366450447865913019284278672885631406953408254219238943564582166351152000,6
etckeeper,2013,12,1,0,1,0,1190,1,1.000841042893200,6
mojomojo,2011,12,947,534,44,1.5,19383,206,1.010742034729485627889731148194477392884015471240000000000,6
adonthell,2003,12,11114,2895,138,1.,68077,8219,1.1373082962999773830603261130418878422333485221649755516732367107975613884554462459703354999421128794128600000,3
sdl,1999,12,32025,19392,81,2.,94575,12633,1.15417002270239953523160,0
dom4j,2012,12,0,0,0,0.,73530,0,1.000000000000,11
intellij-idea-plugins,2004,12,3075,1078,11,0.,3625,1997,2.22665847700000,0
kstars,2003,12,34666,20707,482,6.,57742,13959,1.3188223739680982560028214159864009906919742381092302640190614040731765904906510944679745192715757690263684241508000828340011548441210880000,2
eventlist,2008,12,12102,8148,530,1.5,25330,3954,1.184973802398363177738576609543871538856031023736653018411702672537979402194105704672426082708725073773405846880000000,1
serendipity,2005,12,273573,63500,4312,12.,288276,210073,3.68625244549809081568453968361548138008688007927180485644381607879619403151308126637993240940440465758923736091452619696691200000,2
postgis,2002,12,9365,5421,128,2.5,68606,3944,1.060994092351866507535921041037777133929766848663001540612466413386575613512747901866461242793165925283668942148913489997783149903230476804410613760,1
pligg,2011,12,1883,1178,283,1.,133128,705,1.005324331060485598769757622994475902676998683032151833980606142534012219759865750726501306511329245161994785359162560000000,5
themanaworld,2012,12,217979,209947,219,5.,208821,7739,1.0526570049026417859496115180326212396425423477516762428659318459809028734020177733639377332668324263215163086422037240497837273346604032000,7
calf,2011,12,7613,4814,128,1.,37520,597,1.016168783685171517138265646956121911582139558017627613495273782525213194583426163750884784000000,3
vlc,2000,12,71959,46262,591,5.,40579,25697,2.80039234926361355843244825762914290713292790062794656681977107911447800285729941518482536779302304875846996406010692352000,1
yasm,2001,12,48655,26045,377,2,28014,22610,10.9647421777802942990941945691650040626200039176853177052779980190071250,0
fallenswordhelper,2010,12,27770,30548,156,2.,25271,-2778,0.88131248392756539010600860260053240613083194575041502274612254744267644753025733560456402699101947386904213081364655329828610289315053568,2
adonthell,2012,12,12748,4953,142,1.,147053,7795,1.0559752402002613920265565422234098507003592233289881160758652869495533743061434174174738904678400000,12
pnotepad,2007,12,35970,16277,436,1.,480530,15035,1.03229895057794496566358584756320834259866579768959115087496854111735406745353700422563492623626526182304046401575208240898717167717368895658810632960,5
valide,2010,12,45591,33485,265,1,177942,12106,1.07299983116116814483088687502218358963053414382732239111374823381318460702565463167643303948504862141237721472000,2
twiki,2001,12,35086,21580,1218,2.,24732,13506,2.2030999464652999719414468504495199326825059797603974493518125747006451849763835674340133005494530090119404183212878189490482913626880,1
Shinken,2011,12,358203,274072,2661,5.,96712,17880,1.2268114471614851275879591695145384863616338975676974891675665798685508356490074909404865534723387903276698038049531489228902717440,2
mplayerosx,2011,12,0,0,0,0.,6998,0,1.000000000000,8
courier,2003,12,55799,9274,242,1.,141224,46525,1.4912934667081012597041214179792816969643275571899165046317939057823550866613988137244323606494739950515611481244805190924849709315894742664000,5
ispcp,2009,12,409805,372613,1196,4.5,576001,37192,1.069398935658364321166204780938216133660913626921561054078030662850401372151192361029989069400900964718389805508838432665350528713702861320385331200,3
looks,2009,12,1209,523,20,0.,19173,686,1.037107156383222150604049451553764900000000000,6
wine-doors,2009,12,52888,133898,122,0.,221426,-81010,0.73214167621457348352617372225400243147228403400000000000,3
sugar,2012,12,14954,8775,666,6.,82571,6124,1.080107787102542030701951622344431287907178292842592725996788446652801058838883154084764204947410897512760541548865420585751552000000,6
upp,2010,12,498041,272289,996,7.,1361872,225752,1.200307712507271758580090743380026973686422706303974354810456005330047381201570044662268050391309996041422954219731851052666095703050580400000,2
weechat,2012,12,55456,40671,463,2.5,142872,14774,1.115333572733583011663949532943187004457690699508867074630590344803131314356911241607550222706435749013845297090964289522188128006100352000000,9
deki,2012,12,85,64,18,0.,905604,21,1.000023189481249820719539200200000000000,6
gnuplot,2007,12,4937,3413,308,3.,140454,1524,1.01096955301249774494908594571785233982232189426462006736576006130212243203203727407607350950261593277877409288304784139170482249530403355230900300800,9
logback,2012,12,8942,4906,339,2.,79155,3666,1.0485633668522601104905678484569963909251598190546816435705880701303226979481664144140461403258105911360402919266992422592000,6
eraser,2011,12,2378,3277,81,1.,144456,-899,0.99376426277557810376748652677175676495410918372437745788147631996429674542592000000,4
mariadb,2004,12,4634367,2123460,10712,43.,1008125,354724,1.54303327940480807944920389111474226464346798438905801202960000000,4
paste,2009,12,218,114,44,1.,40048,104,1.0026037754742830527726318529717514878450897679248941233581809194668170822113816000000,4
handbrake,2010,12,97190,68622,1554,3.,307472,28568,1.102429509797571685487998555586313537939412858989046118733220848818320103862684062980984925900039759812911606314507383514299135551919872000000,4
eclemma,2012,12,4741,2038,134,1.,13237,2568,1.2406973474430418229111038129615412728305977040410544056347039468882623697650012932967291601797473544385738160020254215525526528000,6
javacc,2011,12,0,0,0,0,32727,0,1.000,8
freenet,2009,12,317493,213873,4254,10.,643117,74162,1.130347742798796952544284573694477167847509164274827905613781660371271567540694312213944388502099519363639267365255786197455982746233589584409600,9
enigmail,2002,12,14348,5427,246,1.,11555,8921,4.38686408499065431095232959930986922271519116024526741146913776156332394143169832447324290792869439987401438862324218880000,1
bluefish,2010,12,20395,9511,584,3.,443219,10884,1.0251749222258343408403933733302260558170437134624666618416017939547837012422756136343639535717563425673524037687346056487743648688928601121746819840,8
gnulib,2009,12,154497,89807,1717,10.,386782,64690,1.20084323733123113093104056213783863986946998454903786103445667523499331402889188902410674304619557861018851174011232130955032319704109056000,17
sproutcore,2012,12,42242,35890,509,5.5,196972,3869,1.0204144088038091259310736649819126683385596465604634814032856351212974140931639123151271824796599949366720057097606616027466494286042590783488000,4
netbeans,2003,12,161687,40104,2797,32.5,529251,121583,1.298240234706305535461245461562316024101770759441397118993831807457145401874415774151902433348939676192407507206478068413657051294387200,4
bluez,2010,12,53856,29543,1764,14.5,130623,24313,1.22869908757026208316845817972002347190713108641276395492505027253806373706701411797937977389475390318449519960905256686152197259732582400,9
gsl,2012,12,103,50,9,0.,755414,53,1.000070165126341291664961897771550799258582400000000,16
q4e,2012,12,0,0,0,0.,21469,0,1.000000000000,5
wine,2013,12,50144,19519,1471,37,2477189,30625,1.012517555232696377200417114339599720,20
heidisql,2008,12,16885,12501,548,2.,26996,4384,1.1938793561119927087351707151370193283492052743464624428292335195785730297841370518329880034540631553989776310702990016033270510027300000,1
poky,2005,12,7983,4767,42,2.5,24232,3216,1.153026265705895282112637135809077251988458458,0
ironpython,2010,12,964441,581122,233,1.,901370,383319,1.739925219710731918206862873288753710603868451566712384372041869647868856437520771068600000,4
docutils,2004,12,8131,4075,591,4.5,23537,4056,1.2082028643778251934301328721714789965211541638305774465873905977131057940170130628433149937967950739037330399251048624556890594588723200,2
flyspray,2013,12,119481,85839,138,4,228605,26636,1.1318816254096490493116464239483162,10
GraphicsMagick,2011,12,108812,108144,410,1.,552206,12046,1.02230079976333762661441823513480137752239708084726271005982933534090779719493437599212234031380613878550796974142132222532682329626845086851928115200,13
gsl,2005,12,38298,31038,237,1.,671582,7260,1.0109284353061948027779774200740298435978185673311154664549625324328454204023263745737906343406336649490295174150000000,9
maxima,2006,12,47143,32770,678,7.5,259979,14373,1.0585205573068050738283191300594709059295140197220441205910438325001815884835357205019519989271613615207876277185969912051071635226493911533574400,6
ndoc,2012,12,0,0,0,0.,81137,0,1.000000000000,11
trac-hacks,2009,12,232929,57444,2660,24.,879453,175485,1.24927979682514953897688206843718209777219415724757497201597414417036936693248921451373424342177178140796196745717150325343267617864008704,5
quilt,2008,12,22,9,7,0.,3055,13,1.0042735042740152428440380000000000,5
b2evolution,2011,12,36086,13492,1374,2.5,206283,22594,1.12300137732966686877058750349212709734388126682696586272031368251069081059461627765796033313866060049701128784710282240000,8
workrave,2006,12,14430,7189,200,1.,56304,7241,1.14759478190313193175773972661594286349230482918005580472438580242872619011816659434390547793298423034734544938161885948160000,4
lucene,2009,12,258710,173272,2508,7.,415481,85438,1.258869298836448677367532165971861639695986608789659044389641607593541496365627486731302594283622657328558446073611191636640067611929600,9
gnome-terminal,2005,12,5723,3226,54,2.,38066,2497,1.07020158003247911228519888880930740105397952395950507781956567329472000000,3
stackless,1999,12,58786,27127,1757,6.5,363804,31659,1.09531680441258713426018542894011116694767636037739340718486830663675845381090533370193646924272736934408908045447174813310466524243253760000,9
inkscape,2013,12,12028,15456,216,11,534618,-3719,0.99309168792056093654515275859480037103,7
inetmessage,2012,12,0,0,0,0.,11137,0,1.000000000000,4
eZPublish,2012,12,4905400,3208984,11799,22,2555226,380495,1.1749618688484483290305925379888710040370661318451177554334378528797119495502987715381518708681473177840908206928150503825119050000,10
rails_vim,2007,12,2461,1576,80,1.,4498,885,1.24542429283231669076044191344134278580135293463284148340403064188005361109149697973628012110496846171719677148707872818223575395549894087680,1
dia,2002,12,52640,32639,595,4.,128098,20001,1.185028261648964641665140912965706457816610646701640840200973669933199636638064427350855419660958102508056159690980014916957120450265600,5
vim,2012,12,15445,5879,477,1.,1716310,9566,1.00560482415681868348143884041340702470351653828883337984698452788413277360833409305447850603220881211084128662461778594024773775659811384593855770714081280,12
taskcoach,2011,12,107093,59684,352,2.,232464,47409,1.256188700670653262948738011661194539958184895560068558480919494279801998853691985734448674530093945092400046357316097724391207918583207270400,6
omniorb,2012,12,0,0,0,0,2005,0,1.0,3
nutch,2004,12,45277,22729,390,3.,51717,22548,1.7753249433250836170939154989692740201292187062397841611364181624085687971418668281284421415380462031190670475436508811919335607808000,2
nethack,2012,12,0,0,0,0.,207455,0,1.000000000000,27
neverball,2006,12,28013,11618,387,2.,37537,16395,1.915257075907469288329392098767325615823049494688202737926603529565401413109029342883454762023427830523228851509844046542266475622400,3
yslow,2012,12,0,0,0,0,59189,0,1.00000000000,0
jackrabbit,2010,12,79460,42694,867,6.,287838,36766,1.14643608207901917577895331697158838682264999022139148214573610053851932105123072038484068269478002848548790946212562017691174444682593280000,6
mc,2007,12,1421,797,93,1.,203398,624,1.00307798549759275036019867136882413715544649202840171142343309873091267619837918907783847739555545414724140000,10
yaws,2013,12,61,17,7,1,54879,44,1.000802407221700,11
fso,2010,12,153575,102051,3025,10.,166237,50421,1.438153915679676243356821632272355634018952059522837319214096729397374471137564406864002380926860106083064573289407423903894057464064000,2
SqueezeCenter,2006,12,441452,305207,3766,11.5,328664,136245,1.70806417241427338807536488095778957561061291699574642417667496451948621064268156721264493707672738484833895162966927969638536527904320000,3
flashdevelop,2010,12,552904,82566,942,4.,741372,470338,2.7353468567523050786809816202425977283397276702396777787923109723668301781929833303677475133643340905751623804062959571710569631396659200,2
py-pandas,2013,12,32911,18899,403,14,83845,6447,1.083296726014282089521432978243610,4
dd-wrt,2007,12,89580670,7877226,4009,4.5,112847233,81703444,3.6236178136154230007419801329766165652087950853852852218474774487439665714717640160372824916731493660875212205908278615712808235881262080,1
orientdb,2013,12,65367,38381,397,9,200717,5835,1.030298152509695865973582431998088,3
ecore,2011,12,59977,31187,899,9.,109041,28790,1.35874942367852104730421198233380721985833260216491200562515917759951811874152489283501691245613958211889430216950726791214776582144000,8
mambo,2006,12,70294,30657,27,0.,130527,39637,1.436098580767430996160000000000,0
elmah,2009,12,6788,4537,132,1.,24271,2251,1.10222524973850962442106065069852835283132034071467673438419393631379627920400000000,2
gnome,2011,12,3201651,2999659,51595,245.,7346087,104051,1.01437168309756204310650176484725878862720865949187504682108853502438814703576787659630784027170222583934862629730007581202222756520144747795968,14
iphone-color-picker,2011,12,473,280,15,0.,2618,193,1.079587628865896240229060000000000,1
seam,2005,12,32137,21617,590,5.,148354,10520,1.076323693721062591662353130703553779233601800,0
jgraph,2013,12,0,0,0,0,62769,0,1.000,3
vim-ruby,2009,12,170,153,19,1.,2270,17,1.007545494895108046748952167529134124045704658501614777137028000000000,6
gqview,2003,12,0,0,0,0.,11111,0,1.000000000000,3
octave,2009,12,153987,289003,3099,23.5,847163,-135829,0.834142904631373761582510715347048163979912814763461197181252837054182794299842852811457794111512278659564981917621637040675721339255592960000,16
tapestry,2012,12,114426,95307,1007,3.,798566,2052,1.00257622590621746426088674274267581842723053986615082107010426962407158697649803868911967865901996078275523893943251339689511180633515520000,6
phpldapadmin,2011,12,446,342,89,0,51415,104,1.00202768570824123204888661266503796480000000,8
solr,2010,12,46278,34460,991,8.,141727,11818,1.09453719330969674794372390735435305738549495509551916700297023891766042359081106953567803750589852469085223023889790209074198002843648000,4
quantaplus,2009,12,30801,3067,194,3.,137319,119,1.0008673469387334559616451202117561434259079306803177710102499415963352852022859821056000000,9
rubinius,2006,12,339493,146775,346,1,199008,192718,31.63879172822478500337755105307834061451664135840,0
windowmaker,1998,12,7146,4360,28,1,71376,2786,1.04061816591059672681160,0
OcamlBatteries,2011,12,90684,48916,1110,5.5,77706,16978,1.285738328396986205251353248967824529080912882314564149851766012041454411791361284861336065882202986756944181544362917173093848376672256000,3
neurodebian,2010,12,3280,1689,185,1.5,3226,1290,1.66632231417786337181683094908374386866069308999606010732529852593762992204048556817702483697425664000000,1
commons-beanutils,2011,12,1,1,4,0.,34274,0,1.000000000000,4
taskjuggler,2004,12,205520,185973,346,2.,97720,19547,1.2500479705018959832796358134912087269947712703174696216545567366234377383791997285671294884887652915349022749525133396214861004800,3
jaws,2008,12,77489,61915,3471,2.,119431,15574,1.1499561897518485432945631176137900908677894960341392604033928709476611895220463274166677632114955677551872850512545542126298164246003712000,3
make,1991,12,2906,21,12,0.,2951,2885,44.712121208988886943004438870668572347000000000,2
buzztard,2006,12,18891,7864,389,1.,78267,11027,1.163994646044677901819867255405015248846707760011370094741490356328112084352144667770050465944082568131757391872496064406266733512711024640,4
libssh2,2008,12,1150,402,73,1.,18564,748,1.0419847328224880747995364920353729123512252118148304678844710960521726631355539605094400000,3
mdadm,2002,12,2129,1146,21,0.,3801,983,1.3488289568149088937800463580512000000000,1
phpmyadmin,2006,12,189757,137991,3808,3.,183329,25675,1.1628566354220641489780794242978379486058712990030842433245544440674621538927319138975436558240532049777029910134523787393153266340677995485440,5
osm,2009,12,875384,318359,5179,42.5,1305495,551333,1.73105380542962467524377985122183534340229170704874021967737387447429409571088626578087314351024521061256074267522295973917998336000000,5
epic,2003,12,43456,13702,127,1,43614,29754,4.440962183139104896175912027949439412977532797644137021824748926141170352512,0
egit,2013,12,7689,6746,126,8,142165,914,1.00647075064929601197564865104006477588,4
pytils,2006,12,853,387,32,1,1917,466,1.3211578222428494628782370917613576,0
firefox,2005,12,50493,33118,1232,19.,60970,17375,1.3985548801368594879693830891623379034227337319730757985287680024926570983863948210489593029533823536988315097934152345880806809189898560,3
gtkmm,2005,12,20027,8213,177,2.,152462,11814,1.0839969285057685447770577052601332015549330140125856621844910293662954189478302173265442197260775467907051813959522927600000,2
gramps,2011,12,93090,76674,1293,10.5,255099,16416,1.0687774160791381930522094117208307135433947113549469388465747018877802190511895035931519755736113910924561587439508602468238861353890529597440,9
gkrellm,2011,12,1305,264,12,0.,61432,1041,1.017237953302954960946939225240780967534000000000,3
pnotepad,2004,12,98577,23101,627,1.,265711,56520,1.27018370771511964679893711032964082879288945577200063164851584002000060757680067903386932548134502540238873586171214303526912000,2
findutils,2004,12,6691,4381,194,1.,18643,2310,1.144275810379307448420604539886780286707554682130922342335175900477413455222513740000000,8
chrome,2009,12,3694875,2540277,23429,130.5,2419098,1154598,1.913086595421659467680286676687698761335283870792600170027517923266766140552142672782894905025783765839383826169805615844556800000,1
gobo-eiffel,2003,12,284987,242965,504,3.,561664,42022,1.0808672124278470395283629527504701054350985437348576975987166045931146583138758328407768476725030476070156882097257295083383477749387907891200,6
jersey,2007,12,39871,24283,388,3.,44023,15588,1.54819764381542055054619597294580905537671453303715852228599229125,0
vncviewer,2009,12,0,0,0,0.,5018,0,1.000000000000,3
tvbrowser,2010,12,122913,27927,624,3.,284844,94986,1.50868098321658950298032129528697645273844124170458495940778592533598954074658730069740681008660451741677467551572433435352780238937790575927296,7
freebsd-ports,1994,12,6495,1229,609,5,5681,5266,13.689156628215819823653834904496842138994888836800000,0
eclipse,2005,12,767174,543394,12695,47.,1681723,223780,1.15349022562241591153442697390142706473822326871072077999651611603613633617588629238974093881146636375291185167192804271368450169539717488,4
kamailio,2005,12,14939,5821,331,5.5,120135,9118,1.08213156543532092915648871923162447703933000711606117264131905880750,0
gconf,2004,12,1478,1348,99,2.,35938,130,1.003686165544725929748352363679740393766329611064413245618593765928673050705307095215675443667183674479940000000000,5
modsecurity,2012,12,15585,2651,133,1.,58066,12934,1.28658158293001809493085847749421684682853098864346183104042222413250230004767057212485184000000000,5
derby,2006,12,120353,52192,1574,10.5,507347,68161,1.155198480807050288297927613456335044950193193343233893044545260229949695350849220625717418743716910294948612421477290859283838185388144000,1
zope,2005,12,394094,277207,1834,16.5,283570,-65387,0.7706934220589799209869322781114629247556327386405887620850444965211642716912409380244426876617216096031793059263717044050848431263868518400,9
lirc,2005,12,9646,3486,190,1.,46877,6160,1.15128815973514073698623887885567171718601720231433568648410919550517298755541286104841618820755763700135247349934483771639429700451137415040,6
strongswan,2009,12,76844,79687,1638,3.,183540,-2843,0.984251139742320142801134478049629276808731187061471218929924793064235737937497269491122066534157342689705464533958964703838538669964535563200,4
mapbender,2008,12,412623,365382,608,3.,290252,47241,1.1955841316549354908500566183003407208583833061939513257271423572914210604917969269578965520135461719060606655101336730515095244590998113484800,3
mambo,2011,12,0,0,0,0.,130527,0,1.000000000000,5
ehcache,2012,12,652867,610309,950,13.,167382,42558,1.34974482873178463143930757117988161393415989722568020848122905043656908526039966299748386579933839679278007842807785079006568448333824,6
scipy,2010,12,108612,50184,717,5.,585478,58398,1.11107687391835056508217817570699345856144427851468394863970546968121224105304943896419560743797927319285131611749017773714329875474044418368000000,9
rsync,2001,12,10279,7077,313,2.,20915,3202,1.180771185008030373060784460296516895074448298367751972635610852906379891712807981165665572325080152682753348851038000000,5
dozer,2007,12,25826,14900,68,0.,29784,10926,1.579382755299606300071377229127976679566560000000,0
moodle,2010,12,608460,553694,14246,23.,578521,49036,1.092610744393267530610587213727720206873859086296564663474225125589966217814263713564197460789879177758615922120028425932473321853898194944000,9
factory-girl,2013,12,644,526,7,1,5712,118,1.021094029315424254664520,5
ko3,2013,12,256,241,25,2,32132,28,1.000872165462200,4
perl,2007,12,602282,372996,14797,32.5,3635959,217320,1.0635691571978434400664788712928302215275273471428623152340655186014171826835755621077974673256824222180590745008942589428028473819657145491200,19
python-ldap,2002,12,5446,6908,284,1.,7264,-1462,0.79575300366523509383666255511741787177987055001943292492542564186666510849685690411791302055705437637323690715752980446810320,2
openerp,2011,12,5229134,5738030,21739,63.,599659,87535,1.171125555928908356856577278800823826109783880998053813362002773142223360158503814598268738926342568618725207600451639612038540351897600,4
bison,2004,12,3018,9405,156,2.,28430,-6387,0.7747248870867610172058215345858080374464353185424095059566189465317816676071117985040540804842684455934688604688010886024757507101696000,13
ddd,2009,12,42197,665,16,0.,160630,41532,1.3487212212012475180577879446305136356000000000,14
ROSorg,2012,12,213075,225463,5708,14.,253579,-13535,0.9484789195651262870549603078456299867450374878104574242785734829812234696987875863345473746609096444992665575356999759861783467124879360000,5
NServiceBus,2013,12,487,595,14,2,665384,-54,0.9999188504413700504993824910,6
haiku,2005,12,4323345,2428471,5641,13.5,4737718,1894874,1.666541674489323461743827188760166149732843880877099721952000919224199092972437707400294363942191862054590930106152105019283218380292357312000,3
cvs,2003,12,54800,32816,812,3.,142706,21984,1.1821043388875762432965249876671954718428309971796232643988740529933473983656782139516030827404454156945897683848505134070244879774196307132416,8
mrxvt,2011,12,0,0,0,0.,32775,0,1.000000000000,5
neurodebian,2011,12,4236,1012,204,2.,6180,2954,1.91568505883561918180748234202748011808934607510754610501294806347207896796717853878545968513679360000,2
gconf,2006,12,398,380,42,1.,36907,18,1.00048799002334607610845230904300375469713326337062377264965756216350843128662012945298625808000000,7
kde,2010,12,85153569,57203375,199956,513.5,21974699,2778057,1.1527703324822848530097833920070711460459037615001373015599998354093503041322824702223244253872911645385986825886529850386181740126144,13
rpm,1995,12,4356,930,115,3,4623,3426,3.862155388,0
kontact,2010,12,4951,4714,155,3.5,11175,237,1.021707272393903433100214341447975228498540223364829662354292983452659977871192183980011950196270307882576415311083537046410498949120000,5
dbus,2003,12,84538,24521,634,3.,60372,51559,6.850334732638704421648539116957367115823502355723285439138330661009146394868094128909851142352567308157284445801618106310730340738000,1
acpi,2007,12,0,0,0,0.,14813,0,1.000000000000,5
libpng,2009,12,55844,57908,4112,1.,398501,-2064,0.99477863591773571472401158636218094521405939351426908019615032161499077146627968449617408293981125195538032102198961998221106250314216243200,14
ettercap,2007,12,0,0,0,0.,92730,0,1.000000000000,6
kmess,2004,12,20122,12358,308,1.,90374,7764,1.09504921405470776863848347672941551895956588441622310210808922141045843889293991850171522812218632198000000,1
bash-completion,2011,12,9450,3783,190,2.5,9137,2931,1.472284885603500834118239731739793107973976978304473656261697777763414002595075291657412516059219115604997242522798732125462166190184120197120000,5
tig,2012,12,5290,2407,348,2.,18065,2831,1.185834317980856728031418280387741774211776191047566185697953924504520699765685824909166221231431303310557805987200000000,6
kalzium,2011,12,7169,4637,183,3.5,47892,2395,1.05264083346115765525842614219713468890741564911737993290685338639929116092558126666788585064066155400136217083370427616783467206307840,9
freebsd,2000,12,671382,498818,8308,76.,2386287,172564,1.07805203710279485465797318845636840006672651314049606935170429498256215485264364331275404908653889423735128191469427112970389587672767222400000,7
diffutils,2006,12,764,1101,30,0.,11596,-337,0.971747149565945345514776961899482758468712131124080780213780480000000,14
sudo,1996,12,4799,1871,347,1.,7934,2928,1.5848981223430493584444837039470623841255932725740615741306419256722282373285618144801581483489920676370915927893627562184667817179443200,3
frascati,2009,12,141934,145499,1060,5.,79775,-3565,0.9328131772585840803299308022813555712634824031399486880636937703642189998472123133665270311819810137857138033027909439483302515000000,2
drush,2013,12,0,0,0,0,16940,0,1.000,7
openmpi,2006,12,194408,146576,2676,14.,364986,47832,1.1508163226594935369522697805614786887669120732899445877724068495173256938979287740396779471579298140378718672046036378545968853811200000,3
cgit,2010,12,5808,1878,287,1.5,16368,2324,1.1654799202511904182364360486763832746853422540411809813986036011048369376075424000000,3
awn,2012,12,0,0,0,0.,79721,0,1.000000000000,5
aion-unique,2010,12,1608221,1180869,2171,7.5,1136480,427352,1.6026443745959670491144196465156606897417528653668165232095890999798029700000000,1
python,1995,12,104417,24920,1210,3.5,225176,79497,1.5456997920267388301910610630332038144430338518272240008842269820379763395648828675732460573365961685454614615113055696103652782309376000,5
okular,2013,12,1379,470,69,5,78842,893,1.011456208547027880484773581148987600,11
fop,2013,12,1797,41760,60,5,372870,-39963,0.89272743375783452995282278043323719640,14
StatSVN,2011,12,0,0,0,0.,48414,0,1.000000000000,5
fuse,2011,12,1512,871,66,1.,29020,641,1.0225871242818452916708330314102428600404123394977767632875555220620927665252767730620020696674341699387998483046013678250747934942236288000,10
ejabberd,2012,12,7624,8224,106,3.,93865,-669,0.99280374334560898635224351995511034493978266614908174446137241083210702275996510056861278215694508639467725435950800237624684892142084795838307354922152960000,10
dokeos,2006,12,3210928,1889832,11417,8.5,1922734,1321096,3.24478054220011195754949319082952749831765590013517986922979747903996897738252588986173613004145705049419499319585648510526970175488000,2
racesow,2012,12,2530,117,4,0.,1807817,2413,1.0013365429568769606235404100000000000,4
openocd,2013,12,1534,689,50,6,137892,845,1.00617099122872493076488108064265834240,7
freebsd-ports,1995,12,19818,5776,1526,11.5,19723,14042,3.4717479317019715247274613952394472491309739252224770942651341496230272516733026346427361378950773011403036644037179223619524804608,1
falcon,2010,12,2651076,2081694,3509,5.5,611759,408197,3.005271121689400139030736809390131370997616278740732227554978725173033943851073157482796922478812287436156426561053536892062178013331712000,8
gedit-plugins,2004,12,12,12,12,0.,6790,0,1.000000000000,1
virtuawin,2013,12,0,0,0,0,6676,0,1.000,13
linux-ntfs,2013,12,0,0,0,0,10208852,0,1.000,11
jnode,2007,12,1576760,313352,744,2.5,1989135,1263408,2.740886035206384972489264631754358706869032826317316483169883794814831780467024474043306814719629589115216430487844956262252128994508800,4
piwi,2012,12,3951,3887,43,1.,40262,64,1.0015921190108319096981217851370850005294703673314261472121681389568053534785155454028305783040000000,7
kmymoney2,2012,12,17756,6566,152,4.,384191,11190,1.029999919576849231394314036264778724641645831120604205888216433898933101965302170037007272954691552337905894599558237768568643399882453788262400,11
i3_wm,2010,12,34676,22462,1545,4.,24367,3313,1.15735727178552390537381382057972440330341858413364199340129677388902443598524098957593139235055184029480000000,1
u-boot,2008,12,1319518,829930,4309,48.5,920725,165633,1.2193547276520459256474597658590068500353311814831210396439072324725602488511942414245167721822504451149259097146596062567994113536706560000,8
statusnet,2008,12,43687,20578,3590,6,75766,23106,1.43877706037255639003611802862488767794245304335575757523234105566981685936000,0
doctrine,2008,12,862617,847314,1920,3.,397976,10202,1.02701371604683941203673460773383032899738558150287732327761341491059392459989857367422849578808516303816696767575654400000,2
musescore,2009,12,1600070,1234004,1545,6.,934850,366066,1.643594053300531884878309532388489815922004932853480106606757060284470007210631984005168823099778232133041879063409842821784981943200000,3
passwordsafe,2004,12,10953,2637,194,1.5,18200,8316,1.8413597733732889266696779549773902080930547053307328384388173269191025468373770925902749066284424093485460711748317184000,3
rsync,1998,12,15946,7797,395,2.,16105,8149,2.0258056394754050392702128020399296961484037847941238490424944938436784332252050466058670568610164475188779913068660875876736975597376000,2
moodle_contrib,2010,12,678335,278464,2242,17.,1750423,399871,1.29607967705610340618922785758038048287797223294131589920851241908479154573027990799797940448501238665140245610193454636276275259624400000,8
epydoc,2005,12,4979,956,16,0.,17117,4023,1.30723995719877385208800000000000,3
kile,2013,12,103,34,13,2,103703,69,1.00066580465865763001244367408982189053386,10
shareaza,2013,12,462,362,9,1,564944,100,1.0001770400323190929071276020,9
groovy,2006,12,22932,12498,549,5.,77157,10434,1.1563778607020372300690408775997266409747834053458794003279811159501708524165166587878997493761692205361580801111599143124610616057243737984000,3
ccache,2004,12,1108,386,30,0.,15639,722,1.0484011530500000000000,2
fontforge,2009,12,44952,28686,425,2.,590998,16266,1.02830188679257938730714329632512907304387770055905809133295267064689975802527287271387450345817045040747242280810448828317993006081578755182592000,8
mako,2011,12,1551,639,33,1.,10019,827,1.089969538728795693572523832932490107578829247987395761434033552759238340055075236431707384615680000,5
servicemix,2008,12,298454,322375,1517,5.5,206068,-23921,0.86523911726570269652401139677770217810413607691786937156152604133915721829435279482303797678209287483618466332059683535067438361600,0
openafs,2008,12,42850,110112,865,10.5,1253610,-67262,0.9460254104735138930713172983190270126896731798437889960501859871310550491253777882332400174636474322291056577999786629965698723239829928374772480,8
wordpress-plugins,2006,12,559,44,46,1.,890,515,2.373333333348905836706308408379723425796010467578125000000000,1
yate,2006,12,51614,16024,536,1.,81817,35590,1.7698963809156858931110645826056407922945309270036451207484710263984804444795680696363422639890183496143513960800717920239826944000,2
awesome,2007,12,11220,8915,570,6,5602,2305,1.6991204126233566928525867775554,0
kcachegrind,2007,12,3542,3193,93,3.,73938,349,1.00474565208557115656474191995034168484117807675539453696087126625962220967252294472245556847170505629418388098301485094250575847209472973814988800000,5
awstats,2012,12,49940,49455,40,1.,49142,485,1.0099677333173109579939506623640389610160485312973890062835975185134585447918615642682804137875425655040000000,12
flot,2009,12,16030,3776,212,1.,18614,12254,2.9267295598021634890107922095924334262541240518059467761556958873365873413578696660265138833233467015048566583323643105456893344153600,1
levent,2003,12,4422,826,128,1.,8956,3596,1.6708955223931439698432149431430437229420724270175587402768719086734147513824000000000,1
simpletest,2009,12,17921,7008,206,2.,118848,10913,1.10110714781899594903503353519818439033254329489075267045478690069079809036260889820308837059956767462615717253164227450019444362415560000,6
freecol,2006,12,26464,12811,529,2.5,52406,13653,1.3523082084137239883622014855297854948020219515068688146857325083173869985586923803353259352918995575343027706020616286720000,2
xmlunit,2006,12,1505,370,22,0.,10074,1135,1.1269716971021796546988053229608000000000000,5
autoconf,2012,12,3343,1639,118,2.5,38423,1704,1.046406492548460555482083625362330582894592634523447846282430667800001106057775139177041435391271204574512043370737836005812088843856448082657112320000,20
gmpc,2007,12,25575,26714,698,1.,26730,-2297,0.91389586536634261033574087917326884726213076332229716019454168996566400964763606019961895543957275454455635351549618384591687171276800,3
pacemaker,2011,12,181256,111687,725,3.5,93537,32737,1.5384374999663224350724855688890434574799355770070521540875977431398448757548349146765592037046907663820884480000,8
javaserverfaces,2007,12,1,34,2,0.5,43,-33,0.23255813950,0
jersey,2011,12,53698,28111,676,5.,188720,24714,1.1506896089139707243316671635563249003589594740024609930685106487484242695837980391911288701352170202980888532474777555161960395763702424320000,4
sdl_mixer,2012,12,0,0,0,0.,37104,0,1.000000000000,13
dtc,2005,12,35006,21973,1180,2.,34867,13033,1.596913071344124885126935629088862517234856830672821812316118122523065149961936909422527510870910266076728115886592689133598294795059200,2
wget,2006,12,2977,1444,78,2.,36984,1533,1.04324278581305769537482567554273185527423481649810539478692675043972024143043966761446408224431650928921719488119738540518399754240000,6
jpcsp,2008,12,143356,92625,833,7,54874,50731,13.2449915521702680030000913169722204592035233379200,0
freebsd,1993,12,249610,39683,689,8.,422012,209927,1.98982483450955793709849317192838791185050974915901029237243960,0
WebGUI,2001,12,25687,12517,48,1.,20284,13170,2.8512791680001786589581601930162422657010,0
wine,2000,12,313002,156960,3092,39.5,517537,156042,1.4316574226451346030569780884924850134091045815398195128187923579729535036849589918293381956593300483529219128760748686671071190726400,7
offlineimap,2002,12,4875,1979,185,1.5,4490,2896,2.8168130484415625828881194726454860177970150046464890720,0
quartz,2010,12,21263,28230,237,3.5,44060,-6967,0.841874716313291959222340180315931027667517127242016555120002231442085247053642786347816850032409980801238903259918508251217067359744000,6
filebot,2009,12,23643,14263,265,1.,20768,9380,1.823674042814409378338500246097952431932222443338271513623102683384440392755097285799285060760985118816285470693069061843044648883978240,1
openssl,2006,12,48695,20766,679,5.,292145,27929,1.10570518060704269638967328878564203406519678393437658255862937752259794792833137247753206887471099950352483879117413094960149019419447918592,7
django-rosetta,2012,12,0,0,0,0.,1887,0,1.000000000000,4
i3_wm,2009,12,45578,17014,1480,1.5,21054,15654,3.898888888975890881232076067715196610612835645661775278851305133075853233093746556483174460864805224927787059200,0
sv1,2010,12,60844,8402,168,1.,143136,42531,1.422752348269237145626817296069708589678567596330003655578250303071118125171622755665000000,4
themanaworld,2006,12,10681,3958,185,3.,8003,6723,6.2523437501185364563628624077406572482963540722183755823976662430878651378020539864510756236122422579748800000000,1
gforge,2007,12,202324,46582,562,2.,339573,155742,1.85766680623022195227686079920271085748569881453862618852651789994934135838628937897082291465135439061222337815166946034569445591184982753868718778000,6
qt5,2010,12,259840,222942,854,5.5,236621,31019,1.150869154935673226741645661758102784513855519033128991525704868457557193006621591234900581657361227164637607493782749419756066725660441081282560,1
cacti,2008,12,388170,94214,1381,3.5,1386263,293956,1.2691148184980961400416501024581483671367132651570198793899843336152140861995758279887455921819884696122793543138793304095923493094530222400000,1
anki,2009,12,29029,12238,1342,2.,28425,16070,2.30174159581325470138915109632218419001838673409954559705633541455684687476377866245953406691551020870773750749168746309753041298227200000,1
msmtp,2007,12,13964,5758,38,1.,30687,8206,1.36501934969673486565315686310599031278310092947342542406960789605781996085195917529600000,1
sabnzbdplus,2010,12,27356,22493,483,2.,40712,2659,1.0722004996162675567012659284895025859172876829684793151483724369279776885960274833335702838680326087593271944504062684047264888729833830400,3
abcl,2003,12,75624,51316,3932,1.,54809,24308,1.79695747689881643729211150970599532419737780237626965002031015112461566813992092036310155537765443001161111936906382616669896704,1
ntpd,2008,12,4740,2766,83,3.5,19680,1974,1.111487631304280575056090006426203559868476109108789206803716261172961801047511888095293947383450998339991415334103628234317728410096004608000,13
mintty,2010,12,6091,5701,316,1.,12100,390,1.033304867601620605717919782589205779768378781668924223684159993232783625766805314246327841516830221396753411642087341112743893483394725888000,1
falcon,2007,12,264236,91612,442,0.,124730,124672,2150.517241658606255616403540695779331725760302598218112000000000,5
jobsworth,2011,12,239347,367220,1205,3.,158037,-65217,0.5860394557266230898055187343536384182310064957337479913047268668357879284331971886269723406162994417901514412980672470913228981443845731600000,4
GnomeVFS,1999,12,29075,5258,223,3.5,24276,23817,52.88888889334032434942939375920251312033007216677760161593975465611740353175498332160000,0
gstreamer,2000,12,55333,15892,472,2,53226,39441,3.86115342802447040091489132521725480029302218648901695719516091724514793133587295483155199787321569745093738475146240,0
mozilla,1998,12,961509,430510,8598,40,595561,530999,9.2246367843045307838733107590068777899658271879927708386906977721306924839314548392294538240,0
pciutils,2000,12,433,97,28,0.5,3449,336,1.1079344683604105270892090511210832304954356881200000000,2
flashrom,2004,12,1807,1597,31,0.5,2010,210,1.12559808610211965826908917065508875048901387571240244640000000000,1
widelands,2011,12,68569,42771,837,5.,120193,5917,1.0517781511387927770552803630220336805571282983532296383113412890826713587940944453641534455197939667832929469655295349407188400878387200,9
john-the-ripper,2006,12,3704,1173,54,1.,20996,2531,1.13707013269543567127087471216258933883101171285514201815005150738897440000000,4
sbcl,2003,12,51639,28578,909,4.5,199274,23024,1.1306326241167547932475533683437896996126689049645663471412189350248714129489365109320819104083730776658824047548025231832368306886273840000,3
docutils,2013,12,825,360,39,2,55022,465,1.008523195923548238022325157243790470,11
pnotepad,2011,12,6171,6604,105,1.,688444,-433,0.9993714407650678374137325980998261572870215059766226341045223761829760399675406735776653394862419486128000000,9
libogg,2010,12,2457,3402,60,2.,43927,-945,0.9784870353120325893579004153761526061733915069178336289409652757254145038272584064000000,10
fusionforge,2009,12,227905,82601,2606,5.,491325,145289,1.4198667190380738480741145009419129785187175048604465041706079713508658253036147208793322360102090381075427811355382605802982856638571694391296000,8
gnustep,2004,12,22894,11004,339,12.,22569,11890,2.11340013099698696752,0
topcased,2012,12,346519,214537,691,6.,3571321,131982,1.0383742341233983678019310252297420544314171979182384282188466501826568861281466721467770656764598574648909055589381992029152688072728098454095216640000,8
wrms,2010,12,0,0,0,0.,46451,0,1.000000000000,10
cabal,2008,12,30711,37296,944,5.5,27661,-6585,0.759117679291889650660108733747294973507643790556402346721485581830409819431705393657024633063533678403993382815028558042803039808000,4
w3m,2012,12,18,368,4,0.,82863,-350,0.99577616065100000000000,11
torcs,2004,12,72209,8356,262,2.,313640,63853,1.2556297965694921993608089392166542655150872547191158738838625829207499472734088405493371108431202809930236696428190171050324697272296550400000,3
go,2002,12,0,0,0,0.,7,0,1.000000000000,30
gnumeric,2004,12,171976,99318,1265,8.,455309,72658,1.18988357355234387040657654426716902000742337669925447503350138901771920283625040565821873595583431301620048276312932216348394404721167851520,6
phpmyadmin,2005,12,222214,133006,5548,3.,157654,44604,1.3945510836208873822054662310685259744957684310671903769022779361740583433700003666543249541572637335496014755693368444303926041392385024,4
joda-time,2006,12,19639,3898,124,1.5,87365,15741,1.21977270189567429692734266997177892574431438067689228545014214121163534998834773802305240589452007500014092771560918910206014720,2
sdl_mixer,2002,12,2795,625,47,1.,31343,2170,1.0743838480763622214731676559966799604229821585485936593272293114581142718526363735800923894053238970373065966290806807373004800000,3
tortoisehg,2011,12,35955,29635,2595,11.5,67218,7805,1.13621053732656756039849374625341098523081039455821778569439695205854728606571206848550476476440960578442412088164446865735894593311025280000,4
simplesamlphp,2007,12,10734,2573,228,2,13381,8161,2.7202782462972504225960280950466,0
archlinux,2012,12,56558,33118,1632,11.5,90572,16920,1.229728995808844631171527595679457191996868798315228641498696319146534065709157156948220187747929958345597511945485245396496296902037350400,10
izpack,2011,12,45542,49369,185,3.,3239745,-5190,0.9983974655876325501342969505524237745620099424890649259919493839505273545980051474867379780998229863935079240295283137860932032588607735127466432864989184000,9
hamcrest,2012,12,22802,20492,409,3.,38502,1738,1.065267189860171936646454803718029798296975704756278287414516198072967354050313782728893320159234534020884056565576776489888947741907435520,6
duplicity,2009,12,8819,4719,361,3.,13986,3102,1.28682385577571372281359503945370800643474408414541628783977747869475168604650948140581725299044978177475637661601926136269383578989834240,7
grails,2008,12,1379686,59804,2872,4.5,1588698,1319882,5.9100743643664138166725129112775692518378031322170286439342868483704406256604248558294642831917347822352173684549928564975313673417609799326003200000,3
ace,2000,12,2512720,2159008,4570,21.,1568068,353712,1.2912753755825490010776763621480453258977981961980319464014575343691450599342198586868740724595609510992966392563972979118108555527168000,4
eggdrop,2001,12,88787,76993,952,4.,211754,11794,1.059128760716648775929499734221435477992156235755258485208971037823139865495959996849367070811263764235055918871911829465882066805037339403878400,2
openbabel,2007,12,356427,602973,583,4.5,539247,-246546,0.499072491864463557524414852458203225482655159415856618518044678917817741145922868684822172567271098386447351491573818035421660305899520000,6
dolphin,2006,12,13663,5445,152,3.5,8919,8218,12.72325249923304209838846747024670465109016568294768063651098438340177515088328960000000,5
freebsd,1996,12,418024,728222,5379,31.,2234536,-310198,0.85453616105618352087954695077593277812027070360353800287110547067613624068204340665806054385482773455035200170147569342901859684672749568,3
dozer,2013,12,3679,1080,58,0,109021,1565,1.0145641006600,6
Kohana,2009,12,81159,64023,3417,2.,27834,8571,1.7991608392166243002832482849807687230188877236091402387704069563919691260776858002065254182977455588386411405040981070729088860160,0
kerberos,2008,12,91532,64952,727,4.,447281,26580,1.0663972142140341301893873343988046756611868756221508364564529120458642327829878668315009825277306240754824322743603473531550345505402202278169600,21
openstack-horizon,2013,12,17011,6381,263,19,39317,6393,1.194174462383869890532154123705400,2
numpy,2002,12,110216,18363,428,4.,93022,91853,79.57399487110638976895479044553829469883090487096292423284545062430379343925087594593181046552738266559330016734420354204322250929369600,0
gconf,2000,12,24433,15213,228,4.5,38256,9220,1.475429278499732585453308098595643264074526914453093963776284659172117495116312661308104357719574032963365713531473052791808000,1
hydrogen,2009,12,210057,127924,486,3.,91177,42977,1.89163900424159866301537356533266204345903662542359147503739524374054769471777213488970802761042555371109148568258690291634925844725760000000,2
bigbluebutton,2011,12,240016,219790,1976,5.,153190,82,1.0005830986785657907233451258077590198027512013085640894380848997833683788967341060323351713485893608921423267336390802356920000,3
axis-java,2006,12,3491,1291,92,1.5,187349,2200,1.01188232180641826115333289105530589981234546227769583088688594323820772558174941339550897896111546717157121724877005114078088623296000,5
concretecms,2012,12,288782,246607,3403,12.,494046,15411,1.03219781252270860939691608556953609707697756231294062848748176281669750634745933441712015745673561237044311570114848970300153421987225520000,4
themanaworld,2008,12,229581,115016,480,4.,195276,107187,9.8856005994896157440641953492507469659554694014134699730626717701347075382122514950755872137594190077395828177789966200398289365520000,3
buildroot,2002,12,2063,895,96,1.,1481,1168,4.7316293929889380673310744402236249735569628518651547114450275240541776872707257541980302259668973762500000000000,0
wikka,2012,12,1917,1699,78,0.5,51045,218,1.0042890589644680758425246566096033397595683016785541475431310729783294931642720000000,7
zsnes,2006,12,39357,43668,1415,4.,145586,-4311,0.969866211852961218374558486760332607419233270577511834417142218575409915013428307387971801844192819634954047434732350268084000000,5
w3m,2004,12,3131,1268,59,1.,82354,1863,1.02314544483235381336659314030129083884146113092588971459384229601667140638887950520935921844063320993913210191200000000,3
gmp,2005,12,6646,5300,192,1.,222864,1342,1.006058089038164785939319274936301635977763630517734922382263909139339112311225132954074911272536458920518494437967296781318144000000,9
jsdoc-toolkit,2007,12,2514,1582,130,1.,3398,932,1.37793998381990446005308995521369600599059288416010269614933904000,0
clip,2013,12,81,41,19,1,22576,40,1.001775016640984754421777480,5
gstreamer,2002,12,236025,134299,4273,11.5,243531,101015,1.7334543475155239164826871268480789062405442850423720744447735479396414059803700822260991888188959344080301132995011827116323752960,2
aros,2001,12,1186270,157213,2431,11.,1901186,1029057,2.17993668364155884784349600876607275627746389936437382330786363743417861973346841340717473252980323641925573065454757799456192704000,5
xchat-gnome,2009,12,1063,1734,38,2.,54327,-671,0.98763566676685354735863085496232851385404069348023470277647100093769311819904188054948149047178741216360000,5
systemd,2009,12,320,202,40,10,1822,0,1.0,0
libpcap,2011,12,7382,7834,117,2.,52544,-1153,0.97713254397779740544636337025775328343781744508504070668938945270048238255410821586215412298761457887130806780638183351174137357952416000,12
venkman,1998,12,17950,1034,13,1,20363,16916,5.90745575823972102359862971095240225215840000000,0
mantis,2007,12,58805,24003,1013,4.,177149,34802,1.2444870632959145093281084255244787844977951233524366648849741918351819097949749049595005436138809920018567696737477999872000000,6
wicketpixie,2013,12,0,0,0,0,43548,0,1.000,4
bittorrent,2004,12,802,481,76,0.5,8633,321,1.0386188642951119736459613023623495821085434863002326131040000000000,3
spirit,2004,12,403934,387267,217,2.,238420,16667,1.0751602007634790518746403972357881708576730751114533553428586868859133119938004902475013696045913212587840170031582030136601440029681718000400106037248,3
apache,1996,12,3678,1491,156,6,26598,2187,1.08959075826,0
restlet,2007,12,196739,195781,935,2.,136127,958,1.0072998262761061374088535128430086891984457436476447652336821373059758322573334207524219927003659952211758835398677885280157276153945857664000,2
openocd,2009,12,123594,99114,2443,5.,116541,24585,1.26735612684116241644680767441375350880797514876855467798231655434252010621664450268729776839268009981535166289212368782251764033892000,3
libreoffice,2013,12,409906,328772,4482,82,12928088,81134,1.006315426990419752905067490601226294,13
dist-zilla,2009,12,2509,1462,235,3.,2233,690,1.4471808166215382284203045325494142007409598416616966516748708749572706921791678041779395998555934027924596084970416977360000,1
android_gc,2011,12,49426,32009,862,2.,36529,10313,1.393385718635012923558970784846610178011446758706698918101024462800000000,1
mythtv,2004,12,291496,89854,2740,9.,506146,201642,1.662198197752388951806174813654466819997307128400372077907222098429374779492584366391830108934937599348640502815720833504561161600000,2
pardus-linux,2009,12,2129123,1349742,16055,32.,1146605,779381,3.122358560583477896761784018324241794516244520115832367936059606308175439028887124964333416139984892534652226356650997587318672128,4
qjackctl,2011,12,13639,8380,67,1.,50571,5259,1.116061970356299909685116771635799798524175486865264064268808069439648510469217597643126111872700876577074936601600000,8
spamassassin,2004,12,9407,6447,474,7.,40625,2960,1.0785875481294143343116038648680442132932054354412056004964760436992,0
celestia,2009,12,148722,96658,250,3.,232293,52064,1.28969346933010035665422504819941922716100589959302069022448546865425002589792130172097455797555534050246398630050682543240088339760511584000,8
protobuf,2008,12,9799,3046,64,1,65356,6753,1.1152330085396180653641532416953028063495740680,0
openmetaverse,2009,12,388541,344183,736,4.5,227039,44358,1.2428167132802464256699637893169500151022752315378250930587509810310822229751077158910891337207156647787418879586092248673332464543334400,3
bashsimplecurses,2013,12,0,0,0,0,328,0,1.000,4
rsyslog,2008,12,137120,99192,1892,2.5,41238,21853,2.12731493438792255705142776867373724062304349924883278320278602857037040837512447454386956562338779264355212083885301639085267344471360000,4
keepassx,2013,12,553,61,12,0,23844,492,1.0210688592000,8
ddd,2001,12,6745,8371,138,1.,169321,-1626,0.9903462524915502867144875695379989372825237959309637043300245869003044490334289754112000000,6
sonar-plugins,2010,12,791159,547268,2932,10.5,313143,243891,4.521789984627536986291852245032044785171062027213320904156550236667621462720026369525848750675196512113011922502663354463846400,1
html-template,2002,12,11388,193,28,1.,15046,11195,3.907037132681987325272263136833437036280668347737596174182347223802000000000,3
xoopscube,2007,12,118717,4143,304,2.,180028,114574,2.75045069855667307797195713695506312385509750945802710573995308076337359213963817400000000,3
haiku,2010,12,1217807,1375717,5719,22.,7347988,-170187,0.97657678365176949167743738577449832874453155321645658155371751694850961680654957846468693941811132082622428453568514811840496260572839936000,8
texy,2010,12,153,154,52,0.,4626,-1,0.9997834560410172131382360000000000,4
sox,2003,12,1369,981,28,0.,36403,388,1.01077328890374882201422139011379520238571914279975313483883410240000000,4
sirios,2011,12,0,0,0,0.,48259,0,1.00000000,7
arbit,2010,12,79153,24212,962,2.,112979,54941,1.9466384092596930649833945762188777596139007059726397613957206511273565767570985962076193784392723885895364335587174511563941391993600000,2
mochikit,2009,12,24661,24579,54,0.,37542,82,1.002200574295871412052343324244162715671495400621251628558821000000000,4
iftop,2005,12,152,56,13,0.5,5335,96,1.018327605956980260076659530456162906471594773619949109187978400000000,3
mercurial,2005,12,26256,16027,1181,15,9768,6461,2.953734502514316600820959564853552642509653701767610764889563124444128279000,0
okular,2005,12,194093,143762,842,7.5,96494,39430,1.6909785503688595962304559349598325162008585350711737557576332053488550959913520293851858306848629372902457125449653081500739448912000,3
phpgedview,2007,12,522547,489664,3388,8.,270127,32883,1.1386041374994698011587093505671071710164844727264901137265959177238505912023141566931284315988291416711802877604217756094460635484405760000,1
backuppc,2002,12,2534,712,11,0.5,11633,1822,1.185709917488820748241000,0
apache-james,1999,12,0,0,0,0.,6015,0,1.000000000000,0
jasperserver,2009,12,111240,83134,2204,12.,218360,28106,1.15081157942581788503695310255617480463623153988672523609877238827313530049399234085482804654809568005842812262634992995725423059586560,3
irssi,2007,12,1542,2370,204,2.5,94003,-828,0.9911938314279715052538743807734719766005034604408433478374123247349988857774104164631594455527966733181991647998890797312746799748194851225600,8
perl-xml-simple,2009,12,0,0,0,0.,4350,0,1.000000000000,7
seqan,2009,12,56774,34724,538,4.,162317,22050,1.15720019676767912795446371595859852150293993913725071567433079280957841937097065906571780947408907421881707472019621745943293676648434826240000,2
yasm,2013,12,0,0,0,0,156120,0,1.000,12
wordpress-plugins,2009,12,148899,119197,1400,6.,92711,29702,1.47139297566187591260694767978432178122087106498689856263119672855089723298443784414127528828466902240893858231701340357957558551987200,4
couchdb,2010,12,29708,10510,755,7.,62845,19198,1.43984695398672212495597891240770714478086698994089467865117477120428227997937767515916954764085331233972848580567349251287837172578713600,2
subclipse,2006,12,38288,22789,826,3.,79398,15499,1.242554656575668591194407023851487383566139842180436219364765577420746319069920356008087838703220804871238570932810017357760448605583616960,3
netbsd,1999,12,799266,462527,11422,70.,4211953,336739,1.08689558821068612957571888076587513615882750171305914457521484731413946685672226270263418152578514468907950874455266093185888502713625069030400,13
bibdesk,2005,12,24375,14244,1015,0.,26538,10131,1.617480343790975794691478641038015638798329660408322000000000,3
php-gtk,2007,12,200261,48221,409,4.5,393855,152040,1.62874511503720021857410780811819307722095497557698291093382239376961401101026730912427268483609809466676646586432629232842720000,6
zenphoto,2011,12,138896,107987,2184,3.,176727,30909,1.21447008691801423828174412518190189507348657658909012447343236516838494701760563791724770024991149314506593849542218063672290561152565381248000000,4
springrts,2005,12,217592,203810,452,3,157691,13782,1.102039758649503950328735259073297384644711162570451889194467255950229232108160,0
pyjamas,2011,12,113269,58779,595,4.,137299,21172,1.1823176350044213861785909234292827414292079393792016931388461989540266422137551178710567438138178724500994981354735399422341864357327872000000,3
mylyn-mantis,2007,12,0,0,0,0,10212,0,1.0000000,0
qemu,2010,12,151271,62198,3344,41.5,514410,68439,1.153460651014874195661875951611541538671106789315068659580465606091551033685227515044918406592904511911006126839760262352604005703300979507200,7
libcurl,2002,12,9085,4622,610,1.,30873,4463,1.16898901931682385672880095804126754938510739012402099241259398029599413572466553688546073848542764221150823315192307140622033315115827200,2
mahout,2008,12,48686,21883,221,3.,28069,26803,22.171405998320025113377951447790576000953851769365134643543318391770295770447376313683379580769679512464000,0
maven3,2009,12,373162,325484,4607,7.5,246127,56181,1.2957735356253137429285679299773202850390164311878826899514199764185379577387262078376376262076397497987628341754198424709224887746560,6
ardour,2012,12,87,64,11,1.5,359908,23,1.0000639114354269009238608549,7
freeelks,2013,12,1186,67,15,1,50329,1119,1.022739280637701940616060,9
mapfish,2011,12,100,196,12,0.,154759,-96,0.99937952831221213909455615950729564880400000000000,4
SHFB,2011,12,177760,48636,44,1.,135041,129124,191.44837757517385620065769944692519668422272476044988572020228359614299676396526897809850948710400000,1
unrealircd,2007,12,9827,9489,357,4.5,37438,0,1.000000000000,7
Fink,2008,12,8114,6058,244,5.,299270,2056,1.00691757454183939124193946130335507900643093346043837411718477294219995094768509295838732021444834953718594686650265492911645944821686585457827518953441280,7
freebsd,1994,12,1626976,122865,3957,14.5,1926123,1504111,4.56414272601907016372948241498023124146053582668511679730050497889783405918766000942706668449864626975991852580881796339593040944640,1
ehcache,2011,12,42819,56036,993,12.,147752,-13217,0.9020237212617630770139325448138659453441251285014911691522007028706709220500955335561272552164850826273316467781146684284811030568704000,5
sqlalchemy,2011,12,31413,12640,717,1.,109100,8784,1.087563299975227029027381286631236289857359895922209754050953619236615456295360262313649352025908168474348681518089578600706231110989079285760,6
acegisecurity,2008,12,176175,156235,2396,4.5,175846,19940,1.1614078259052692701324252392728619849422082051765856490700628913892390394095810113129321545051897593414542650578206055379035624960000,4
pytables,2003,12,324236,292452,664,2.,79952,31784,1.828312311169355318770948958119975380647209973569663358297025481226975093519978138454715469553247142028043085140484717768551293696,1
eclipse-wtp,2012,12,108978,66435,739,8.5,10375577,42422,1.0041054256903632307055081438910971303416526084113862165586482676324539683763112899733075954752845271069521588507081345536000,9
quassel,2006,12,5248,1797,68,1,4286,3451,5.1329341317331563972248481498090000,0
wesnoth,2012,12,80042,70084,1851,13.,317982,9958,1.032328649719930429230243474087210090058064791989460586219613229256941243444418552681598181791121890543948784047060445136698845988601035161600,9
macvim,2007,12,84285,36181,720,1.5,468701,46575,1.1103343551467768952418720865658218614612970273383627691124406226508240762977420239384612310101953055830346849028026886202059887524906423173405952000,3
concretecms,2013,12,6032,4123,858,11,494354,308,1.0006234237291441292049637977554176000,5
dbunit,2008,12,16670,9379,483,2.,43891,7291,1.199207650270587950490779906446071412580750633537268174293232271213172801106042204368146138595755317388049257936985580498240000,6
busybox,2010,12,52386,46964,1291,11.5,198158,5455,1.028307810460092608488986238266109536846914088590226130198180684179908858556581041854044207172933839464944217876516919042331857938465065374515200,11
gmp,1996,12,2684,1329,87,1,36211,1355,1.03887422538411813068127111603445686881737819925179414122834000,0
sdl,2004,12,109889,53348,1388,4.,1100309,56541,1.054261735783418334530862378016874322220158937535558573917730108949547845082927190424312738152809456861915052369073600702408207929379145136479975200,5
unison,2006,12,5194,3361,181,1.,34250,1833,1.056544405716028448741746836362083164403429046092222212417199191389448917964301560649744852973253433661018351917020192000000,1
piwigo,2004,12,27464,22842,548,2.,15146,4622,1.4391866210787809016229343655302561616059546412817913125889399508873998821709615520778841774464680997058717358660678182400000,1
Gears,2008,12,2430866,1715264,3012,1.,1534333,715602,2.170659647365968093170315052461752649599066955191188460855353313881398893388590025306162553622353633235369711904368187052330254592000,1
moq,2011,12,0,0,0,0.,32619,0,1.000000000000,3
ZenTest,2012,12,0,0,0,0.,4007,0,1.000000000000,4
audacity,2005,12,14413,8101,169,2.5,71767,6312,1.09644887232444409780981437217400297995702461509593818541445856798801934563687397620259646916226912530784101945323873104000000,4
pygame,2009,12,330229,154404,2803,8.,418405,120592,1.408832174452689421374744346801270716085412318812067920060495720537646182642197730378747469866366121314884090361250300260901591639685857280,9
mojomojo,2012,12,11,7,5,0,19387,4,1.000206366403500000000,7
activiti,2012,12,499783,256495,1269,7.5,354474,196914,2.2549566946522215438106128322499651963999104931428431712760212310483089460700057005279051406182727435941636650589896801225624785819648,2
conky,2013,12,0,0,0,0,35513,0,1.000,8
zsh,2012,12,1296,463,102,2.,105560,833,1.007954013768671142449818202292742162485579021976535353387290243160788758879400034480769900207537204826208596061808051402947350693130474814335138490880000,13
inferno-os,2011,12,7239,5374,62,1.,1185210,1865,1.00157604079953926402710628730285430572210201801935903604656535249923966694039107156657207803164885725372404800000,4
marble,2009,12,159481,87357,1494,9.5,150718,67622,1.8137816501012841622159665648068783101197477033491222426606203223728509109621216799778948576496553987781981396031604426170918363586463157190656,3
cecil,2011,12,1693,1325,128,1.5,32698,358,1.011138767890891371235407519783968319204913277756350331103522654804525145012347194957959997634640186397626950235597425537024000,1
yafray,2011,12,0,0,0,0.,37150,0,1.000000000000,5
lams,2004,12,25909,6850,76,4,30465,19059,2.670962651,0
classpath,1999,12,40810,13110,616,3.,87909,27700,1.46006411002712628902646607245798911274619446286929097368315531171538456796961437802039235615177958840771689980988703463962213656800000,1
sdl_ttf,2013,12,0,0,0,0,20283,0,1.000,12
ogre,2013,12,332788,151407,405,13,1085061,55858,1.054273063718530798819468464044780625,11
jogl,2008,12,10598,10282,316,1.,122436,298,1.002439863105521990608608088398715524197032664410999347424811910000000000,5
mercurial,2009,12,24696,16992,2050,25.5,41885,4201,1.1114796730677328210208192527623960753293621234650448768057296692529690496409146443203227541975972298116649316410872451615298227986555744000,4
levent,2002,12,454,64,26,1.,5360,390,1.07847082495361996859921623094733880751427014720000,0
ghc,2003,12,17088,12475,685,7.5,161917,4613,1.02934011766267208978233333194187676301920817643984358528269477252433812431364136448972200621695943201913567921838223325487730609507069043189805056,7
flac,2009,12,452,271,51,0.,86361,181,1.00210025528000000000000,8
evemon,2008,12,10051,3751,80,1.,70958,6300,1.0974900188718022184141624595867248096188544521966033864650530125835894327074960481878736522299418466080314916621911871793008758877414400,2
grub,2006,12,27735,15949,170,3.,60308,11786,1.24290012776705576200127454998271066537262631857108928185097009302752502622118063367704805605700137979069984767771138991821115339307870208000,3
DAV,2008,12,286818,128575,272,1.,247368,158243,2.7755175315326109021370017597297468570340719643253284084927597394383147326996623334619796504372074539288205611773321226971816596646140846080,2
opscode-ohai,2013,12,1,1,1,0,89801,0,1.000,5
gutenprint,2011,12,15455,5557,440,2.,202380,9898,1.0514229902056168342121118642103636655381084845866121774655963133961734321945674226694473820165402975536277964425332312066666234670335892822585221120,12
inferno-os,2007,12,20732,6264,131,1.,1138493,14468,1.0128715998311943301413467321412571099869345171455969279297081713131450535860876832371811882420804001241493052623353842260406263054371076442052128041440000,0
tiddlywiki,2009,12,1650767,1468842,3509,9.5,1542713,181925,1.16102535782067285688690454265496260532116019355819897405829656780820148429233839561363494535433782413298350124507743195842520291543368000,3
themanaworld,2005,12,1792,537,126,3.,1280,1255,51.1999999946293408061749523624946555910509693926097596662144218934544740488417944119459462306136064000,0
gnome-cheese,2007,12,15787,11361,293,1.,6234,4426,8.243862520688320103703776311699538311752392158002949382835362066640000,0
cglib,2003,12,41721,36396,415,2.,12345,5325,1.758547008566761743810562567935313493935034707803295138620873101516656954348425653541518734443888824679625129588425618341829633984000,1
make,2012,12,1789,741,90,0.5,33351,1048,1.0324428071676974485837275203141786920766829532294864922718625386461893760000000,23
opscode-ohai,2010,12,2936,644,140,4.,5152,1065,1.260582334248986933309075751577727853180429433535197000804690877147532514982424605402540941635259328029227552863586300000,2
nette,2011,12,60249,53014,1703,8.,35505,6753,1.23487061767956701344569355390248417714810241255233012120058031421401212299250242545792749484044131637410923308287615308541109104621237420000,5
glibc,2013,12,32958,30333,353,18,1175606,2622,1.00223742472603029268143264620950006560,24
leiningen,2012,12,9155,7047,1079,13.5,5286,1437,1.3733437256893704571553104645886581006500129574879346345985547740976165856393695703206093515234587342140574264580250154556000000000,3
gtk-gnutella,2000,12,450,299,5,0,14540,151,1.01049412745826156813062400000,0
scite,2008,12,3210,2458,194,1.,91606,752,1.00832281913397500366912370915543845269793738925873230692106238594895369061750183680524673465424860424678555613714158141916629320440895729500,8
warzone2100,2008,12,513077,290881,7502,6.,846826,222196,1.3557241887577403185651158964861874978665936455672459427276084806399116335913646735624057799430923930764101796385706362690924678340198400000,3
eclipse-cs,2003,12,6665,1581,57,0,19660,5084,1.348792535629408048649935844223000000,0
habari-extras,2013,12,926,660,95,4.,141999,223,1.00157290373581258548374640,5
AsteriskIM,2005,12,3305,2032,143,2,5755,1273,1.2840249888550767883896283273860816892264966505159438784,0
rake,2006,12,6806,5594,51,1.,5572,1212,1.27798165136653186925993497033422131752230552718443637854279186046710005577344819935673684880000,3
jabref,2013,12,5105,4079,112,5,148487,1122,1.0076137481761731990838547687030789962,10
libidn,2004,12,23592,6461,374,1.,28689,17131,2.48217684718525991107966352172223763390525053693533108224540363432349332842315994598028750335466710589897186177210894484855535206400000,2
docbkx-tools,2008,12,822,188,20,0.5,3867,634,1.1961026909529366573453644536541302810614969285008423166000000000,1
gradle,2010,12,204933,133624,1533,3.5,152463,44836,1.416586915925997893439544961953726872328754446872522906526067828205910634332735979287114438000804362663181881910166365417731197306880,2
hydrogen,2007,12,4277,3412,42,1.,42187,865,1.02093417231324915439852426407607923676047032776718826144189495937634221875200,0
filesync4eclipse,2011,12,129,46,7,0.,9252,83,1.0090522412475922744798650000000000,2
httplib2,2011,12,4713,1285,69,1.,12766,3321,1.35161461091120200151206092925932817597597666415427993683828137482593280000000,5
rygel,2008,12,11332,9745,326,1.,3279,1587,1.937943262345126737736798081223968329756607866318886664914811469033799827707001200640000,0
python,1996,12,77687,32856,1410,3.5,270007,44831,1.1990931537923918732128692757326288040781811302887303895935519486720733778098878579538927616417353604105338934137598786580124122094026752,6
openwebmail,2013,12,197,109,9,1,193305,88,1.0004554464669651475279617520,12
php,2005,12,1151354,784381,11717,60.5,1824704,380195,1.263200160032347562046433049111385013594130194766190604212545713201667586712145028057510575743094116405956562484370124684479679210515131400,8
jython,2000,12,40726,22754,760,0.,111821,17972,1.19704843980475711396935545066752103899399685524091402880000000,2
xcb,2010,12,6352,3091,168,4.,60921,1078,1.018013802787556576757305811791303616100897332567024256563077439091778453170814476876376437971798079683501838318720453040300828867679840000,9
pywebkitgtk,2010,12,9708,32,18,0.,14258,9676,3.1117415977679498003460000000000,3
gst,2006,12,34210,33353,214,1.,268833,857,1.003204481032799897425805496373843222705562187399425243232280789050176691625324363357650832524925258329504000000000,2
lams,2010,12,117783,93905,657,3.,1277850,23878,1.019717751588970733822634991530680540676038653232213663627910509886637529577699585573802184898669978729820231731613565845741833639312998400000,6
hpricot,2008,12,12427,1135,34,1.,25171,11566,1.8501286291629106799973331568805697670957318400000000,2
wikka,2005,12,225,188,14,2,14328,37,1.002589042054,0
gksu,2009,12,9034,6498,42,0.,82272,2536,1.0318049563582740791620219217714594581507959811423626778015462400000000,5
openwrt,2006,12,184099,31985,1641,5.,152286,152114,885.3837210645873707313272252865198865084783028147937840384000,0
gv,2007,12,2114,39,25,0.,32369,2075,1.0684954116300000000000,3
GCstar,2012,12,314,335,25,0.5,110230,-21,0.999809451219470925565934520322243100812683074918692493536075760280000000,7
ndoc,2001,12,8584,3752,172,3,11684,4832,1.7051955634091913287931601171441,0
dtango,2011,12,8323,2150,55,2.,208182,6173,1.0305580444493237790755462927003330672525393876175846425816907554106687651796073529921980125813681222779870893363125844408058009600000,5
psutil,2012,12,6114,2822,308,2.,12964,3292,1.340363937113207432928031712427238293270660428562393854293251489619747554909478618697305025082239158211047827715748242794700800000,4
imagej,2011,12,12103,8511,391,1.,91453,3592,1.04088275799445131780850680508609549148838023700393434600620037040274729165663621048595563963344905194265630800522104482740009923345116903424000,3
equinox,2004,12,359519,267911,5046,18.5,376668,91608,1.3213639233958519310203884531123832317265432774055112369995677973246399275813862615713247304177067868363947778618930958368440320000000,3
swi-prolog,1995,12,116272,42774,529,1.,338274,73498,1.277585581769143815176227582885546963133445160221576938969945802886027576235041032677643385653741297138965415018161112348708730774826342400,3
ecore,2008,12,37945,33526,321,5.5,67815,4419,1.0738012926480418989961163497943613830335462004533110896318251027796818020341619030755523273171353800874116037616117957121917064265926779275520,5
binutils,2013,12,174584,54893,523,16,2806804,119691,1.044542600176261946373095072152470720,14
otserv,2007,12,107987,55380,639,6.,112004,52607,1.88568446216119765528540945278578703684224796016148804192721010735720415960863721091430067647812214627447485569049806427710555693687286988800,5
b2evolution,2013,12,0,0,0,0,263725,0,1.000,10
dwr,2011,12,11059,3410,326,2.,170631,7649,1.046931562996517078864672594416610538768007447282427975284927868202028804109626609324033563066308381817990920107827452884517782604160000000,7
dtach,2008,12,2282,1905,4,0.,6007,377,1.0669626998200000000000,7
simple-invoices,2007,12,910926,494582,4357,6.,364581,220525,2.54648031566009119559986852355556409518383456378805090444798949402043636510893276552599185417446257407407911611509014384333177446400,1
notepad-plus,2009,12,159385,79917,247,1.,219693,79468,1.63757511570263946996767683046042084794352387252042829651683723300887217669364767460467200,0
ant,2002,12,313090,357908,3212,8.,228731,-44818,0.7958475301690745825632120739090037282747744984943211479737874749836508537128198667141419748021502730418026245792970075082000000000,2
commons-cli,2012,12,104,75,10,0.,7913,29,1.003678335869957175006209845649181565000000000,10
ubuntu,2008,12,454714,462471,2000,18.,834679,66913,1.08715285647009231409452333394696341653703072057489650672567029738237308943202183769343324407934813047107765765283104176485132236675811863671338240,12
jna,2013,12,23234,14867,126,6,233259,4063,1.01772718546159175366149211239998870,6
python-markdown,2009,12,10838,10494,82,1.,9447,330,1.03696650610504497135460349311735675396593478894325071481546805465307246500908615921861019324953287464960000000,3
mksh,2004,12,52828,19615,207,1.,60076,33213,2.23638461830456309991446439239302116263916434799981356840895492674218127480058798204211764681998767409500000,1
jabberlang,2007,12,211,168,15,0.,1167,43,1.038256227759785314874505481926076974000000000,1
calf,2008,12,28713,10761,677,1.,23660,16212,3.1766917291946568079231966092657158371086114389318120793702800678931197125509963044777125102286994044983872795174928783218278400,0
freetype,2004,12,31946,18997,323,3.5,258718,12949,1.0526876864031220506310912188320081152020903138543180998535151642823521248105940690390730922936688051142761682462052267860762772289077309312000000,7
comix,2007,12,51825,58640,50,1.,29165,-6815,0.2590780605513323198647235491314880175598724838695158536000187929538227148299290290273504000000,1
fluxbox,2005,12,7649,4674,298,3.,44436,2975,1.07176283288321939083318658523123267720303504945617299785382045290412367347648383881981925933331393648921168150005738414338024096198341968410928000,3
autohotkey,2012,12,0,0,0,0.,60586,0,1.000000000000,9
fluidsynth,2005,12,612,344,26,0.,57778,268,1.0046600591199455786916339427237440657457943209232000000000,2
startrekguide,2008,12,31626,4857,152,0.,88767,26769,1.4317719926375735789006531305365250984860719513831232113100000000,2
FirePHP,2013,12,0,0,0,0,20481,0,1.000,6
shell-fm,2010,12,712,325,40,1.5,5045,357,1.07615187713766603202511699988485747016302970334042115342269095588607163328287847133691243136000000,4
yate,2010,12,55627,9747,789,3.5,207642,45880,1.283626562470791899598682342375027014513548983412602601464235206196171805195530844045489202399583114593544332943433795779553966834840115200,6
nutch,2010,12,21165,55734,125,1.,132335,-34569,0.73877658965830664774644116289053054719380636080317185767969098777857025898908486400000,8
processing,2005,12,275712,89802,924,3.5,203189,185910,11.75930320235366461685395977634768514438651665602050036970858140099133882040267847496434516161216539010192305456830587740134400,4
fso,2008,12,82335,41052,1216,9,36079,33155,12.338919289772017721867289438778886428006473046109878258832504790067272,0
pyjamas,2010,12,104252,41378,1121,4.,116127,26366,1.29373558672225729968854646098724238556223932951069254324524694195659766807401483604685141953658740048839344869033046229830569074210000000,2
debian-installer,2009,12,50435,75839,1479,13.5,296859,-25404,0.9118011602856953733576867950541679356814261255297187437971409461301614717758416613416157024433622380909432090146877958759080166175099293200000,9
rakudo,2009,12,29267,16370,1553,9.,10934,4985,1.83795595904445127198750132234808771131712708931102109912442077356353201329991894666600050455783333386812333467573664541913397248000,3
tinymce,2007,12,42540,49980,381,1.,38977,-7440,0.83780248525137788587496655873845309410396191552914173647105568060832053669647406364055314819375947642251713707000175616000,1
tomcat,2007,12,60070,77168,2378,7.,706186,-17098,0.97557986745726197235630075732770110163434080166881198603385184642255344386189182665193936305446057378879235225097975979375561507622254182400000,6
www-mechanize,2009,12,227,169,42,0.5,3509,58,1.01680672268617091437060248827037760455777533160000000000,2
rsyslog,2005,12,8222,2954,221,1.,9453,5268,2.2587813619982268021249542905455592949842191845041695563431919525075594561106044589557067911622909810607232500000,1
TimesheetNextGen,2013,12,0,0,0,0,14693,0,1.000,5
openssh,2010,12,10847,3474,206,3.,53226,7373,1.1607964582457723988319738059148413113263304964121053726806742754906205733801422886248265196791478915475596090512553640748925210678901637120000,11
mobbler,2011,12,868,1099,23,0.,38645,11,1.00028641358105012487163147188411822519118697911156800000000,3
CEGUI,2008,12,162801,140553,451,2.,145232,-23154,0.839711461268972550998830559578010274805578270011280466493031682121261607211817825997516241112450160000000,4
irssi,2003,12,1503,468,96,1.,62962,1035,1.0167132268634937948098852757863570007878636867490315586620810496407575450332285174592877918736376483819520000,4
trac,2008,12,8689,4128,651,6.,39484,4561,1.1306016092507312365850732750181542531523569044511363869522333363094733770441388806826594459208003883373332057170373307846778920522339896524800,5
illumos,2011,12,86615,103750,446,11.,9571919,-17135,0.998204257884924392591125045982414300599257748023618720461306492945262800189956100132912153863761080843455556485192703442776324803707100477553932780718724309600,6
openredalert,2008,12,49842,48976,436,1,38049,866,1.02528245701205041063969123588387857598062994563895985472000,0
amarok,2012,12,60747,51813,1127,10.5,266095,5174,1.019964115533471789829153763453546804931466003089047906785080227209801515878799675864155233786085867797155629434673601211860289662988084597256355840,9
jackrabbit,2005,12,500682,393477,1321,6.,146820,107205,3.7061719045546505840721158275044197673124210815997958474459253507938516456551842581151524177158445202842294932283959261768436104320,1
Miro,2007,12,393756,78886,2708,6.,461004,314870,3.15750092489885465313763122915967551106292970818811500774857779515069271226244656226560661525818869918682836876743128238089929984000000,2
html-template,2007,12,2762,937,25,0.,18633,1825,1.1085792479719483895046509820690337381070859600000000000,8
openchange,2012,12,22959,8633,222,1,121111,14326,1.13419009171757015249202298069553065978821489742183634077437172244858400000000,6
Vienna,2009,12,867,289,26,0.5,303373,578,1.001908882247502425897217031833001665832389845415353756297129611776967352860979476320000000,4
grass_gis,2012,12,167184,146525,3033,9.,1301688,20659,1.0164630074426867942897154823120168825806432043137797258456033053044541095153721766541091857298660824506320590191198490512190967571171258867712000,12
dejavu,2006,12,365,27,26,1.,1262,338,1.3658008658042236502689585322720630899773339000000000,2
nuget,2012,12,31906,20277,964,7.,58804,8528,1.16962367730187098700619098419149783498513301979250770846916906418668405257441822025385888618110939673812911946960890111730861905595596800,2
viewvc,2001,12,7797,4960,250,2.,7499,2837,1.60853710857030510376564252717996846485881972480460600702080877425140194228986239766592000000,1
dolibarr,2005,12,149367,71456,8336,5.,169234,77911,1.853136668730154785060891917060709685254485977697443000122939537837686350090911267793276010569264216819212727798081861916441702400000,3
shoulda,2007,12,8648,2437,70,1,6661,6211,15.752969120680356896181577184424608110863307960482700325684989960253954879424000,0
openjpa,2007,12,50163,18516,664,7.,206457,31647,1.181036553963273319426573788399503622884469142139657028448502114036495379584447188886164538283788104851332031865679935668318769646272512000,1
edje,2011,12,24582,10360,472,8.5,64806,14222,1.281156096822652408143392891675093882863494208491784063178468100420601677490123775257716329856087769038346384816925585811585676306850150400000,8
xinc-continuous-integration-for-php,2011,12,3710,2778,105,0.,24690,932,1.0392288913180208653244296126605904284830989080000000000,4
cups,2011,12,25458,41030,652,1.,560856,-15572,0.9719837357416405590733775327103143954603056819077803389997173893693221805719009205579190563534860047577850048496367657798496290756800078976740243200,11
nunit,2001,12,0,0,0,0.,6497,0,1.000000000000,1
pymvpa,2007,12,55310,35664,1213,2,12412,11874,23.070631971869269724334664869826931860162874794316262517232949384867840,0
wicketstuff,2006,12,1719,885,33,2,205124,834,1.004082431837,0
bigbluebutton,2010,12,239600,344854,2915,7.5,291506,-147315,0.4883883269226562733801104099289706401887100870294642139301399558009212871354410124115562410093361518191975545934977326524696942080600000,2
kdelibs,2003,12,239567,143624,7302,67.,633449,95943,1.1784966121304190260049870783863861135907436257290898657764066255792453426688065756512377280632624545496971130771613095257247596040393600,6
mojo,2005,12,174390,94020,1198,7.,89111,80370,10.19460016157074321253700109922821672268799545424867880838103401215696119848144326466927180537440946240014850004202871884800000,1
cxf,2011,12,249264,163122,2168,10.,646691,86142,1.15367434424433211046043018054960843712053631950964576964788431291705266667015389576225344633403649391565173643039870339387358686733004800,6
pciutils,2012,12,68,21,12,0.,10239,47,1.00461145996885281060618583290152186416000000000,14
scim,2007,12,563257,251313,232,2.,655787,311944,1.907228008139906507438656605460644430195237765205429965211887136296032773949876253042237503282732980366087062736291178760595143574391495241539631488000,5
claroline,2010,12,54620,27784,1357,6.5,420146,26836,1.06823116625285624644268071257817039975462393086213737229061001324195323903937036540326869817617381573942925281713450850935300741287589341680000,6
msysgit,2013,12,2002,164,12,2,707703,1838,1.00260389734568392277992490,6
jbossaop,2007,12,356019,1318735,916,3.5,1591512,-962716,0.39267832163703229129613698252146781329611590945473369770389130759287621280254272495054913801342468101195704198013022899050176849131110400000,5
systemtap,2011,12,98388,60384,1261,9.,150210,20238,1.16255421685335550951264975570431034592927559562963597810310460038657409617654910431153471347142174770612227353538000,6
spe,2013,12,0,0,0,0,71234,0,1.000,8
latex,1997,12,1008,18,3,0.5,1030,990,25.74999999945000,0
amarok,2009,12,230015,229775,5850,28.,218718,-17498,0.9177250009093404679426798103668173948551660401489637417706442294249108703483996091626944238543668600965432353541842698685095488000,6
gradle,2011,12,483188,378746,4462,6.5,225826,73363,1.481185599117500316161732324119812180667731303037537557553781092482617447717054918628617054284603577063623176023628319401428472975360,3
dotclear2,2011,12,66400,24236,1429,5.5,76053,10998,1.16905695181311338279714927946030242981546204667522437671112036272095065334496702458685976455920,0
xiphos,2009,12,86241,83862,853,5.,59763,2379,1.04145754914251327549574016751435598610837925426490633778744870089203443721982668330955825546577082208174554915418080668189141527859200,9
silverstripe,2012,12,146610,172479,7062,25.,162352,-27529,0.8278705949788261786200168154736543262591151718248448560731146916854794384700563969772811838050820030166593823812464943573941822668147712000,5
wsf_php,2007,12,82199,75429,1016,4.,35703,6770,1.3195355641519820883641518365786190462766440523362677903311762716249289311688809353381987836834499708000000,0
tcltk,1999,12,274610,153115,1559,5.,505201,121495,1.31663565338605168716274751573072498016429553227694311489619891735625092713692319388063681058218571849636662485050613628765228176600385768800000,1
vagalume,2011,12,539,205,35,1.,14611,334,1.023404106226475166324173902655794289383101442756174671600483720282564530847688665936076800000,4
dia,2005,12,49573,16758,261,2.,194199,32815,1.20333490313818054142875093793976809066700097377848558892650695639471502057427283565464436830285278564202199421454449831460608820342570521600000,8
gv,2004,12,790,302,23,1,31544,488,1.01571354972,0
pygtk,2008,12,4504,7147,145,2.,261339,-2643,0.989854749809047125750532060522623172167345352388172447327032971051623163349917708316468962728924859867343019092621228128080691200,9
djbdns,2009,12,10,14,6,0.,3506,-4,0.99885909868800000000000,6
tar,2002,12,710,348,10,1.,20028,362,1.01840740363693222935709171726414050397381978741812473525520000000000,12
bbdb,1999,12,162,102,36,0.,26721,60,1.00225047822700000000000,2
pyccuracy,2010,12,2996,1653,191,1.5,14537,1224,1.0919402088173945151072358684044085853846203602720942209163092341308240421496788277976139003534584816721920000,1
jmeter,1998,12,95,40,6,0,109,55,2.01851851900,0
mifos,2012,12,345036,116500,2160,10.,2655125,93129,1.036350173849941272849600952180122147119945550671587237499124766332262779334821891198440488806047799200297555908396628542000309499916271372961280000,6
nagiosql,2013,12,0,0,0,0,31121,0,1.000,5
blackbox,2001,12,0,0,0,0,18452,0,1.0,0
xapian,2013,12,1206,726,90,1,111711,480,1.0043153437434365022159240,14
dolibarr,2002,12,20223,7727,741,1.,19398,12496,2.810489713162145034482725702221346242708405166481607733810341783169049490682500,0
qpsmtpd,2012,12,596,3005,45,0.,8099,-2409,0.7025558711229926951999472439460242000000000,11
repoze,2007,12,675,359,28,2,3860,316,1.089164785550694914722850,0
flex-mojos,2008,12,68111,51926,1174,2,27754,16185,2.813648588154392476703202093408997186050841944987460018910654843918797308115861409068244760000,0
modsecurity,2011,12,15981,55978,270,1.,86357,-39997,0.5301601099046825920379260568064569319996612081787575862859886530457746187423109825156577429866349025705991538076596763505103099546860204851200,4
make,2001,12,209,146,10,0.5,32625,63,1.00193483001100675573573173789248672390596946962451995052579884848000000000,12
winscp,2013,12,2225,897,6,1,386040,1328,1.00345193287486200370869600,10
recordmydesktop,2007,12,8524,3247,199,1.,11016,5277,1.919498170372533002036768032492123364702051899839350155796227904829976385362068112475259745201690483424256000000,1
ddd,2005,12,602,196,23,0.,119891,406,1.003397916056405038493842473165394517973886476947785224000000000,10
pfSense,2004,12,6196,1450,305,2,24036,4746,1.2460342146,0
libjpeg,2010,12,0,0,0,0.,58006,0,1.000000000000,4
xz-utils,2011,12,1904,504,77,1.,25347,1394,1.058197303050774234082508070837583919533674005288454683278008747605694108550363608640870015584076255375884288000000,3
wcv,2009,12,2604,965,194,2.,11264,1639,1.170285714283463543985850179848670356966185026104549151380037877024730546408106120739403253753335616757371008520562352585971200,2
hsqldb,2010,12,58540,35775,550,2.,634027,22765,1.037242622639545609664666977828205748997334557509107283172599742127368363272235345678539927472958257509992794377863906207948666276691421106784000,8
eclipsescout,2010,12,58352,6270,109,6,323202,52082,1.1920994394,0
postgres,2001,12,158080,108580,2211,9.,325750,49500,1.1791855203642371229498326151143229286889479782835454064491573197477813839617610092005321595655345484863822253106367429301395382607767200,5
PackageKit,2013,12,3161,2851,72,5,101668,310,1.0030584660307351840927472907041902704,6
KumbiaPHP_framework,2005,12,0,0,0,0.,126,0,1.000000000000,3
netbsd,1988,12,0,0,0,0.,336,0,1.000000000000,2
enna,2010,12,31332,16980,864,3.,29878,7838,1.35801397702725533011321483645272002235963124591011473291978533286925378013492316779595573305553656655977493947014804307054272000,2
unison,2012,12,2882,490,40,1.,59692,2392,1.041745200701522559751116090072114351995759557501682699899215971990401201666424805177000000000,7
deluge,2007,12,565329,449208,2617,2.5,87048,43076,1.9796233968364711934378881517961829736647621153374232060764789932833509252741072935517662328759565525923608134762690560000,1
template-toolkit,2004,12,2364,1630,53,1.,63590,734,1.0116774850456406854001844934294186000104383049123042176396466029093253935311145085574178400000000,4
fvwm,2006,12,11147,7305,184,3.,177696,3842,1.0220990026077057589040289761102245245052698639128156457676493134575583451319043550970493864309430345329913096871401605195283879042792872887009914634240,8
punbb,2011,12,295,215,95,0.,30200,80,1.00265604249700000000000,3
textmate_bundles,2008,12,214210,125903,2363,16.,488574,88307,1.220620235991415827229750182771774815524608372768385345884360748296612210065906029038991580679245613937348541570182653333320397450240000000,4
maven-android-plugin,2009,12,78446,99762,328,1.,23400,672,1.49594095971850759859232592709473224367871223821723637353105066296478036011940764079715435247582402458951371857735680000000,1
aur,2006,12,125,17,33,1.,5158,108,1.02138613861629244853622720471142086064591468750800000000,2
AsteriskIM,2006,12,8004,6076,196,1.,7717,1928,1.3350130321635680376614882455740107457985803347815181989694132220236337496345390315742822400000,1
jnode,2012,12,6442,3225,68,1.,2315274,3217,1.00139140168258118718021498157558925482484153551152060293628010971689338977796949632159901559652704597827641497491348487189504000,9
libssh2,2007,12,19557,10237,276,3.,17816,9320,2.096986817114333331461891456969030550951702321747441528250549513474402180973360799175158636587840166505248916416000,2
drupal,2007,12,205092,142347,12440,4.,396520,62745,1.1882707714522127073288235465582386627376076189887554509478044639325557041813198521428585547378061490161563375467421923499873437397736890192,7
zope3,2003,12,245113,73242,2754,16.,264232,171871,2.947502606649460053462111890844053557318844719017858713869931497888288243386699189667132908056958312427369696231943400782684045802240000,4
cobertura,2005,12,15989,8247,229,1.,7820,7742,100.256410259227599433775473140591040662097064398144085358110190593342096233886455429864750088528945311191475200000,2
openidm,2013,12,17390,6376,237,7,226082,11014,1.05121170978681354145490215813242531,2
make,2003,12,1018,426,31,0.5,26408,592,1.02293151533966073235648968891203071009655660276471093637960000000000,14
kadu,2010,12,183794,129863,3704,7.,130456,41903,1.473196842526031947335169709967300064610587407939285485156227987743254790987023513889398126249759456605757533567704838969981845504000000,8
speex,2003,12,25226,15948,518,1.,31058,9278,1.42598714421875605451714413623076090876754279907561298896295626217572711570466289428771809241060870171916014500000000,1
coin3d,2009,12,531790,469749,1745,8.5,3528803,61626,1.01799468971810124244904660179198558420271266267096899884589156343766285843983792418989816408113871164555322839122324860811641832329924267491429600000,10
openrasta,2009,12,225765,2556,45,1,248553,223209,9.80717329551908874879535097295714088291929675974193385734861695608800575225856,0
perlbal,2004,12,3095,978,168,1,3649,2117,2.38185378576551718784932334511566855449813620982829090670480716534558026240,0
revelation,2004,12,14886,9222,194,1.,8642,5664,2.9019476158925382026113127149290216944171837942096433872697585314004127680,0
datamapper,2008,12,250544,246273,4035,21,52492,12644,1.479338843038706501343322620404903323460867771807768345985317794918819228861907750019351628800,0
plasma-addons,2007,12,15484,6011,193,15,9486,9473,729.6923076367181574034926778030,0
k3b,2012,12,37,19,14,1.,105236,18,1.0001710733904834053095446430612450932102112590927848996583447531857280000000000,11
openembedded,2013,12,4260,13111,103,22,4169294,-8851,0.997876896964365889840706917968783622500,10
lucene,2008,12,161972,92488,958,6.5,330043,69484,1.266672807323681715644074137989728534237080735797705947771806759327919437170779098918770389617313263825560134762313969072134611354782592000,8
konqueror,2003,12,22801,17848,1456,26.,60338,4953,1.08942854563103135850128601681013362961396440965579010778777265639587922277414522013086139692801839022190265296757866570119115508034775257600,6
digikam,2011,12,211395,709319,1937,8.,981910,-503520,0.4868789928126059278104833444581494646348478319093527870833108037019413060447839977519770103484819721092224669082224797950316323683385976832000,7
strongswan,2011,12,108368,66102,2249,4.5,254440,32659,1.1472578805236920636360369268603233403460965964264615672141321160081199994522711216904036940068834891447275477747806315618950750640640000,6
cruisecontrol,2013,12,1373,16,10,0,526481,679,1.00129136062600,10
secondlife-viewer,2012,12,2510528,1360290,4364,22.,1131143,89289,1.0887630787694182938660208186449651580528646153798539061472272408545827640344998800731033300528913268030326784777064065395810001038698539424000,5
lxml,2008,12,10823,5901,359,2.,21494,4922,1.297006999701595455364261709403331610070329159019782559766306179797771614344797864081971394014034050969378071451266733414103763601680000,4
cdexos,2013,12,0,0,0,0,307583,0,1.000,13
bricolage,2003,12,77453,32767,1747,3.,76439,29859,1.64102619153883338462966537190646516682007079423209098329697728276299806049540137451824857009486548628875094579631916468001322081600000,2
shareaza,2009,12,230648,262067,764,3.,574916,-31419,0.94519393801017679985010765858866328744722003202826521404529756314804359431506548197992653402108440758744696869964845922593068111019476172800000,5
tao,2006,12,199435,382269,1883,14.5,1250762,-182834,0.85169304544871648268010350975825363083463852573228051835712473362783680597365078743538450995982889768407945661992180510083659416848441062400,9
gimp,2005,12,139263,117698,2483,11.,643913,21565,1.0349591400320728673522419229843155135287997755685341563663422183481778432649316845021032707178942753995723721530510138610988996761600000000000,8
git-gui,2011,12,1648,420,100,1.,28296,892,1.0325499927020012045575946537171586985406463336524109831376026646338133222502899040256000000,5
adodb,2009,12,0,0,0,0.,7930,0,1.000000000000,7
WebKit,2008,12,744793,410957,11690,39.,1492754,333836,1.28805834409238426804564102529124359977420934627686867346992000614755550123869727050661206506506434840107817628198425068059725004800000,7
CruiseControlRuby,2009,12,108559,61940,166,2.,146358,45635,1.45413382688704788674660474209007395050846180176179065906049347082053073776978377073950336217748195694541216204000000,2
jspwiki,2011,12,500,79,31,1.,99225,421,1.00426096109474703210643872141916463668987202562899464241300369051396140203607941562000662927326220349440000000,10
springrts,2012,12,191197,141766,2270,5.5,368995,40203,1.1225716167168480223886786752683077399957114037108467087708736065263613791452578773745953431850606134429978288315238607381584227518824963584000,7
jetty,2012,12,911935,640424,3574,6.5,593485,70323,1.13441916652655317400275203230026636332577410229153920681258084690012622252471112240951821195028252032047739662923623090421185585069793280,14
zend_framework,2010,12,14670256,13369390,13235,26.5,4818439,317988,1.07601696246761113877769186327176559809226176059050370588959498319643343813598201411137520920028118093313475566847895225342655039003880243200,2
maxima,2001,12,22365,3830,96,1.,152661,18535,1.138190954768270558808066919528177138839565489092180078384087557682755059529462864810633874314254762147943792640000,1
satchmo,2011,12,6867,1788,271,5.,139734,4484,1.0331926863514761701000266904179851420410666858231219555777237042443394789549571944412850202727161640819191369085515688030738820345165201617513676800,4
cvs,2010,12,30,22,2,0.,266778,8,1.0000299883795000000000000,15
mako,2006,12,3944,876,112,2,7172,3068,1.7475633528,0
htop,2012,12,1477,1091,27,1.,8276,386,1.0489226869385205432227005016810758915702539552092695998331270353303782382842240542543637058669619825138513985086601822208000,6
yum,2003,12,19092,6728,488,1.,27752,12364,1.8034832336825257367833635283170505323517431596018018685716876914740972386371980304605282859475718144000,1
jspwiki,2001,12,3532,1015,282,2,4084,2517,2.6062539885772753816086341278709104844174901847040000,0
yum,2013,12,3146,1094,170,4,143374,1738,1.012270891581214269814847368280431872,11
dovecot,2005,12,30907,14821,815,1.,80157,16086,1.25106522452133607079560544839903208572059448065834589863053102223566793333982043252371829431729230605809620773376184008476079254703324000,3
pear,2009,12,1198798,1085908,12868,38.5,16554904,107807,1.00672671606819366706226842955464319415698267596195975840914003846316119324123022377729327270190355165480802578340743847308875654274549094896400,10
sbt,2012,12,49395,40767,579,5.,37786,7311,1.239901558654783330369004249205950036959535937790488204453936724992903444568612438365173670895176254059170853768903360086382307343360000,3
phusion-passenger,2011,12,90678,51585,430,2.,173543,3717,1.0218871079825909480607543123199122196155669087428201726281899677541737560893670162247273276045513250610119423944859282159570952801284398355075580500000,3
cpio,2003,12,4003,2569,26,0.,8050,1434,1.216747279300000000000,9
kde-playground,2006,12,1945508,1200864,8085,39.,1311559,744644,2.313502024073538982634916833813360121540583128785930637392335262977966419449335102479709169346057555913393572714556110225664512000,1
mesa,2003,12,237145,69231,880,3.,483587,167914,1.5319238579073343865765929836133383817818459604402787703226033337877915039481559474256370033654801107072157374597736860502027304601600000,4
filezilla,2001,12,51852,22816,183,1.5,43390,29036,3.02285077320093852829859954857947823747834979769951276606133692000,0
jamin,2007,12,4990,1969,58,0.,46336,3021,1.0697448920699459998428152817164992707985570288200000000,4
trac,2012,12,16621,6161,411,4.,76182,10460,1.1591552295916496394400302825751663316836363433567190030118551882634520065134324308630536227073572939518617394919410834109770667871032810742272000,9
guile,2001,12,88818,33268,1212,8.,89417,14379,1.191622911049770764545707441314988927562631569513097185923546847070067881660559189908926676174051768184360392640731469647415281535765120000,5
pyglet,2007,12,617818,210553,2346,2.,463326,402482,7.614982579110031021380373768767822913791748189374773000847273847878354215602971134675111884714975735663234592191757279264137414800000,1
make,1999,12,9096,3487,147,1.,29175,5609,1.23801239073024964320679590005035660728586002876685761461830279121752893951455137537317908192879294152474664300496047835269038080000,10
sqlyog,2007,12,23578,10554,93,1.,98948,13024,1.151575811178387513950545748952109048146955130815886977741641336094351866930270008253891593360404527575721190507403535519642876698040364800000,1
processhacker,2009,12,709970,473009,2435,2.,299679,236961,4.77819764665364132236744164493875623907955389163172322726305027932672089130562964829735962593359210445100947809700544637942922003200,1
vnc-tight,2008,12,32679,61191,310,1.,114050,-28512,0.7321936787135555658877384430435522064114283719319246975247353490743955557215347032669570326273412083075006054676288522620000,4
Nexus,2010,12,376849,301571,1995,7.5,445832,58869,1.15737849543434885334309403789625499717832541379758485611998296346577380842622455713355416616522815562803702088792912259961520063443763200,2
nixos,2010,12,13789,6405,1306,6.5,23075,4982,1.275355109702075675054358748995507407462461050934404336508466382124236850233353118100247442925239503162311563678828385823420733386112000,6
osg,2001,12,97984,56744,259,0,88934,41240,1.8646789952196161462228252124944234865955017250000000,0
vosao,2011,12,386779,194581,254,1.,343754,192198,2.268164902687766529001413754271066797425433220411140907293296074305356111670944246939164756854728832419972598032803094528000,2
debian-installer,2010,12,27348,35713,960,13.,270691,-8365,0.968148743277077261374615189440329213258015683005021639574508171299348494445836672984044732609461160528216136155850556321191109071126122915481106560,10
jenkins,2005,12,2425,676,129,1.,5947,1749,1.4166269652518315662906734029999555625064335776054891241433252358903177134559767600119803524977690897408000,1
selenium-ide,2006,12,13071,6609,332,1.,8428,6462,4.28687690733274475638853261053776296819936135523143069361024165633660449327618578347358894333891530566327864793666362367245015040000,0
psycopg,2004,12,268,166,24,1.,12342,102,1.008333333333590200600290,0
gnash,2008,12,805151,709258,6147,8.,235599,48423,1.258703038858122804457965797799052583147753059908473878917819766294471339574974496028570018772728872645994760668329743568306069770300800000,2
krdc,2013,12,660,135,14,1,8837,525,1.063161693936194228954108208185109600,8
make_resourceful,2008,12,99,39,5,0.,3017,60,1.02029083530561688486560000000,1
hibernate-validator,2009,12,47524,36166,600,2.,21082,11358,2.16803784458736486702178537706432726910873204397193388443412226984778742487800979835768127541120070659073914430794168015080652800,2
krdc,2009,12,3924,1720,126,3.,7595,2204,1.408829530706056029714688840891628750273987246791514394297262448087491525570325316713323970510955679932820144987086622076531520000,4
gtksharp,2003,12,395012,170411,713,8.,288561,224601,4.51158536564377897462838375788052530855306596363827219240388918027795585317169348671025021626031082427027177451163190816001853440000,2
perl-ldap,2009,12,63,93,10,0.,14523,-30,0.997934311092381428888630828673993947538000000000,9
openobex,2004,12,21,17,7,0.,16843,4,1.000237543797100000000000,4
virtuemart,2006,12,65427,27201,590,2.,155477,38226,1.326018541429878460764309089758344184122252252040801114893238483172020781019181105024123082861487321768635372871444223115755850126085888,1
freshmeat_apachejakartaregexp,2011,12,4,3,2,0.,4194,1,1.000238492726000000000000,11
melody,2012,12,0,0,0,0.,373317,0,1.000000000000,4
couchdb,2013,12,2179,1336,38,3,87420,830,1.0095854024717155528467590133320103000,5
scim,2002,12,19031,6949,154,1,33556,12082,1.56263388282328806204571175431660854391676083781444964720,0
cfengine,2011,12,53887,54924,1756,4.,84642,-1037,0.9875632630466705803047472673513622833048168692955776435406971107076546409887905328446707145785621228132861594616426435542229835785600000,3
freeelks,2008,12,14353,11779,79,1.,46013,2574,1.05979649676901039851730767712419442146989162460235212342048500795196127847869972245338842162243200000,4
gtk-gnutella,2003,12,155594,101895,1985,3.,160935,53699,1.500755343373242490261418694329778356807612108103295434510400233115695625238137695412656283544211159504342803389499062433350427820000000,3
python,2012,12,543650,421396,5950,31.,867158,73906,1.09319751225510544229571562779760079491799892035921275731333665280642257967916624451748458328626493198993282169328888344619359842268110645696000,22
hobo,2007,12,202611,129747,624,2.,43949,40429,12.485511365599078145512539561034505297130353445614948311730193582251520000000,0
limesurvey,2013,12,23376,20846,581,5,398222,812,1.00204322991334386314323899782290255365,10
gendarme,2009,12,6833,1273,143,3.,67075,5560,1.09038445908480740185759469057770626119648824977699847937312442153233798250293313396294385025246522311186452953413699802307698688000,6
alsa,1998,12,13827,5323,113,1.,14110,8504,2.51694612906769316846167794192189018834000,0
jboss-drools,2010,12,1217681,1088213,3916,12.5,949727,169989,1.2246077698756688885605265299717672900296700583826441631909055873689498754303684716094964107185499485970184048376673897152606595005440,4
clamav,2008,12,621422,523162,13716,36.,177266,-81091,0.66209126631448364266025124169985878313373961320927829252554109480850631414087004580786590557659547283111744355816215039557162877109760,5
nano,2002,12,15529,18014,231,2.,19362,-2485,0.8654647826460279586597600101376100351215356364469706892243695503258334558283771607311933259733342441629565699351290798245697084649816192000,2
portupgrade,2008,12,708,417,52,0.,8679,291,1.0346924177393414891479936073446333767829296582000000000,2
jasperserver,2013,12,0,0,0,0,365134,0,1.0,7
strace,1999,12,10501,3917,110,1.5,34230,6584,1.2381538016568450418256700452210182749260545144963544861375054003732586054973321624388969158403335680000,0
hgsubversion,2013,12,180,62,8,1,11469,118,1.0103955598632878384105190,5
sequel-pro,2008,12,126901,129505,170,2.5,45733,-2604,0.9406982304851591055998397905830089491375770999621958408577223191101912189593728000,0
tramp,2009,12,3724,1078,180,1.,15016,2646,1.213904607919120828003294353634458615730130872584794324864837033189850191823919812442974631101771288786479993288088745596729753600,11
ntp-pool,2010,12,4244,702,64,1.,27345,2206,1.087752098342467756687255076973003376378402703484730710806400000000,5
xvidcap,2009,12,18,4,3,0.,277145,14,1.000050517625242386583066407920000000000,6
twisted,2006,12,58743,55760,819,9.5,173027,2983,1.0181728461176318414657148587960947165893109046722706342331079564717102132554405859462020588446738199485817422134769555401469139616084928793600,5
nexenta,2011,12,40,7,3,0,17722,33,1.00186556617100000000,2
springrts,2013,12,298407,60412,809,8,602990,234791,1.6376741924474308752272818777199889,8
pyamf,2011,12,3855,61483,138,1.,52720,-28369,0.4573849508538688270759562616241468438318549473670743136076727909465852000000000,4
plone,2002,12,9074,7313,486,4.5,4612,1761,1.6176780076676501004038006128065140426870812735616976705656784768122709992057623378172295479602321001280000,0
commons-logging,2003,12,1907,391,58,1.,3975,1516,1.61651077678340534029231786852989505359703399591656648960000000,1
gmp,2008,12,27099,130315,445,1.,231415,-50507,0.781137062835492087058332602177671200053959965064942842311841158614463712337330833263386706401865886593668369666547914235686912000,12
Pcsx2,2009,12,1025846,955546,3061,6.5,349858,70300,1.25696322832874376955499631210062630952941316261939358077804706615469691062559139283227037153007912790621625494418666004480000,2
scorched3d,2009,12,24898,24084,131,1.,490169,814,1.001665561748618205958825239698370121648814706876968706879993117764092050059520000000,6
rome,2004,12,117162,7707,124,3.5,222102,109455,1.9716636927989038580726613874401694628962542129677268951868778692278000,0
freebsd,2004,12,454765,358593,10562,82.5,2730180,96172,1.03651165827590955039770099277244277229163297487783288177754055511789281636813489769797264764479544775726167839226358159338617754292455268800000,11
github,2013,12,0,0,0,0,3442,0,1.000,5
musicbrainz-server,2006,12,223080,118282,1734,3.5,290696,104798,1.563739254919858224008438326729410009266674264882932172728018209408209258049487985602679267825397840550809249275243790723712000,6
brasero,2012,12,239,261,26,1.,107674,-22,0.9997956283036551458497807225456994871667712564265421387868763255867842309925000000000000,6
bluefish,2009,12,80229,48122,1102,3.,432335,32107,1.080221773592373400323188026112730162603091009573139939068554658608369566385930923375451294725194602647957487883367870540298832265806622933280000,7
musescore,2007,12,371024,257497,851,2.,189985,113527,2.4848282717332676783445626017630682302525818325667818893239419190698495673140375092459507128993092121289569610893684962164738101604000,1
wine,1993,12,37232,13069,36,0.5,26054,24163,13.7778952936416512473248773580000,0
ratpoison,2002,12,2706,2385,56,1.,7155,321,1.047095070422491670840561942867036777623493379139364668454401634793600148212514037196555561504000000,2
geexbox,2005,12,18811,10109,1014,3.,13308,5922,1.80178716490918992114160908763192591521116106633885489942892121918225788894849261616285055019274266980573067773974777898632044609536000,2
macvim,2009,12,33309,23173,584,3.,502700,7055,1.01423397794769360381735960150184175941092310027107645275972733869988416244299300419646533678239583880787711463690021137265199364287313838080,5
boo,2006,12,68720,58633,441,2.,202658,10087,1.052380680366299357440122166304137560159283590070017530910192864832396409173162013870188368819456199107907687673899975580699747942400,2
go,1985,12,0,0,0,0.,3,0,1.000000000000,13
flex-mojos,2009,12,133304,112181,751,1.,46232,21123,1.84125214058928421251114964248962419093493476851810852745376818074349504222166346624905044641328489588156139629232040300379015819898880,1
dosbox,2007,12,31010,9403,371,2.,106039,21607,1.25591008147680347610639681102909916053301424876985577361927615829860515213904701335690421568726615734673810493892774728354142077332862196656000,5
virt-manager,2013,12,492,20,14,2,52198,472,1.0091250048328530375144960,7
libreoffice,2009,12,5329843,4277757,9212,24.5,1583725,-5572,0.9964868189511814206242907463255503408869227401908066092690973378433110107644300563280448757640633453011523625773107724669169349764793267902236423168000,9
openwrt,2008,12,682438,530808,4723,14.5,713963,151630,1.2964511109504367680002360715926438700495445730057153337423367164369035670065717281722808704275387737138940877859983597115051200000,2
obm,2002,12,41392,18336,612,2,22757,5764,1.347710683496250821906000195531906818925837013366106080,0
sane,2013,12,6139,1896,66,4,509984,4243,1.00838966981166014851762092179087005155,19
gitolite,2012,12,4656,3957,180,2,8698,699,1.0924480889117904881152544056769790185506447610874061158971412492692966283132332498840026761422499701760,0
argouml,2009,12,68682,366418,1433,7.,1122771,-297736,0.73292189558289337937104158677140280328556073281801980704403979208337984584417341571716007480368061260029239197309923232609924718655748586121216000,11
gobo-eiffel,2008,12,3280093,3078220,386,3.,1854414,201873,1.12215914763691626367831031496180873351644429966715402510938891896467205449077617242002543752320477046455233621374834832650898548635062435020800,11
flotr,2012,12,25,19,1,0.,23744,6,1.000252759288900000000000,4
mariadb,2012,12,487231,232291,2599,28.,1671258,85525,1.05393404816209938167659863395329014157806503359728141314724310575859501975708441956136115677392697526006862795144067601886500393658899975834849280000,12
gEDA,2011,12,44173,39919,598,4.,132912,4152,1.0322460391470356628312547709462094998750524026818304474479546187636541043725376063365422284540446468759492671907833861659421011858903715840,12
jbpm,2010,12,513933,389812,1023,5.,481166,124028,1.347283123097529176924078770722176019094710622596884359372073157351983068854549772434328655552003459493824344113243184747642872232019834880,2
typo3-flow,2012,12,123001,455102,1603,11,76680,-336645,0.185519869361727183399482971570565872764054945630025169808646384144190541180425316969442797640235425816298876979835498755784704,4
request-tracker,2005,12,121986,83469,3210,4.5,110103,18081,1.1994704616807931023783117454464430254583451376754888146094271390141517099270036172082718952597715190219487586565139476480000,7
neo4j-graphdb,2012,12,886206,322161,4263,20.,641801,359080,2.271273149828028716339818352906489189895585788415023431692042042098962968965815360096227130229016649428827874129619701487619736202165789655040,5
winmerge,2006,12,217148,45153,1068,5.,320640,169821,2.12599208323132087798614300826682956213089163038403663840419583977199378612931743605656009883485183912610215960331514953254725827068067840,6
pinax,2012,12,111,90,31,0,3832,14,1.0036803364885305614652408292649040000000,1
launchy,2007,12,16258,6094,225,1.,26147,10164,1.6359256709782394483305880222779731505187012023084335615287781809096992097780857393915881870580269568016187520000,2
scipy,2006,12,316981,131519,990,7.5,507264,185462,1.57632332928122150289170879698442074307907564092211383170879482034532035699946107079094966309632083264157202485257795025927192233278720000,5
inkscape,2006,12,229363,166009,1841,16,391958,63354,1.19279740965221593153163601168570493472510832178055998957649138128694970359391201566591117478066336794767685818997459327680512000,0
mcabber,2013,12,26,0,1,0,24174,26,1.00107669372200,8
aptana,2011,12,5160626,1628995,8333,11.,2212317,716352,1.478856122940980016614658513251085651125050983330071792002841355406846476590194778168938579160191339897073029921909669507345688002560000,8
classpath,2004,12,273858,114357,1708,11.,417139,159501,1.6190895752609921593819243018695766527661357359746256282147896950305613653823442352554661108456073490112446768958413634192713118720000,6
php-gtk,2012,12,1814,33250,42,0.,404866,-15698,0.96122667746762789707179560000000000,11
fail2ban,2013,12,1018,288,32,3,5579,379,1.07288461538798266546831526658589275,9
lfs,2006,12,83246,52926,1933,10.,166957,30320,1.22190182749172132310864919289561569497600439501052436868132603637208897251773713139677748789039991198056098177454725158212115818510887014400,5
AndroMDA,2004,12,184226,140580,2868,3.,68053,43646,2.788257467072362209929990331698079687110193172595676648405930835573441361405360943454683668094159408547734923007697636560,1
openafs,2010,12,105062,64590,1873,15.5,940772,40472,1.0449539042585048816716473701930059896353282656022442904941052877754417580637559151297173494231321913772643664486962613660816078352271867157443520,10
gegl,2007,12,88829,87780,920,4.,62260,1049,1.017974640133439696151150480170953718774092324307076905208919207279452124129402610151634772598725061311074543850754490144399649867230647750000,7
mdadm,2007,12,1438,966,67,1.,12342,472,1.039764111205897951884528822313494645217531129726333898790058841997255131029533231090220586926080000000,6
qsynth,2012,12,813,599,9,0.,18796,214,1.01151652136868494427080400000000000,9
pygame,2002,12,26358,13038,708,1.,83169,13320,1.1906970751041830281918425520522516304206254780261358549574237027200440467959206735070656166193622017910433694399562017510618576814659414400000,2
lilypond,2004,12,477646,401272,13474,5.5,983760,72149,1.07914450352305220296810648502579976295409543386094046366295600673960535346621045440346853734131034717951457915267096123278042538873067759206400,8
Titan,2010,12,963889,600240,2108,11.5,267039,254023,208.1965742021039188371796499741329569317658529797260440199579579610386644846731489474222362345144758272000,0
nagiosplug,2003,12,20091,15232,517,3.,32226,4859,1.1776404781968664897735044637888843542293525685136997199796201695746446076746992955361292044122925709619961422747150132660573990740531609600,1
zim,2010,12,40392,13368,417,4.,26655,8024,1.43068004938478788662792625313017577237242168836657553823131167822241486071689556557629050130899783820056424858626418511879680650442752000,2
mingw,2013,12,0,0,0,0,10367,0,1.000,3
oryx-editor,2012,12,566894,54,29,0.,26493248,566840,1.0218634220390037216277877214218241931640074792090612391656324722706309488000000000,4
pysqlite,2007,12,2086,1206,65,1.,7022,486,1.07435740514722034066159801518481527834610981047937282392064641454735860750886269398794765236537295991120000000,3
serendipity,2007,12,79923,22621,1421,6.5,445411,57302,1.1476440896670710516906916066999994877543194426388384395602327303919215281462001296013140432692019068329050074836355000608766356447328174080,4
facter,2010,12,2906,890,103,2.5,4907,723,1.17280114722722204479312735001289914855756438200120914039509537483306892380400000000,5
gwenview,2007,12,15366,5480,579,5.,10545,9886,16.001517447331365993876755596965258058522410671706317179385955524134010053233374490144308442425381107200,0
jetty,2001,12,86179,70537,516,3.,106413,15642,1.17232375978724477846094927567354190121922978995159605872315689783951190876458034537454165427438695820742113015703201281242891908676136740454400,3
rapidsvn,2010,12,3808,3704,59,1.,72044,104,1.00144564915214677380273281692381035652466643401405285836370549338422148754334546348274560000000,8
sabayon,2008,12,210946,165778,2856,2.,173255,45168,1.35270140481546883126775713295196970721188988936024261756312874998529019282539431668832673796553465282105114289196298207497502634393600,2
quickcheck,2008,12,509,261,31,0.,2465,248,1.11186287776764169849780000000000,2
libvorbis,2007,12,20718,18974,250,2.,145680,1744,1.0121164962215415073110996909686343397150732832289742508321046284109614264077693604602987815263199770141056122206304994342131609504000,8
kdepim,1997,12,70270,31858,614,6,38528,38412,332.1379309777148437590034374409983189924957902414025062156289020331581700,0
wpa_supplicant,2011,12,29786,25150,1089,15.,231671,4636,1.0210729188462086064674140813786078992049069980913364140379599993579899348784517878353068567926965281454168731084362267001390075563757568000000,3
ecls,2010,12,38104,34988,995,1.,567973,3114,1.00555240550700080275570690344022807758681353379828122783312783468335008987832388496893511027182286766898773771013570944745032420970350394157899366400,9
openvz,2010,12,87178,31330,2386,99.,25760047,51669,1.00200981174275019280671277809624987862095843000416375043237447280137016947271863389043100963389917877829791291400740370449815123673441100347746674301113933275593736192000,5
dragonflybsd,2008,12,1250873,454200,2442,10.5,5833007,290641,1.05271143579735412135916209620104827107008691858739144222780857788694010402649806289562960773040312287432383524377395392733724117616086027673600,5
akregator,2006,12,38926,42827,466,4.5,38632,-3901,0.8725788012771913804222352450519058125641391616829246857117445408342397995116535667933409667550514399477801356066907033723170233903852500000,1
beanshell,2012,12,0,0,0,0.,41731,0,1.00,7
nexuiz,2012,12,0,0,0,0.,48045,0,1.000000000000,8
cakephp-debugkit,2012,12,2051,1650,176,3.,4460,209,1.0491649023762750116987127537745185064429491072078594541159557686822484431584765857230157309428867610323414699348827981440000,3
bitlbee,2006,12,37424,38169,463,2.,44015,2064,1.049200257437743916146962936779652126595010672579425703779524593311001120141478715990532095148402577472256733481115455200000,1
mh-e,2001,12,5368,3531,250,1.,5992,1837,1.52202330209319112678930132793325845212340926283332095259845395176688520000000000,1
zsnes,2005,12,31934,34220,843,4.,144740,-2286,0.984272229409213068749655216838491928172064143400867466280659245964786626497035475333118549982889382130810550530154379580598201100417887566980710400,4
xoopscube,2013,12,0,0,0,0,634678,0,1.0,9
ghc,2009,12,50201,52471,1391,9.,179834,-2270,0.98703716395186644629743602334448642958460512321328317068180270702632033397338203623792283912471501900557731962790606596545019329325972672000,13
epydoc,2006,12,119426,28185,648,1.,108358,91241,6.3304317352340481959824861648856726500520086199211759117503269390426941858689991572712849884159811130400085896527872000,4
zsnes,2003,12,30084,11381,328,2.5,134994,18703,1.1608292989303507829966652150221732660260730301324343589494611760933899399176603391586827812192477513414404700618091761621440112640000,2
mangos,2007,12,1304118,628399,2903,8.,1728823,675719,1.64164507959336732298494227588083169804744242145532092402702896822428635309856127493883235507483934708523459096343402968869225793600,2
request-tracker,2011,12,736469,77298,3281,6.,494342,186595,1.60632597556159601265713546900734677099807834209414974576347706623651738252411130410522350098441157115010163706433004849482795851738213284093952,13
lutece,2011,12,890619,767725,5240,11.,1673396,122894,1.079260781342192734594565323210802836542472564671455736259294627064136796257508079159537002689433959223717759153868617240549450517608320000000,5
fluent-nhibernate,2010,12,29204,11242,255,3.,79675,13401,1.20220599329720220558708712331480046838624283818702238477129810795019820632949364784035757834026828093049813998015341238478100239168307200000,2
mpg123,2013,12,386,257,21,1,56078,129,1.00230567123675453534354350,10
exult,2013,12,0,0,0,0,246273,0,1.000,13
wireshark,2009,12,434265,208003,4048,14.5,1953700,226262,1.1309812566328618070258796424701737773026104239448053297459675794592668445548126111028899087728892510193639465888772713869919966578256128000,11
aircrack-ng,2010,12,7470,1834,149,2.,53071,5636,1.11881522082127348442027710480987182146027223681423474268927322995443558419694506411514439659389158372250357802052986481133470425918171542175536400,3
cfengine,2009,12,34018,20566,872,1.,76957,13452,1.2204667628631950493651143672486122757215226139594266879031207781082410594673958556853333189905606914808462075818823252434486913039478400,1
phpids,2008,12,345884,292916,1192,1.5,191136,52968,2.1889028550686219208690497002694223952274454638650186138590106378640726838669069127831171991096929145482245264578418223563012160471372887000000,1
davmail,2010,12,24795,11808,664,1.,27175,12987,1.9153510007291055284253328944551232922171901884638853925146640136734444743283172409997644873204064053744165619771686320852168192000,3
drupal,2000,12,128535,114195,6000,1,63180,14340,1.293611793646727585928065377204739740810086718091417619054133785000,0
dreamwidth,2012,12,22748,1236,194,1.5,230763,21512,1.10280476557166160394956698060471323256747260141289012996810770411252018068108236760000000,4
pdfsam,2008,12,10791,10632,187,1.,24854,159,1.0077489156801145894778966969298025591526177090139586566788235678616650513085958731198637774731353123517325808219535680407103291552000,1
fontforge,2011,12,31934,26730,224,1.5,603340,5204,1.008700362459063251919524067042633245367120836609010637093505637653993756239764439323628383816213570029316499024677916040745861225336779816505307798598000640,10
smolt,2007,12,87104,18648,498,2,73518,65614,9.33299466462293791009699260370387651869434386872016678865822384711704119409403903574223154169414407175542400,0
phpids,2009,12,2972,2004,672,1.5,98490,968,1.009926168990383074723237392960926471910852000791238355704643515005699211773659635863498644148424752400526936613060150710063921840322250500505600,2
sword,2012,12,12268,1960,160,3.,621126,10308,1.0168757305787666887091312414821475547346260503918585983807401718760681208304980638628866597942335569187230323431678097389588137688164608830464000,13
postgis,2009,12,129501,105861,1071,5.5,161491,23640,1.17235848231754399440396518160699378645324694459904365403010992047330444375591676686357770992829044187236700066738873357216720763130880000,8
staruml,2013,12,0,0,0,0,1517505,0,1.000,7
hsqldb,2006,12,5968,4738,37,1.,121617,1230,1.010217644127338481407503652457025701078560618135980889938269979935894876414899512964116500989606597910826478400000000,4
xfree86,2005,12,129027,115013,514,4.5,2438756,14014,1.005779583971604043769374288583545805165370969464195688188146322150224146176968419385172814332757180904441094242213514606097961211047137800168570880000,11
pkg-config,2008,12,159,115,17,0.,4613,44,1.00963011599917036555345183722822809508000000000,3
oauth,2012,12,64,24,5,0.,130510,40,1.0003065838890247097337677800000000000,5
desmume,2012,12,165849,43425,337,4.,581724,122424,1.26654474196649049674636770418079386220152365537567162278700402180535544928439098981451084853392699356961771631947364233810707212395317464526605000000,6
libtheora,2008,12,30350,28581,90,1.,45525,1769,1.04581477262925777532165562802716183775436517954559705267875025101578218444804418419225028011294989076279513134856752798256652800000,6
commons-digester,2009,12,56,52,14,0.,34248,4,1.000116808784000000000000,8
php-fpm,2009,12,31434,147100,302,1,215766,-115666,0.44854252289752996006067970838763800,0
audacious,2006,12,684554,619864,2610,5.5,290987,64690,1.2858632681908755647589479568027501737161805418901092810520569176712067164345951149544662605529541730797950883311173455138504468480,1
racesow,2009,12,782438,15027,117,0.,936350,767411,5.542533103318586004441871695808255500000000000,1
filezilla,2006,12,26597,8940,750,1.,196106,17657,1.098947038102731690394748979124528552083408304998179470144552492820711806429180896146995806926370975114982661496496627634586133315100360048640,5
RSSOwl,2009,12,59777,28217,1475,1.,166496,31560,1.233888658319898618681833240672893387179904571798939088844339075159596300886697570395150916746920083404838546086416517841463552000,2
icu4c,2007,12,68048,29707,953,9.,448746,38341,1.09342235109460431145156709490513598904838723625300601700562513388542083296858575687793312949949794639238293108275884348817563857351210032750592,8
textpattern,2004,12,307,336,22,1,8787,-29,0.99671052631620363848737300,0
restlet,2009,12,511794,401034,1986,3.,359645,110760,1.583472493671086341114240147043432581972186706224560836295054864532492914840761326240872464462166642200991086036613756238125554048121600,4
tonatiuh,2011,12,13268,8575,241,2.,28936,4693,1.19358165243639948569550706859238929695744133810740661699147493557659092436586404380714700771885020354865095866514700137070071129841885800000,2
netbsd,1991,12,0,0,0,0.,336,0,1.000000000000,5
virtualbox,2002,12,3592,2033,10,1.,16901,1559,1.10161647765042391370160,0
ree,2010,12,0,0,0,0.,379955,0,1.000000000000,12
bugzilla,2004,12,32766,65005,477,5.5,69985,-32239,0.5569618513736351319756343486868126967214126024486799999287975604512376889499878456165991380007662313937482939290485260614375755882496000,6
Texinfo,2002,12,22271,2237,185,1.5,57603,20034,1.5366154176392979724942261398948308208447513600,0
hurd,2007,12,86527,68244,760,3.5,705082,5958,1.008522093359044600690982517638659863002901650705229871500192924333693090116885573304723875320672166036309407326193717885545102082484853394125619200,16
ireport,2007,12,100983,9777,171,1.,258493,91206,1.54520674051319449158185800606241000865419078187801529118642552229125041148305634611743042701831660517324697130327002267299840,4
anaconda,2002,12,47974,41603,1647,5.,88765,6371,1.09137194161852441448103971039692173251339727079692089468552527632911512775660035541217775005782718926945152304946392964524043568243200000,3
ohcount,2008,12,19530,6049,556,4,16221,10574,2.872498671804686444563054605707314118210040270745027129112682738510436681252643636634229805096378616723510641953683860736,0
zeoslib,2011,12,3598,1722,42,0.,254260,1876,1.007433117788511924325813559989999642578406308897785187630477608000000000,5
jibx,2012,12,86149,49301,381,1.,346378,36821,1.118947399008696053808258411969827166459377106106508173275339293554455894895662741096744000000000,1
kolab,2005,12,126475,119121,531,2.,131816,7354,1.06033358218902204743802791780647673511841719585104599584158855163647479059140611777197652879698150339097499881733313748412264848314016727040000,3
freshmeat_asterisk-java,2007,12,5692,19907,111,1.,38535,-14215,0.6159353722632817497382257456076065544575274411743283136018546780637041960902928131605235883327832275862251154301440000,3
mh-e,2011,12,0,0,0,0.,17585,0,1.000000000000,11
shift,2010,12,0,0,0,0.,27784,0,1.000000000000,2
jgit,2011,12,72725,18664,797,11.,135335,41662,1.4447599628557468713371270562449861825090244220608983045023091464012694430082387330312362271508729365205971428471567474517359477258240000,2
amarok,2008,12,389222,390554,5793,26.5,236956,-1332,0.9937759627236891012722361349257255803337028172369964728987222166218992478325971013086725725972115863947423311537279980835084800000,5
emesene,2008,12,8781,7377,59,2.,11196,1404,1.22518043303764086190783664379819165316950,0
pygtk,2004,12,161200,20109,1023,4.,200501,141091,3.3748695510991700637427611196172205350880667021429543311486918297682596532274811550166996793282230911567029405731391836249949287046000000000,5
jfire,2006,12,234340,119405,2647,5.,303397,114935,1.609857690142139173567878546614825448539809668799029718322328242027403640560756940512001171904794235720949055904646872296687875686400,2
pypy,2012,12,2021939,1974418,9021,20.,956156,233140,1.32883304750515426237970347723100710707728292170631395412132117447868368624226006137604729381822854839127470326559810367542343310978560000,9
paste,2006,12,14900,5850,800,3.,34656,9050,1.353432789173481991468413072267861941576173597827140045658922814638351414621320166135698536920472498946270260667514269073869002670864000,1
PPI-perl,2007,12,22357,22149,40,1.,8146,208,1.02623281624243348491366136126650532455602144227409372354003781647103061200000000,1
pitivi,2010,12,11788,5848,709,5.5,33368,5760,1.20912754600523231588799125851812169742876492224867358846989489765500704855786529209993443375724244079397477081660380155386610353154480000,6
neurodebian,2013,12,8,6,4,1,6582,2,1.000303951367800,4
perl-ldap,2003,12,3388,2283,126,1.5,9445,1105,1.132494004799536797944479915870691578068520606228754448393323672120169675429720914893563455030374061646827520000,3
windowmaker,2001,12,19700,15332,360,2.,105345,4368,1.04329253184462732840502511061671417713298664005887583160873096061335040881056443947200038594445424421481234715200994334505395375550714681840952480,3
m2r10,2013,12,343,229,23,1,14399,114,1.0079803990200258489660215847642095080,3
Snowball_Stemming_Algorithms,2005,12,16323,22759,95,1.,24573,-6436,0.737434725847438000980813621644506312930387903787661748337417766996772424127805940965089330382883840000,4
joomfish,2009,12,38482,47034,461,2.,49894,-8552,0.8268335155459474566117774909768220632189288527056746225821766206984422071258658797151475914782987584468657524276329156482190213120000,6
gnulib,2001,12,9458,5915,423,1.,31229,3543,1.12797081556796897978172353605096237366099909357989394640318603523947092434091041014676814028512962814915017821036079139553876112286607769600,9
redcloth,2010,12,239,345,20,0.,3424,-106,0.96839594514282706100680000000000,7
zc-buildout,2006,12,10586,9546,98,2.,2360,1040,1.787878787882619921807796261350885570542383233461905920,0
pax-exam,2010,12,51537,62613,417,1.,31531,-7935,0.798940860501792216287609092565681255018665220763718080291642199245208569531228276857294614528699071684287081984000000,2
camstudio,2012,12,441,390,3,0.,420744,51,1.00012122854428107454502071400000000000,4
saxon,2013,12,0,0,0,0,911648,0,1.000,10
gentoo,2000,12,142674,37213,1221,2,108093,105461,41.06876899219184862842399372797952860078385597344800,0
scala,2008,12,90098,64572,1435,12.,134836,25526,1.237278997562067245264874947448405379123053032814440158910516259077418440882512086090438832341132695000399295526946301990136163268038400,5
neooffice,2012,12,50029,42227,830,1,571143,7802,1.01434017196101994524055615307565004152926172377032249765575696162987316188214656109522283393997131338233600,9
teeworlds,2012,12,21958,58502,442,3.,102070,-16250,0.83447418812955662068499309468449429816514655164939756410691887621512856256376493546619613466345090575719678833444748377382251370926041343072128000,5
librsvg,2008,12,1780,1128,128,2.5,41916,652,1.0158006979445732251727092606865960099989428536275739872285509896968241474620367825679190190136240000000,7
lm-sensors,1998,12,13616,2804,147,2,16546,10812,2.885594698,0
util-linux-ng,2009,12,43490,18594,683,5.5,85052,24874,1.413340423439321952426606674921758698679036071210472842736096347671608664384778430477697499753360365589378706257838071726058396748079759360,2
irssi,2012,12,7,3,4,0.,62257,4,1.0000642539315400000000000,13
audacious,2007,12,593357,566971,4362,13.5,317005,18698,1.064257166139993433048280685675185281343137381367758545932569814741088903569007006749787785345573637257305250176315015905362495851069440000,2
ubuntu-unity,2012,12,1978805,1203878,9638,26.5,125251,45422,1.5689912187243243343396775518320335749945354265542042474551613526265817085229748439610554644668042079572187718307716239141732143339264,3
mpg123,2005,12,520,64,5,0.,1683,456,1.37163814179956536536000000000,2
jsmpp,2010,12,0,0,0,0.,14509,0,1.000000000000,3
roma,2010,12,337553,182723,520,5.,238194,154830,2.857276522200512518470000844457753466432330595290138253381637449610744006405704638010398958972821953977929043247763260754666405102751948800,4
ntfs-3g,2009,12,2775,2280,18,1.,20630,495,1.0247018314287315706284393246751417665782450451233023068379948096128425760000000,2
tinyxml,2008,12,0,0,0,0.,5935,0,1.000000000000,7
xchm,2006,12,6654,6259,103,1.,19763,395,1.0203944650963327437433481052508445412466567990677322013060782387484706517718263252407924463907164467147307934171141420974080000,3
mixxx,2013,12,244330,45498,234,6,6164515,96894,1.01596902641605307543249700725911018,11
exim,2009,12,6533,1759,86,1.,93803,4774,1.053622976778374678370240451780348476893757705063005771731133794500254225992369736998137716157030470400000,5
Gears,2012,12,0,0,0,0.,2310527,0,1.000000000000,5
skin4eclipse,2011,12,46,43,5,0.,11167,3,1.000268720888600000000000,2
bison,1992,12,128,0,3,0.,1630,128,1.085219707050027092270104367851680000000000,1
jbpm,2011,12,125089,39169,785,6.5,541767,60601,1.125946139161720321710448493619857850749028670884415868822412786766454348606862316254979751376740434017472136359030673105494940734035542016000,3
doxygen,2010,12,14507,6884,98,1.,197239,7623,1.040202303601112655466217161602489813184592450848289607931292314745885943105717655869401785479188562051750670600248560827608056328299051529513641760,10
sabayon,2006,12,30845,14986,604,2,20414,15859,4.481668496263815291861433672704,0
xdebug,2011,12,2686,878,209,1.,20861,814,1.04060457924204827579181403433637712735942258162949094717166756632163158300284746358420063683454811455670160042354755406848000,9
quicksilver,2009,12,5,4,2,0.,48104,1,1.0000207887242000000000000,2
cmus,2008,12,2334,2178,111,1.,25741,252,1.0099177456805558909073219892050258089079147239078402890375814801008143490612613313758552869439047500000,3
gnumeric,1998,12,42483,16387,388,10,33069,26096,4.74243510615576343623946075071127749826036596671520,0
GraphicsMagick,2001,12,278981,235858,3749,3.,258681,42353,1.1957814060202646328564067662036484314330855074768664402614305685102894871245380927126784612011151059180520534932732948387131807398064000000,3
sonar-plugins,2011,12,669239,590034,2517,14.,612309,79205,1.25293555973135133502325363958920177620838758547097935981025248453497871390269911466195333591021459501692740232727154389575394368000,2
mapserver,2003,12,35565,20890,654,6.,69717,14675,1.2666145852341188767578968378367462480450148959666019149965464045435868552095679244610631858532486683926775996721972692043190513920000000,3
identityserver,2007,12,55542,31383,1430,4.5,24351,24159,126.82812498550634904832322198992705910526381859972140094233415874056854007764922429583579194320000000,0
testng-eclipse,2004,12,0,0,0,0,43,0,1.000,0
gobo-eiffel,2005,12,747628,576657,833,3.,969650,170971,1.214067228472264122320240472433099645428274940295838091691118025438176096945515344391050474970171624039917917208436313480376441126711347200,8
erp5,2003,12,2546,876,105,0.,102755,1670,1.0165207498600000000000,0
fractal,2013,12,65,34,13,1,2641526,31,1.0000117357784130989453913520220,11
xemacs,2011,12,94261,83082,315,3.,455402,4117,1.009122838117257691282176866097709277862291821833318331441749152844734075042196094567579295492650437751040000,10
zope-cmf,2001,12,18867,6653,642,5.5,18303,12214,3.0059123005614501184607047016294921366216256521013483457044279313556963210808181541341643721447796166400000,0
rdiff-backup,2002,12,15606,14686,176,1,14891,920,1.112387002094877782188742302283694171116876576335102397894814779802753871246867599769924158750720,0
bluebox,2012,12,33827,2083,123,1.5,460328,13343,1.029851113568637955775627253563817487636609462525342711298603520000000,2
icedtea,2010,12,188212,329657,1288,7.,836784,-111862,0.8636778535982137413619253850519315180012603625374967884743222382562429791641957268692461617365885783402433962887732495604126288430598350612725760,3
asm,2004,12,29167,16911,260,2.,21730,12256,2.29364576724331854651627942584863100480922231556080663395084583549819513761987471288540952017335415873483188576312294502400000,2
camping,2008,12,1266,1564,70,1.5,4283,-343,0.91991594677197762277521675459828016477589392183337637288000000000,2
backbonejs,2010,12,5680,2346,148,8.,12787,2736,1.272211720264638937273,0
komodoedit,2010,12,485947,154823,2416,4.,1635955,331124,1.2537677293109661845711946644130226464949276745180913898171551432269600548078074165050137357239867325174312940304429169046360817180217223516160,3
pango,2002,12,12526,13569,306,5.5,57123,-1043,0.980539592547675637249805655241400593155636218630445517430228772936339083578659103712276593360008221264445351350036918474204855961137971200,5
freeradius,2008,12,35855,22362,688,1.,298865,13492,1.0472826163158846256608307630898583051506577930820073718254753900931584716051079909280820530233372200443957561600638775157202503887627962866752000,9
gnome-shell,2010,12,45296,28560,1316,14.,59455,16736,1.39176947028337823983489017038210127734062140246122575696616932715423611773696509057156013181117543885650051512728560308439203617996800,2
mojolicious,2012,12,27566,26226,1658,4.,29423,1182,1.041854041996070240058816563814924807274961540370709046711510656085311752941757961095895357459635656546110615237113864432889577260748754124800,4
i18n-zh,2007,12,1582173,557716,330,2.,1034295,1024271,103.1818635249833036485505733829220666949967144148962907398392511563693580958022680153228819859761677479475687698667431022632960000,1
pyflakes,2007,12,18,1,1,0.,676,17,1.0257966616100000000000,2
Arelle,2013,12,15863,9455,91,1,53188,6408,1.136981616076862892931349223183060,2
fvwm,2001,12,35172,20306,588,4.,114737,14866,1.14885201910073673215210393765614762183700220839261513622277131325121952166448892811301281508935302630284235084644191980195559562342400000,3
vba,2004,12,52149,32385,185,1.,118197,19764,1.200786321664445273759855934035617455294529172615547492451746823966078127618855338661908340860013588969277248297040000000,2
reviewboard,2006,12,732,188,34,1,829,544,2.90877192924429164306939256744,0
nuxeo,2011,12,1021819,681495,13048,26.5,1365729,226899,1.19923869234324016426126607894278720306121816513100272367064937733925466331994168488740466987959336136258226738264927677497442791954841600,6
openafs,2005,12,128705,113607,761,13.5,932670,15098,1.0164542945950489832501735916568399866559876862467954006883892996810512774794949216284410439957037406504747975751835783799433118686872888401491200000,5
pcb,2011,12,47621,43849,898,5.5,143206,3856,1.02770552818070921425063357418365875675001488967820903159351882177591363526099181226947052744854063116775465868184114003440598315062804872068480000,8
u-boot,2000,12,5512,0,12,1,5797,5512,20.34035087736601729402935678070643973737340,0
qcad,2005,12,0,0,0,0.,131333,0,1.000000000000,5
thunar,2011,12,2366,1125,77,2.,79715,746,1.009446744925944628555187833222216985017207512199999117001766262831992257201013390551634910951166357918529811290510904249021049254503559811827200,6
javaserverfaces,2010,12,108542,92011,610,4.,328033,16531,1.053095099678441910906653047605767867652682113713818851382359809143408950677028780300236414546514637289212215312932513988788464493231615396413440,3
xchat-gnome,2013,12,0,0,0,0,54405,0,1.000,9
xfree86,2009,12,4,4,1,0.,2517239,0,1.000000000000,15
konversation,2010,12,24112,9887,766,7.,59579,8025,1.1556620242783021940560671523670782424769110299134315841778003328994964989047132717808559041220671809553421057323903252942454213646157713642165355200,8
hyperic,2006,12,232034,138036,4928,5,682910,93998,1.15961298123342191541889518388153389130791912224861543400,0
jaws-arts,2013,12,117,4,4,1,47297,113,1.00239487962000,6
xinc-continuous-integration-for-php,2010,12,0,0,0,0.,23758,0,1.000000000000,3
emacs,2000,12,279726,154951,4809,15.,863848,124775,1.1688263541013096423269125817857259848497850724839770979479196993488945991550171559804910810335840916227439246229730899577158225829077279744,15
ogre,2003,12,134625,67159,1127,3.,155776,67466,1.763967840620844320309626907130952529220157288800641081819454911958207610607453440208055364500980029690047861165745210392576000000,1
free-download-manager,2011,12,642595,328172,36,0.,634705,314423,1.9817067459686365663890000000000,4
lm-sensors,2010,12,591,169,62,1.,12465,422,1.03504110271749897710315687611711174192469880426691282786381518531602239761842168569098189420051373112795115018630656939111405928960000,12
openproj,2013,12,0,0,0,0,114000,0,1.000,6
mongodb,2010,12,306950,204099,7999,10.,135520,45633,1.50767074212778532041203493790928591025233047851562832436670384941051776244050792408611291439752488827437981832969757112212035207168000,3
GraphicsMagick,2010,12,69624,38382,449,2.,540160,16941,1.0323784113322861187606138418034716898377966040919151655825764537132075907300099534380716625828469054196126332098859144903439860788503270400,12
calibre,2010,12,715867,405650,6402,9.,232845,45123,1.24037140027771551594587992829084888594745942099360043796888943181137177205143552428622282636494999435957740965871420983307212661158000,4
gobo-eiffel,2010,12,640013,598897,124,1.,1930359,40985,1.021706834593328919300877301951497315176508287789868364638951042650706773502653960381908164415512465792217865532911148275658405753908104359877541840,13
commons-validator,2007,12,3239,1746,83,2,17314,1493,1.0943682447454206704052441392867266548572307928200,0
moc,2008,12,3486,5597,41,1.,36701,-2111,0.9396977747748569245609739102472288040422493559669865962167550659940173937632738339542667925126487507337344000000,4
sdcc,2009,12,1355099,1317875,390,4.,1304116,37224,1.0294507650620833417419527751148961945698253878414804980764701691307688290279176655066793910148442730453859506937498032892240165418802967039699916800,9
nix,2012,12,10193,5884,643,2.,34295,3139,1.1007510591761530237087298164188150631849241541439452972185879203385083200850856954603107048554957331912313301409982118201593252966113247232000,9
Apache-OFBiz,2007,12,231981,68766,3607,11.,500845,163215,1.48341379613148085947274273229950796230313412447989740741512858198083156368024131352312459781955350026691941421255234210980402027200000,1
actiongame,2012,12,9294,8679,155,2.5,508657,615,1.00121052983809503855421529756644233320800443564366835936521584688874479197737665453692073597011742451901791839861739056000000,7
jcal,2010,12,0,0,0,0.,1604,0,1.000000000000,3
diffutils,2009,12,1049,4381,70,0.,11646,-3332,0.713893182208091965409940000000000,17
gedit-plugins,2003,12,114,8724,52,2.,15402,-8610,0.440909090899672416411591685829204853913172889891848797152009600000,0
pfSense,2007,12,73348,21634,3719,7.,209888,51714,1.3269437454863907173613340757464123915248758422691577667325751015809296758978789343707875322833885313104627169803799321190661569843200000,3
centerim,2009,12,2378,554,150,2.,179246,1494,1.0084049687204310975618059250805288230927543658995635219530751732004110530285141678002278400000,8
osm,2010,12,4264036,457912,5562,41.5,5123926,3818431,3.9248913244991699571518874426138347947037180202838109586839986761694950451574074452830361063713403340922393253170708138464057560113683200,6
otrs,2008,12,103607,74146,1258,5.,191282,29461,1.18205918884712836035795014035838406787331142040523798640338168133185223947310416698836849241649302383104558670034936167563296832632012800,6
freedroid,2013,12,8495,6492,116,4,134555,2003,1.01511105075681893398974527512347500,6
aur,2004,12,1641,512,81,1.,2272,1129,1.98775153105074142625828773209942401216664000,0
pytables,2006,12,126927,94357,775,4.,135839,32570,1.31538990396993999977639405204290368460695654313487826514586653199538310391120435263922147893989130388196668527186732187491565512212480,4
tt4j,2013,12,0,0,0,0,2460,0,1.000,4
coq,2003,12,194177,101602,1687,8.5,251487,92575,1.582555124817267590519504481359446200909037497802741589945157089842616271129728711916144231397897665932498810523699015492458849252152442880,4
web2py,2010,12,102593,97930,1582,1.5,83804,4663,1.0683063311011341371511680450048346064086862731263183357546985810662623735539677024296919053190753020447319132878380672424242994211047680,0
maven1,2005,12,17693,7068,345,2.,31775,10625,1.508057189324537149911977174430419587888440330955547437169046778687711351138150970890150847704534666779119143932696724027366239202560000,3
salt,2013,12,68409,17331,1852,47,65373,21917,1.5043492267842705128986848884640,2
elbe,2007,12,545761,480258,1379,3.,179207,65503,1.57608351514981058155786499636879535323291625367587651430407424458579399887387796980093210002631514491936877049432288167362347168089600,1
grok,2013,12,84,506,7,1,21195,-422,0.980057653229083988501460,7
k9mail,2012,12,93324,41708,1104,9.5,104951,35225,1.5051917505350539395040795062295626293686859093100399451037717253225425674978226869309617477904127703406668324504465417275642009837172860928,4
yamj,2012,12,38745,29225,465,2.5,56407,9520,1.203041354735816339676710133674003220617575080583419615707600410792344187412464927628444023400822992174820932980291567997208166123034169241600,4
viewgit,2010,12,413,313,57,0.,2538,100,1.04101722723697315505129039571094780000000000,2
twiki,2009,12,33594,32294,138,2.5,1779371,1300,1.0007311635398813587828899470643380715985911146395742098761005307465503738002068711996095405606842927029369748855628252630137024250472322705008051877101453850483200000,9
guile,2000,12,37896,22526,946,6.,75038,12056,1.191419770725077901740320594168095043753426652703463134765861479621389161831036276042155372518688713227921497375727585297293111932766783422464,4
easybeans,2011,12,34215,11619,340,2.5,356142,22596,1.0677447788347690996209175053469040093738561875519175651720459792095592198675924998591628625211829978176555978341651994126493187816946748075066641920000,5
evolution,2001,12,388290,234316,8076,31.,506200,153974,1.4371454690975384401416559033030305776605734013824191715882565960601694056408302939272655531570976892950482525354295535729046796472000,3
widelands,2004,12,46907,17895,343,1.5,51332,29012,2.2998207887046753699902991589906700128989604210335125039580397518221887293347617377973541935232013996624027268291593120000000,2
openkore,2012,12,17551,11976,354,6.,272807,5575,1.020862022515137816392405627658853710565399888226405022504746122929098119573278430795398109273556194623831157429176510728390816652113139554079310970880,9
jasig_uportal,2006,12,11816,45566,264,3.,238557,-33750,0.8552527180471657329817979477640314621517527440453902719499600277222173504573818028163786548354177332809106473728688920101284338806873125164712665000,6
vanillaforums,2009,12,38023,18352,223,1.,47111,19671,1.71687317798243335365218399722609039235148114644489576344190702527571569207357018919790887040000000000,3
appfuse,2011,12,5679,3437,153,1.,50211,2242,1.04674436544971083521342858536395384222615991702314713243509277611428127745127882719508978189877096640000000,7
syslog-ng,2012,12,22475,13113,432,2.,55326,7406,1.1545492487583317102112007951606967952853975032046383564755145205584577978397347322247476654757791558336139680805166661193385388540952576000,5
docbook,2010,12,91180,39400,260,3.,1347160,51780,1.03997282650682634888116331512596572742064861655016325806713635111404455195158074445875538092428990529137488214365516513640870739212231775418577715200,10
mythtv,2011,12,2104901,1183725,4509,27.,2086602,182565,1.09588311571229166278901621694195731583248525524754364834855454934606775118805328080142039692167907282688300739419171470458467666045777733973429830400,9
log4perl,2002,12,3544,906,256,2,4491,2638,2.423637344890433976710217827160112345161854520767460,0
poky,2006,12,117936,90625,153,2.,83229,27311,2.127063387856257142989732487839891078794608159001892041627167890912633590967614484365235860522632816987241067895392985733829181440000,1
beanshell,2006,12,0,0,0,0.,41721,0,1.000000000000,1
e107,2004,12,18919,10005,812,5,123758,8914,1.077681917206423027469664211718238984,0
rhino,2013,12,0,0,0,0,88935,0,1.000,14
lighttpd,2012,12,659,442,21,1.,82033,217,1.002652292950248946285120341860981193839067021970934804028938917860019455221684505939352825766400000,7
ampache,2007,12,62900,58827,1213,2.5,66114,4073,1.06565013459259988099122619163856517415439848501897132210889385930526811189778576725459169081447718157203292496648374790017835437071552000,2
terminal,2012,12,0,0,0,0.,6034,0,1.000000000000,10
commons-jexl,2009,12,33316,28669,300,1.5,11507,4647,1.67740524778853206319302950005385337151212654408084977154422548825797920000000000,7
vncviewer,2006,12,95,47,4,2,3992,48,1.01217038540,0
GCstar,2010,12,17973,7748,280,1.5,107723,10225,1.1053016415769267293645903122641681396870836417487376305487801177763898004349090801997269614004726308301875090730050555775528960000,5
opscode-ohai,2012,12,251770,87135,199,5.,89801,82749,12.7341179804605068614619272729457659027762147414099105650191113235199034140370793695575657261144913035822662864900000,4
proj4,2002,12,869,369,63,1.,27384,500,1.01859842285417612416378932606240319136234379185514755361390199300528125775082054543205219724661739600000000,3
xen,2008,12,240208,453301,2693,2.,594019,-104005,0.816384430142249486677236186851220469332373548796073738507040587286928813169660400491415815961819670907445951052095184781967480344272500000,6
erlang,2009,12,15471,8243,150,22,1651124,4657,1.002828480619,0
mathnet,2013,12,173969,8795,146,4,327004,163840,2.0041430707480219518356357211127368,4
mapserver,2006,12,12034,4836,488,8.,102294,7172,1.07539791006094339299597401529519753471987143298572108175172418507999372118881997249058480858062086078631046074642710117531921211755979601674240,6
ruby,2010,12,169910,94437,3542,21.,795320,75473,1.104845890853926743883330200196653774007871346762791851754321467751788834115373847104995981927408798157515955890667717456069429942676678656000,12
luxrender,2011,12,329619,224829,2321,11.,389788,77019,1.2462488290003669999642305388613276735890403264585712647967242123553142766947907195346226315375369555099102777709430799094736922425360384000,4
freebsd,1998,12,639517,417043,6712,44.5,2017016,222474,1.123972579074988974552262474296830288818276946601066195467162062454827928829203268712795451286998150381250778631058728856937977662209622016,5
mapserver,2012,12,338303,482784,1467,9.5,406567,-88214,0.7221667554264009549303440655892606667497789205476892349000119921958226367585055765585770896056037747190416271155331720109437288448000,12
do4,2004,12,0,0,0,0,3,0,1.00000,0
dovecot,2006,12,45825,19945,1250,1.,106037,25880,1.322866374734366995794154961108264024201030568361659710157000023121835580401264649497330753427028151888450630168997906896105582458624000,4
ccache,2007,12,6,0,4,0.,15695,6,1.000382433552200000000000,5
roundcube,2012,12,126357,106340,2273,4.5,170384,32062,1.24308546121406177112626011353668368473408747279030400862529445843226438657025491945286489926169961122612923548265585670793382829490176000,7
commons-email,2004,12,16,4,4,1,9290,12,1.001293382194,0
json-lib,2006,12,18009,8324,71,1,17639,9685,2.21762635142426772209915094049680022369415793103872,0
growl,2004,12,130589,69309,3523,9.,63065,61280,35.330532215233174068569049210864383797703457600178064931619474459462913712069888000,0
zope-cmf,2009,12,3941,2880,210,4.,54478,1061,1.01993349240143863812349971750067572177750078804359501583366524129529660568054542670885986063458822919860849926806298225730793910751624832388349529600,8
nautilus,2013,12,2205,2544,97,5,104957,-339,0.9967805044828681329727855026534094867,16
cairo,2013,12,2123,642,102,3,252004,1481,1.0059116328635374871902080,11
ntfs-3g,2011,12,291,297,6,0.,33753,-6,0.99982223802327873767845803055471673885904000000000,4
wordpress-plugins,2012,12,41187,46703,854,7.,168400,-5516,0.9680363444581586383790737553317906494428034423632007764503534321164564823928356892275250829050928174358712984571563353615284316928436065293273497600,7
hibernate-tools,2013,12,0,0,0,0,24209,0,1.000,10
v8-js,2011,12,247933,166812,318,7.,890067,81121,1.1002798703519737950642872796664823989491454287849708857968929408462115960336887842463412463385440042654818009948929571581773405273437500,3
commons-fileupload,2012,12,16,0,2,0.,12684,16,1.00126302494500000000000,5
jbossaop,2011,12,68,26,1,0.5,655500,42,1.000064077332190,9
javacc,2006,12,635,451,54,1.,22706,184,1.00816978953849058324339651518447389584784475762359676879409760000000000,3
archlinux,2007,12,30024,9303,470,3.5,30841,20834,3.0819426402897965822736625800313640171497482531432452068999865360878484421214614031437657213347859736191041752064157961238809526016000,5
lemonldap-ng,2011,12,57254,7270,236,2.,108977,49984,1.84728696631337364952548333298519211105190975965587651936087033551907195235553078734870375720747746324557413647126112760000000000,4
strigi,2011,12,34,18,14,1.,71,16,1.290909090898376728132593977074373186045158897420725120000000,5
latex-beamer,2008,12,0,0,0,0.,16649,0,1.000000000000,5
bbdb,1997,12,8638,1846,137,2,24561,6792,1.38223873042418801097028524739112,0
jmonkeyengine,2009,12,282118,426558,323,5.5,380053,-144440,0.57691609206464416754278345625005188342839162868754989384461299028018467268919895906357115151408274760659849924889790092782324323922825607040000,6
coreboot,2013,12,27747,15423,376,17,1326017,12324,1.009381187232702579363727612527883935,10
cdt,2004,12,370784,214608,2825,10.,351618,156176,1.79909129056598972487554693586541808318396543369363262259084717018983777591542916975431794581750439760683737310892726425234555699200,2
l2jdp,2008,12,315578,211549,2191,6.,533659,104029,1.243736088648664625500228917887269586253813493675031104553949698193921793097926844864164730038280988314592049235309779007006779514265600,3
pytables,2011,12,58311,74183,181,1.,156758,2562,1.0166296685738517323564954269192852436350957878879894527693080481465036340000000000,9
stendhal,2005,12,288948,253265,780,3.,42103,35683,6.55809968782389207073050041601289887135470766197755914013191973904792283157935072212486499105757370133897041697416396001705984,1
adminer,2008,12,15570,5127,1371,1.,20196,10443,2.07074746238128153232426950391607315436931256537094865020634536254351980501538121397881172418462112720303231892738998272000,1
xalan-j,2010,12,0,0,0,0.,205355,0,1.000000000000,10
rapidsvn,2012,12,53171,51355,56,0.,73983,1816,1.0251638560560880007305558235652552176312822815200000000,10
bcfg2,2004,12,6626,4257,428,1.,2717,2369,9.2832167836097520099081078313421913270217681889228749559441856441627959115641564949783101201572580625000000,1
keychain,2011,12,0,0,0,0.,1114,0,1.000000000000,10
sox,2004,12,8153,5009,116,1.,39547,3144,1.0863665082485777985139675960025558877343110692934816285164652028758763731828851247866675023595520000,5
maven-scm,2007,12,10059,7112,159,1.,36429,2947,1.08845068728364152838807959487524692632282463979237925841130259972320000000,3
qtparted,2011,12,344,884,21,0.,24628,-540,0.9780737372100000000000,8
marauroa,2012,12,8398,10837,199,1.5,22426,-2415,0.8951549882685431646049111076238606122563011030977177667378108743339062948307871026214820608000000,9
pootle,2008,12,9207,4838,279,2.,13998,4369,1.453733513348315338108552503933285772625904646176741261610007541189661819696819102210863314673771820789419444042586727060792908800,2
digikam,2007,12,1191842,1262595,9211,19.,810701,-91980,0.8672909196815166241910608047308212728381661213462047362662166169979537246706082373071685875454214189772712587832888452395942781600000,3
clamwin,2010,12,308,161,19,0.,454642,147,1.000323437324642855339666563518079136664693318281488931400000000,5
hibernate-entitymanager,2007,12,18030,16387,70,1.,16327,1643,1.1118904930635079888853039901378831878319205537227673048320000000,2
ror,2012,12,73405,60572,531,1.,178374,12833,1.07752158075004913992937163164751169677564894797604961980168761343322856000000,4
civicrm,2011,12,347573,230954,6223,14.,1000441,116619,1.13194851452088492006837670024443700139825703030744388801076564747281975601600942827840152639049811571460130044037213513517288967479823872000,7
system_data_sqlite,2009,12,22274,20012,26,0.,194136,2262,1.0119157992306654851030173301684400000000000,4
syslog-ng,2010,12,60324,46648,595,2.,40908,11135,1.37399657408301290832758254986802968961814197888793616634932624185790277532172592481918996790366551169610153963826089703961600,3
gzip,1994,12,0,0,0,0.,5981,0,1.000000000000,1
tcllib,2008,12,40594,7529,377,6.,395753,33065,1.091166512254944099189046922374390295554086844770452883636666672533706356769289514395844405392789364762194490114655461158567176832438242187500,10
kerberos,2005,12,96805,45743,373,3.,321878,51062,1.18854868245069271316216554801351029985565240505474209903654844220361108117691655317388988112386122026210158705442814750954365782175155957760000000,18
drupal-contributions,2011,12,489,27978,77,1.,30763,-27580,0.10561987221311990976932427997224006863869278498864980396495890162496965037884800000000,6
translate-toolkit,2010,12,11177,4818,946,3.,40308,6359,1.187310377355255911031235687683952051358305718171500002667044337707827531231669340155733317829421962816205348204643631979302173716650393600,4
gtk-gnutella,2007,12,91324,86413,1956,3.,261318,4911,1.019393130468927694129311538946235972426367523708839136871453409136127440255931271755106476355137792241962364424587202403063640190876073036341207040,7
edje,2010,12,25907,15704,563,9.5,50584,10203,1.25266833411750126389863431192409130506124624439854367665955717413896439691121514773833373914596857056069350535931199734396312045555200000,7
xfree86,2004,12,693818,629944,752,6.5,2424742,63874,1.02705530338595175882979784883483216294881441046473179593903945484124177805148831700576159735638325167128464399801074762708536945958962531454156800000,10
postgres,2013,12,17023,5670,342,8,672015,11353,1.017184278799448222957416300110311520,17
network-manager,2011,12,201628,107955,2642,14.5,292643,80577,1.379961898636770058506327532800942004100403206344761374286358594832617662748289284575044429953480142624755638702516410965918593267732480,7
gnome,2010,12,3480810,2635029,50909,246.5,7240001,586167,1.08809462333826503040201320961154572525544276616058087739366897572555345205363604602614728071802257242760582591408933340862060827646679819057920,13
jahia,2012,12,231697,147071,3331,5.5,457001,84626,1.227260154429540063278073493736012911256959868494519430997825105396570608784071344811940409851115764309834665289206889072002713140000000,3
automake,2009,12,20095,5344,422,3.,54542,4769,1.095815000105020041494026877747559844183397651855435765679773196845753000428361460636055090800000000,17
mason,2010,12,11522,8371,115,0.,43078,3151,1.087036985887815413175269854755562931498137045321988428800000000,11
bitlbee,2009,12,7861,2714,135,1.,39631,425,1.010840177524263303564917474143430613216830702709898597605035911200000000,4
compass,2010,12,24943,9807,875,3.5,18746,10588,2.297867124358036953018633005107990451008230051144959862066005653148276234378552876988278916001135104387797055428812800000,2
lutece,2006,12,1408982,1485071,1560,3,316085,-76089,0.76116503025683374652629915383538850376751228895961967347889782618471537408692361467760661731434496,0
xfs,1996,12,18519,9939,476,8.5,60737,8580,1.164503326525925808140293838522313687116145753351629541570582597965296768972433903189124528044508742776202711863658625982271791949855168650240000,3
expat,2006,12,1017,563,42,1.,24298,454,1.019040429457264490947119086691303885224992554579249439275281601329147173946986562044503244563225139200000,9
buzztard,2011,12,22524,12329,715,1.,163889,10195,1.0663331034438310883072808942123675047603147772783095274030263793312348368813105977494995628600681368348469490709606144542449597142231166218721280,9
cppcheck,2011,12,154760,82918,2525,12.,147600,60883,1.7033943343764625162280073927535801920887662714236482186794045843526779001077635164109487133817803191865883075595839137611509811200,4
sonar-ide,2010,12,79867,59397,1679,3,23910,20470,9.79673399389253877116721598662131488904668565149919242999688692954715801263360673443286826760850931017682590324590800,0
rabbitvcs,2012,12,2122,889,126,1.,40096,1233,1.031726835291393843952474339381852339222256270123041836053700000867919897276152197056700705896174099693507829760000,4
obm,2011,12,2288643,651061,6625,13.,1723786,1361261,4.754943796523704955807263681743304308328598203974503162967113952108429092043594983785375015866345481584432503669093809065656307822747264000,9
fvwm,2009,12,4160,2200,60,1.,251572,1960,1.0078521865938055510755642242817403916246277256137320991732811104933541605067932340768800000000,11
xfce,2009,12,123202,136975,1744,6.,322089,-11916,0.96150168002248353751857487459966959469710151750629966467818508002376761936111815434384649150810507787823076770093569146845322483205824000,7
autoconf,2007,12,5469,12944,252,2.5,39957,-7751,0.80026799289119890582280899765113531344476576365736525668924207982632294659251359642102833095944822379191926679416766817931007960202501238937216000,15
yaf,2007,12,120515,102224,968,2.5,69589,18291,1.35656360868150896238625486389662469946317849248579894540779940660907234116222887083681943313515390461964250886734382387764651674828800,4
formencode,2009,12,13904,147,39,0.,26719,13723,2.055940289343565970730114636240328176728272800000000000,4
log4j,2010,12,82818,69532,166,1.,84108,13286,1.1875970743487621120603179735923484663931726963371392286427973919939977780996171490299360000000,9
cdo,2013,12,86773,67096,214,4,3862965,15953,1.0041468547542600166385827235730441780,7
obm,2004,12,62830,28689,1413,2.,46648,8365,1.219542281239685191838433698697437238523757853028655537724502655690570259311256496358890783643149375790850373205332239796272540796877232000000,2
pysoy,2011,12,56467,69351,919,5.,24306,-1760,0.92816033311181292578281232599501066939666957030062840890875935727708795024734628869090338398713854068373913600,4
wiiflow,2009,12,798,529,11,1.,91576,269,1.0029461048990,0
pacman,2012,12,34914,31243,546,6.,54205,2858,1.055660505969007113042541853441795125892205933538012321926264454561546405784125202521124543026687510935184157828909052134677773144848727753169920000,7
sonar,2010,12,56612,43995,881,3,296957,12617,1.044372933820332795224888307156930,0
Riena,2012,12,0,0,0,0.,216533,0,1.000000000000,4
jquery-ui,2009,12,72510,58825,1660,5.,37363,13685,1.5779626657361808513284432404426415793605070389463884935172077716637095778645743210041172838111780545859191787117730510949560850816000,1
iproute2,2012,12,6096,1310,197,5.5,50085,4514,1.099054223073933745905104962194651305384540796546484760846816870539003173851249899293267449830207794210428678498092705435446246200014728693459840,8
AndroMDA,2006,12,168932,65255,1424,8.,325343,103677,1.4696069283608983136214475292206599966403928384950693423962931326225815517662643032241909436661500472087988589256424879133126809600000000,3
eclipse-gmp,2005,12,87513,33577,612,4.,81602,53936,2.9495409527634685348681249233650940735468,0
telepathy,2005,12,17330,10152,618,1.5,7468,7178,25.7517241364912978957859627559143589404,0
icedtea,2008,12,1099462,432012,3606,7.,783339,405282,2.07201295043866932884595906561415463154898321102353934327770165783526260776457689643606865406431899720413997220159518945969044933724349440,1
vanillaforums,2013,12,0,0,0,0,76815,0,1.000,7
gwt,2007,12,82402,43818,935,6.5,139597,38584,1.38197063747029028660057854094829235707873763710634142786545145502313720724793619844428313578387969482400695429566652656682207993600000,0
cmake,2006,12,114418,62878,4236,6.,453838,51540,1.128113985155027402747780994813596144545882691759418137814644320438016288057595323795887583886845249566698224814419639689953825459033600000,6
hobo,2012,12,23424,7986,355,2.,20419,7660,1.6279717985388671634012927181900758587194940535256049414684363069466710409816120416370858385532905683160928904189117461220967055125756427520,5
freshmeat_jmock,2010,12,0,0,0,0.,9979,0,1.000000000000,3
collectd,2012,12,107374,5932,643,7.,105688,6957,1.070464190571897922981438316628315076419978990869522538752824776575137198891225149439364753655044158063246921804550156055671503368192000,6
enblend,2011,12,5635,2388,66,1.,138951,3247,1.02392707657828288676415843479346317676262248477109721688469353204945825505098711333399861646958866403935545089898624000,7
jack,2011,12,39160,21084,673,3.,126162,18076,1.167237200011205958228903645555012463366261998324860128748567123809340459685723488340264306807032577830439998329042009132612922082406789907340,10
dotproject,2009,12,72923,45724,428,2.,435867,26543,1.06484594111300657375706108177885880349909410411832821260811912675859312712434893193712604975585944681153463363683945214138675200,8
cppunit,2005,12,23411,9746,294,2.,72651,13665,1.231665140869444796534490953512765332802737510733703355948286207260480469817444016047083792108137706368000,5
sonata,2008,12,57969,54288,960,1.,29379,3681,1.14324071913256218091671066830521145006981841170711920525481627620908652037604556694527053221562641043526546225124054701440000,2
heimdal,2013,12,2014,1945,18,3,371634,69,1.000185735012739592380281760,21
do4,2006,12,0,0,0,0.,3,0,1.000000000000,2
elasticsearch,2012,12,105055,63231,1108,8.,241529,37197,1.182041970913651129511950419324495904436832764787223606051706629632917825309531399292657949738799414483522294199949707079916285099808000000,2
helenos,2008,12,149028,70607,814,3.,135582,78421,2.371931911609164309755123047222626443082346984390058647542674307881920403688179506025948252087791691762044362515855770898434412242176000,3
squirrel-sql,2009,12,104884,63482,1245,4.,1112171,41402,1.0386656692570103948086108408097069945338031429323960811944695043955785658118456950208938343480192925824246848760416574577615421335572480,8
chicken,2012,12,7319,5209,332,4.5,221388,1893,1.0086243422400429936420608145505550699880971919465605819040723513161009883372906812838022801406297123686306946055890847495999994546239175340434636800000,10
ispconfig,2007,12,82435,16601,362,1.,81459,65834,5.213376000711243928474020526591166726480611353949000355166852602338956253481652074786243615675246815272960000,2
smolder,2006,12,86604,5628,256,1,99794,80976,5.37117408948005390727363518318570639755225340855869704103293324347472000,0
gnome-boxes,2012,12,13106,8839,822,4.,10008,4224,1.7744774478214687929976246047333798634335326339740909347249055882708438459542350676909890609834210761136754803413684037865200640000,1
libpcap,2008,12,11443,6968,187,1.,45724,4475,1.108487478480628811798804508218829644762501612936070193339516930622065350709719545157193160253134135837636176061913044598011071334065660363407360,9
mongrel,2006,12,16333,6874,369,3,12947,9459,3.7118692659290451599680881171098236579987154846413107146629406764501057450379536610304892362993628609391593599122584320,0
mockito,2008,12,568359,74858,599,1.5,59180,5641,1.654864174262673151115113373826798672170173619804891005093545308324274319793100585529371918027575622854527218107341913816012304384,1
ghostscript,2002,12,190408,102956,2295,17.,853948,81804,1.106248068022995449629402858163013125211312653257304932539698524832018096333108546039564095948662081892991017032807705777432031686824755200,4
pharo,2007,12,264,58,29,0.,349752,206,1.000589335881422505495166817816886019764000000000,12
riak,2009,12,181024,181136,880,6.5,61812,4430,1.08253223042047779151860915148054225843233080,0
mod_perl,2007,12,952,1012,39,1.5,67732,-60,0.9991108213039967390516339991985030879323853102742374657333642346868037855943502272245807554934096880286751293762831360000,7
keepassx,2011,12,3721,1989,109,0.,121772,1684,1.0140230497639483949865492913625667775243692200694652259177679360000000,6
vlc,2002,12,297969,262653,2105,10.5,136615,35316,1.348631279673124865992470435077120216570328278661703164610590759135222265022896773057539042481469902409651324439192401533206400000000,3
salt,2012,12,352748,148078,6256,33.,43456,26371,2.543517705579046227028243404096861573481627144496380048642719096500995237942884499747126281467166636151763850652612197500866560,1
extjs,2013,12,0,0,0,0,1287273,0,1.000,1
imagemagick,2013,12,178457,145095,498,2,798642,33362,1.0443352961464810987248665246032110,4
swank-clojure,2009,12,17384,15303,151,2.,2597,1145,1.788567493158412147142639777337234635125500286987635223914551289119966338992475453191936000000,1
m4,2013,12,6,6,9,1,72625,0,1.000,13
console,2009,12,937,320,17,0.,16166,617,1.03968100842679443860704435662878396350337762665663948052235240000000,4
aircrack-ng,2013,12,201,199,20,2,61984,2,1.00003226743224247648477116157152633742,6
tao,2013,12,32810,5653,168,5,956602,27157,1.029218512118199557959702699913742732,16
xmms2-scrobbler,2008,12,1095,533,15,0.,1029,562,2.203426124108012229733843996588198710145726991798788250000000,3
eet,2008,12,8244,4136,186,4.,9453,4108,1.76885644766405237450998482456299621952735670869597871265136271759720348424186447035622012950602233408838167213227341477888000,5
CuteFlow,2008,12,144994,26507,138,0.,438822,118487,1.369940084885685328133451874650928000000000,2
opengpstracker,2009,12,30996,17824,392,2,27753,10896,1.6463783595627059838003496000154916855500501121720611071222645500000,0
network-manager,2004,12,26279,16374,339,5.5,19408,9905,2.0423024308370992929663535567158653868937527451488112220136960,0
spe,2007,12,167085,155575,161,1.,70273,11510,1.1958715518684325977118404495534389732094958950403965851955686475212528130464164919085002195919429402560000000,2
unixodbc,2008,12,40499,33574,188,1.,416925,6925,1.01689024390212013627297360418675911364459868572856217084858378330611860081728322330767984526868859902246167110080000000,7
arduino,2011,12,115041,28403,492,4.,293348,3932,1.0136401322429485201107857039381244498513212103984278765947489797155585729241738757792357251428564650195306135790297172209918105584824000,6
netsnmp,2001,12,62757,27471,545,3.,155517,35286,1.29348504129381264996348040915441125105719440028242845068789622363994857309114773444330526224952180230248038470119660715405587021987132538880,7
hackndev,2008,12,2546,1450,51,1.,6211028,1096,1.0001764914656068553143187201357808239160486269562354614164359842783486849938769120462966306435128032000000,2
python-markdown,2007,12,3337,764,54,0.,4274,2573,2.6784083491842844649942414162411464654937039430707005440000000,1
jackrabbit,2007,12,220799,220184,1083,8.,258824,615,1.0030036923596740515766017374238135789239201059105180366267118921053982238332626116407285177702042588940673065123000867510099148800000,3
eggdrop,2005,12,3659,1314,123,2.,205081,2345,1.01156676663321312795869804182659135773755780606804199354232542463064806907119058489539449729217616967773018934065644493265293514919087616469145600,6
stackless,2002,12,244850,143642,5391,21.5,603709,86206,1.16658067683353159394317905805043798603476922065966241108937957855535479742576443453533198403421987038529363464803683732390925835440900000,12
scala,2010,12,110723,70183,2016,13.,208082,40540,1.24196917788305792749938268358716054672157026226163443408674192158508077295724585146945482730971459566261053980296742801905548500000000,7
jinja,2011,12,490,747,56,2.,10703,-253,0.9769076305219754305725822054599555860935348596872598226135619945100047055061033953111052238737372484717974244993140756480000,4
lunar-linux,2011,12,3223,482,99,4.5,20495,949,1.0485521334286222969386970369565336064353521761378441954190179612384192455429374296223700222749382557451664000000,9
god,2013,12,5,5,3,0,12498,0,1.000,6
zope,1996,12,12453,2794,69,1.5,9884,9659,43.92888888545816244327503361519396029206041762072217587847680,0
ffmpeg,2004,12,61817,22456,1184,13.,186661,39361,1.267216564848650603033396122005344105962933729157871707794381970969931430354555926627185609083789117978148732485123200694384804878336000,3
gtk-doc,2001,12,203,93,17,1.,422,110,1.35256410264670290741227512065779919603255311162173202880000000,3
guile,2004,12,26084,23965,742,4.,119280,2119,1.018303690974730181967705423520573261687071909232535315744229651079563025843894499604155849478684424078932485303759942508332380432835915952000,8
performous,2008,12,25546,20938,759,2.,9999,4608,1.854757929877952238051979660895415676850638837943793033732611041009918305859250333573627761468104865522273316251135243241598747955968000,2
notmuch,2009,12,15134,8319,611,17.,9298,4946,2.13648897056383908371,0
comix,2010,12,0,0,0,0.,5880,0,1.000000000000,4
formencode,2007,12,1196,168,84,1.,13310,1028,1.0836997231714760451898667073619170275020321070805131231669511479518424723967353923643112767574257787618432000000,2
nethack,2005,12,0,0,0,0.,207455,0,1.000000000000,20
glazedlists,2008,12,4004,1038,95,1.5,61810,2966,1.0504044592435943599246401689414630787252360867271689765978752961811719500763960015370899652831128464487969437691449721046875000000000,5
perl,2011,12,729052,397323,16185,36.,4561254,318572,1.0750874093284393565757636126084005126451412304736845145616699858814021809654255531325893043389593254727028135314890252695004937703590434092800000,23
gthumb,2004,12,12688,12695,150,2.,95968,-7,0.999926435042129621770086751501752752216129276853335851192528252674940242464982433451305777562589377901612464284766666576570731225411120994758488000,2
ganglia,2005,12,16600,9370,465,1.,652788,7230,1.011201643527258376221205371086755548889565506902245000943032152084693460060804998607539518001578857338282721257529220000000,3
Gallio,2009,12,463840,217010,1117,4.,992742,246830,1.330910348655812462880083821551131675477957306068487293191741280601954148979251257493947928634722189685569991392951514537035147993600000,2
tryton,2010,12,45394,33482,1659,5.,158944,10664,1.0733520886365685022782709697017757228641750294487263741292059109076853486085091090462000648398708082217009315087495928822946696024295040000,2
nix,2003,12,29103,23301,520,1,8308,5802,3.31524341550902016177332096822591047923097400099538076868654360398637481632770171285520155852800,0
flightgear,2000,12,90203,56149,747,1.,53975,34054,2.70945233686266193111440134871038803235509253788073395114508788672812738230460171188158836426337468357685009222651892927409680000000,3
kdepim,2010,12,2227056,1888425,21660,32.5,2713161,-236829,0.9129019196410632630959267947754967201082125401673931640050389129280640471997225520732479581500389731617679666025295516325049957479895012864000,13
wtl,2010,12,6991,1140,54,1.,155039,5851,1.039222652741238746364844830918184083593140825151376407061425092698152819200000000,6
vuze,2011,12,0,0,0,0.,967990,0,1.0000000000,8
lutece,2008,12,339305,163894,4531,11.5,753216,175411,1.303581658174771899781717957141020147509393522638663494993055448365264251883916603533996660262261677272284811928305746141529156518400000,2
jabberd2,2007,12,33212,20151,275,1.5,44473,13061,1.415796510857249593405141638524007126878152988344074543237988051419052972409646825957464908781660028836617400357492640000,1
freebsd,2008,12,799163,483295,6579,75.5,3547904,315868,1.097730347071872648446979289823263144266837493669465893591406068613871834239037498022219468191400269316682436025897667959172713894360268800,15
emacs,1988,12,3441,0,6,0.5,5439,3441,2.72222222243172113706791256134270965992942778349278317047236300800000000,3
pmd,2004,12,47185,39459,719,2.5,77739,7726,1.112035962874176081572343475420662580695815033246099501411388200147688241747321338516551671625519136974452364017073808207686794247847168000,2
atomikframework,2007,12,31,12,2,0.,306,19,1.0662020905900000,0
pharo,1996,12,0,0,0,0.,11,0,1.000000000000,1
kajona,2011,12,164582,164314,1417,2.,110578,268,1.00426256099386418715946907822745400739913293924330986774984078444302737207894814380052970441044336560248068712384310627733473309491200,4
filezilla,2004,12,46976,27651,597,1.,145304,19325,1.15339858227659063453755099329672107117787698313126800090568644202344749197740680279000442716350972676418541405793111999297785600000000,3
ankhsvn,2010,12,33743,34986,414,2.,120363,-1243,0.9893013607846666547390297062011870064022943197130035137024441101763885400578614747767159703348393522834075425561637369600000,7
madwifi,2009,12,36863,3272,90,1.,113297,33591,1.42143627832130959615763869471129575655259183322306577675859067586895397211285503589044055115572777881600000,6
dvdrtools,2006,12,1,0,1,0.,95824,1,1.0000104359078700000000000,4
stepmania,2011,12,499,296,18,0.,333502,203,1.000609150460151104041421748558402446613000000000,10
portupgrade,2007,12,343,202,31,0.,8392,141,1.0170971262261525612143844043421920070698627738245760762476993600000000,1
freebsd-ports,2009,12,291825,234573,23145,109.,1293117,57252,1.046325448173705404111799505074905149885690137331687477255777930876346601650765994380167429503991180113913635152855669117697636827316027014190000000,15
vuze,2006,12,145094,61119,2617,7.,355323,83975,1.30947344367731668579264387900083737008936604717307100006042074209680433151562642589877992848464047259812344332844605740270459289600000,3
pentaho-reporting,2006,12,37594,110330,188,1.,105874,-72736,0.288485429428681319873770116271291574955552289580349952357688563777839723264000000,4
octave,2006,12,165233,152535,1640,7.5,417761,12698,1.031348210033543544720677171721658407405052810493106979629523323546255814701766067446689819037221768699579543478096664909566550922352926720000,13
ruby-on-rails-tmbundle,2010,12,2520,3372,144,1.,15387,98,1.006443129514512507964691646012063295668494253295130018611019128742883697850037580800000,3
supybot,2009,12,13056,8421,220,2.,35579,4557,1.1469336428674593973104946863137269055397260022191648740493853041038738315432779605254181454215259860252458658327697317651647077698764800000,6
warzone2100,2007,12,1035340,1733327,6283,5.,1372994,-697987,0.472268237914273166868829000900650551684060916633213436651536081155451005253554109134474831040214277074870249391824797723949357615435599141120,2
b2evolution,2004,12,125806,79782,1900,3.,72403,46024,2.7447211796925243919849405287322157166584331527631091055619336936032335391595423456397087471085193043420277187000000000,1
empathy,2012,12,47972,46500,1268,6.5,112280,-4772,0.95756034221906093152432101133188343931781420563423390856857843873072814167145771789196331706225491395382452919176021000260911702800741201920,5
CuteFlow,2007,12,414767,210379,405,1.,320287,204388,2.763500979431628995931479915503337053933131732009638993349255839335433356060584571440000,1
planeshift,2006,12,128557,71590,1843,9.,280913,56967,1.254378287660242689894138429845999222748378903115589587343244725938564022295887535672065063605252104292286328316559855243151809501975562240,5
mod_perl,2012,12,509,373,43,1.,67706,136,1.002012727541747286638062476567757874601124374054474177033096536514507537099593574576989882595000000,12
pmwiki,2004,12,3317,1587,592,1.,3092,1730,2.2701908957600230488840200627245642303128692318578025245242000,0
openoffice,2011,12,21733839,9735712,4974,9.,19518865,11903586,2.563118830381459517292139019783195374041058347339044125164362105818894276334236426771403889944794624086213051537715668356721122999308800,11
gnupg,2002,12,86850,130376,565,2.5,117399,61075,2.08435125344938987537634973454271783790478104285343364926533425088094131351261246870165916800568891775571470941721490450970515360771494400,5
tcpdf,2010,12,105010,118576,411,1.,204961,-13566,0.9149909451601570631746755908164030752414696451442750820443382127637940060836403009714344071617446701346322035651812595788392274479360000000,1
spacewalk,2006,12,0,0,0,0.,35,0,1.000000000000,3
gftp,2007,12,457,566,47,0.5,26654,-109,0.99591055751508994565579447160028487049623785904766969434642271200000000,5
smartgwt,2011,12,30188,15317,245,2.,113738,14871,1.15041419279503048358603591693032099260232720065284326092766992405567751240877292585039093668598540339772273761880347490783078394064307204915200,2
reactos,2009,12,1116233,1825910,5482,22.,4926748,-709677,0.858137687414819749789400021215777982386425020278821500205145279461651776419011919195847942152314801844561748393387287672699764766929961920,13
datanucleus,2011,12,128253,92506,2382,1.,600362,35747,1.063312168470688532676712129086985796129110923070241819042667249983250579857287937815183336805529323724590418429937198290251887233629039001600,3
freeelks,2005,12,736,105,6,0.,31373,631,1.0205256652100000000000,1
OpenFlashChart,2009,12,115498,21905,229,2.,139619,93593,3.03348107567672199985841609341320449947047972799693284745355718953971448018999726668800000,2
vim,2011,12,11172,8544,367,1.,1706744,2628,1.0015421485394507612962903565981488756751408285103975556317807528321219690301285518100246407475249266427581857363724732222996838812234520580928680775650860800,11
nant,2012,12,11208,3293,174,2.,85717,3548,1.0431793012037096733791760443327568631088755274028217057151435220539431462883337298855658268917760000,11
gcc,2008,12,827451,514624,6635,66.5,4924946,312827,1.06782717444701724715621067194237999085491603615793033923639381788984354824305818382176616849852335648091549600508464736513180472997702761600000,20
konqueror,1999,12,66967,51741,1404,10.,20046,15226,5.30965185400445853338517539018899699758793451680916144824725185323848859573340648263518379707848998484050603851820838350064640000,2
gsl,2006,12,30348,4044,335,1.,697886,26304,1.03916722008774735687435119540027675646220296199920321501821272717539656397624892743313195548809386730548492172527198603768837803123383444622569702400,10
openbabel,2003,12,57128,29473,220,1.5,78134,27655,1.5478515818386575145816649059695152373723874899125949661540825811398819764739703006699662328121210979613606572800000,2
patchutils,2012,12,0,0,0,0.,14484,0,1.000000000000,8
eclipse-jdt,2004,12,649472,321186,8434,23.5,1154776,328286,1.397205047876002948986552873561826775857081537491831215698651209157913435132908959384674771617831010757630692233371746018870855301120000,3
make,2009,12,2882,1936,80,1.,31367,946,1.0310969396112532447297921447997713150825406533827083881924036965442927865435599634681439539425332725927731200000,20
pdfcreator,2011,12,3974,3765,25,1.,59555,209,1.00352172008222412269190081130270705319571195095394618767803086720000000,7
gupnp,2010,12,13490,5264,434,5.,47194,8090,1.21361427971784759244282287054136040682971470048467085982622136543885282812965469925868575732669787894817173558196817762407679606010479902720,4
zf2,2010,12,6552519,5957031,4885,23.,1478204,104049,1.0757520492522300190622391964804242744933772413741049774104353767481596815153765768327804281697099611940353377850951469457134871317061219268444160,1
cakephp,2009,12,746343,430265,8792,9.,422633,148502,1.54219379240509433196232515568828904607177430845387538553620606021259088905104132176456267742326212916221658478529950350746074831650057216000,4
proftpd,2003,12,98342,53780,752,2.,138456,44562,1.47459901595880534369127614947853784168152036215121019787552368701005228316456390181277587007157537166524563115492896155126259926121088000,5
shorewall,2010,12,28093,17421,1384,1.,994109,10273,1.0104417809468593884248373714805937448462870558495657168823919654923875894674035182870261311532697861157954218099762734299584009277581383806216204160000,8
commons-collections,2001,12,10593,1551,165,1.5,25656,9042,1.54423979782747710895318749230037524634470360491816571840438234978280964047373500,0
mongodb,2012,12,253156,144157,5040,24.,470998,103354,1.2811252189549195936977558297572661704482145499676654559139195111022029771837589135378486132786431786899891411914546769422045811834880,5
mh-e,2000,12,0,0,0,0,3519,0,1.0,0
magit,2013,12,1756,1021,129,8,13399,454,1.0350714561581196123282065474341664,5
cscope,2009,12,6032,133,11,0.,30223,5899,1.242517678011847622597546869695367025000000000,9
flowplayer,2008,12,10099,7132,424,1.,95304,2967,1.03213229798957281653371429602246774993941174294784900085599405996612638407616195094418473656989662184340787200000000,2
game_0ad,2004,12,239123,116819,1682,6.,146963,122304,5.95981183290301205629597819925818181770987404428664661575287292177412320656474886304648741955611592549014416792251974695404421120,1
munin,2005,12,5512,3900,234,1.,6283,0,1.000000000000,1
amsn,2011,12,4785,944,76,1.5,301743,3841,1.012896921999656060142066477993603638515874790413695246766746623962776249854767247807232935613474471533180229255084433331624845988000000,9
libvorbis,2000,12,56082,42960,558,2.5,38058,13122,1.5629343628084035603541779920920321128664980960749640927259453343008487700107928132580335227717843629213493601969207920845067400000000,1
Vienna,2007,12,342724,172003,460,3.,301536,170721,2.305106643200647256973096261835158783888317066398103079429531786247438060950251487945061642862538906404013712404742971826618399166971789783200,2
gEDA,2004,12,35381,3419,132,1.,86059,31962,1.590827587498465663986884939164247117690669139832176442220255717649076133364865287250540522804466763378480000,5
kget,2010,12,9173,6322,256,3.,41101,2851,1.07453594771182374757830300176681914468449339395685530284269081728091595978082016731720669818721450381733071146625792583508733110434938496000000,3
GnomeVFS,2007,12,661,280,62,1.5,87791,381,1.004361812957192465728641417882758163784053023495074983593415727411163548837900708652520180262218928128000000,8
hibernate,2003,12,59355,27306,441,2,79933,32049,1.669304987064254980143070806876528231894010987990941330912116008785764318957821303283565032739100688494175629663104000,0
xuggle,2012,12,7636,0,6,0.5,148590,7636,1.054173702060,3
kstars,2009,12,61574,35536,914,5.5,94604,12801,1.15752556512257108295277035315747935488522664580004156159289065001357652384402735506851256904397129181381951697603308301977306408353594634880,8
xmpp4r,2009,12,4031,517,66,1.5,47687,1941,1.042429939231668968351450196954125699666786321383771348033097892481338221759582083949160276877440000,3
joomfish,2013,12,468,389,28,2.,43642,79,1.0018134655557890439114868,10
liferea,2011,12,3628,3675,143,1.,74203,-82,0.9988880149711925632769874585437630728815136868455017631273348844291440015886062591940110566087704473552479101639989638144000,8
powerdns,2012,12,21702,15611,102,2.,118346,6091,1.05426038928829821203567,10
authlogic,2012,12,518,382,52,1.5,4500,-87,0.9806666666628039687742856837842104000000000,4
ruby,1999,12,58755,41863,130,0.5,83965,16892,1.2519163658959046883995455600995463805208244077832612424065766092800000000,1
pacemaker,2004,12,67629,41515,974,5.,27975,25860,13.226950355624440486208531503706345566640106043168710128511780354365283552407036018404880044536507405357902477778152385661440000,1
evince,2003,12,16228,6444,54,1.,53882,9784,1.221869472587777447928041351290972123285899400853217747408465175611535545840584831543191248214716869062913139480000000,4
dmd,2013,12,34897,18067,1332,16,576218,8866,1.015626982895649965593103560983712575,5
roundcube,2005,12,28291,1953,195,1,39057,26338,3.0707602802345304202811228129100,0
inferno-os,2012,12,517,212,25,1.,1185534,305,1.00025733836195061835956522768446148075923003445637675015368868988644160519222965521949028031699069953724606803196649789920360083543800039812831744000,5
camino,2005,12,30032,13051,666,4.,53079,16981,1.47041387336664926018933574399182936218100829537356415364288679290738944923666317380854908342205073665637550512659023642296786240000000,3
file,2010,12,956,506,44,1.,11857,450,1.0394494608641999995730441188614822758335421276256533546318792462269590206974684953233072609103568091932410961122601142016000000,23
statusnet,2009,12,525534,271486,9588,11.,89289,13523,1.17848375257865504170249837529645376185792595999058520192128289985556638295416985908712740593227913036894747339006383174937856000,1
ultravnc,2008,12,150140,45316,302,1.,239812,104824,1.77654310006172771022491202714870641669352056767273686999418828293801341656686838294978385779595847127810610853219430398974061218092436880000,1
exist,2010,12,347687,170135,2120,12.5,637308,177552,1.3861874559655753455402747617251562998888767842944469556368612794692567307048364299930519713036417656125532123700805256535544754084582400,7
handbrake,2013,12,25338,12588,366,5,377961,12750,1.03491132523400710666124804070707168,7
openbox,2009,12,11471,9039,171,1.,40992,1769,1.0451010886477617830063937856051564632749438023767394492817218500809181472991307881184000000,7
opendj,2007,12,674116,356353,2767,18.5,645919,317763,1.968329087365871863629324075701404199068502765280605373600126322915034272807640349929627032185034556824674563815862276838383504376000,1
strace,2012,12,15039,23231,274,3.,57820,-8192,0.857703665132216445140090616021936625311927624633915760834221334010170802844234018631936943047947904522305143205423713188462272722100000000,13
ioquake3,2006,12,9034,5742,407,4.,242626,3292,1.0137548363385343414624042395109067203149856299202149981078515190088548558262952850907337175157929352998019270150843037730767131527371532171151595274240,1
commons-pool,2011,12,31184,31782,281,2.,13848,-598,0.949006566003732487949828460029735112022929352059193945869723739330358214798481996091108645230475673600000,3
wxwidgets,2013,12,6815,161932,191,7,1579660,-155117,0.910583896369343429181824449507144176,15
jsmpp,2008,12,26157,17720,182,1.,14117,8437,2.48538732410689596137686478912102508915376398917236997721310758249356163349146109387323752262651885067240609581927029214700049121984000,1
jinput,2006,12,10018,6951,46,1.,11853,3067,1.349078078776829718476644164641401531016618235270345479605819702862487853167866165545050615173892301416038400000,3
gitosis,2007,12,2584,491,82,1,2557,2093,5.51077586218493153183289738707233542429037494012792000,0
sitemesh,2007,12,776,325,25,0.,12763,451,1.0366309291724538241236061918860852000000000,4
filebot,2012,12,11470,5519,703,1.,34195,5951,1.21069961761410049746584384557198192386891745488967514013198671611640927003254894915149642884510817041844808858179498308036077066045383360,4
sane,2006,12,47385,24031,194,6.,386516,23354,1.064307388988337462717663798990700685899671621200483109864624939787161389141566049285133955740922800590349336662313231579417952746618879676769109120,12
jasig_uportal,2011,12,124110,89049,1118,4.,142976,29801,1.26331787054388028714448986584878531962068306363142229070649083963244423362512738003825495420640811242050189851641371411785917479104560000,11
mypaint,2012,12,22673,11003,495,4.,28558,11670,1.69102321168784788077444556470864111813137904429192450725131034431308384407277455072914118614136685428954386622044087364528861184000000,8
poi,2006,12,19870,6824,223,2.,205627,13046,1.06774292375900569861703934931796528959011642395433834109585955130705175766801556639650771392049914783037110973204813367645674141256209312400000,4
utorrent-client,2009,12,0,0,0,0.,2504,0,1.000000000000,2
tikiwiki,2006,12,194797,123175,2293,9.5,587358,71622,1.1403488832354921914579470335160566150583229260285390415549569047855916438540350844841506853606525717094380900126200150868390122145716915200,4
tellico,2010,12,10396,2290,318,2.,89011,8106,1.10019158271559607965158618442535214286393265448581226172304893654704438119405191135395512973746902689591644583514528859472247897998794480083200,9
xetex,2012,12,2750547,3081362,300,1.,1366239,-309916,0.773161211169349958051560078484181582387373125189745782701433199570958315110263372622266836432919237123641590436881920000,7
eog,2005,12,7051,4439,146,2.5,29749,2612,1.09885701308491219113507667360014029449251918872648161262102788981174307647290184191335354104583582012053745023316811600000,6
rockbox,2004,12,52392,29570,1366,7.,88360,22822,1.348225456971728329491024478757665388829794051663848659915747997873983891037139112186830399880168748559440049296715842012027638988800000,2
FreeIPA,2013,12,7979,5002,210,10,147186,2977,1.02064364914950536680319443312731900,6
mutt,1999,12,29346,28189,675,1.,55017,3923,1.076780052443083538896916688016822658301914611863598788174429240630269423718616296411653491313706054152648112494514121896253978016807520000,1
smuxi,2012,12,13512,4292,350,1.,60328,6139,1.113288674827169712288448184038399024396536496399825133639142050983531711121881428757686689967866925597773818415717623918559232000000,7
libxslt,2011,12,138,50,23,0.,286490,88,1.00030726042415657985365269991397553950367931761818428034963148234228720000000,14
sqlalchemy,2007,12,81743,46966,1463,4.5,54915,27628,2.01249679341604390400395379253639122529066873828157722317078065681740742579213813689451747725768965118013625633252128617268445184000,2
postgres,2007,12,125159,75609,2025,9.5,539100,49550,1.105573334587276804159643095277708669083587823452045466590365607227850202744742185445317364042028405901431031184835832602261749705423910720000,11
upx,2005,12,20545,7827,162,1.,25591,12718,1.9879592946268489327827439525789493811961778826069519082924901420874740759348932103487962758109162880000000,5
prosody,2013,12,830,264,63,3,26825,283,1.010662346469598883062105559245746750,5
sunpinyin,2012,12,2534,3617,84,1.5,43817,-1048,0.97607633657819204369339108344237614011288132412585495695390589366450693684000000,3
homebrew,2010,12,36368,13664,3760,108.5,34990,22054,2.70485466927637693079216778135426772042221338417522640635326837670124494498687495462679572785444125070033509287524602632847667200,1
apache-james,2008,12,2297854,2250041,1764,2.,2756850,47813,1.017649445171393879974674221076700270999127322686768087769101672715745229908255327934123972694430659051881129780242543261183785340339069684458240000,9
open-xchange,2010,12,284929,156586,4721,16.,738181,128343,1.2104542517766218647534543678442253093547237658484950936841671081064128869315815905500332082719980109634548010419277866858426662976000000,3
pciutils,2006,12,1521,364,71,0.5,7444,1157,1.1840305391929269274053044308593423862293160187967039792000000000,8
phptal,2012,12,5444,1623,44,1.,23469,1611,1.073702992038981890321946035224976832688253476826481065763369674373528811200000000,8
ettercap,2013,12,2818,1979,107,5,135100,343,1.002545322321022550384440277163290626340,12
linux-pam,2006,12,57028,23128,628,2.,103886,33900,1.53593448626668000758557152963862726698245903834528126431487624311845171972513290275699048560311643466175758145404052960000000,6
jetty,1999,12,50646,11477,247,1.,55942,39169,3.33524116134874561433793869701678635262854453955166299145282797735512339660786744601536936325570986083939040000,1
PsychoPy,2011,12,32667,17450,776,3.,31774,8802,1.383162110407117155242679255196948887938581307849894477865332807800755769864622894983774233667899507593945819850750771416544457632000000,3
kubuntu,2007,12,16413,12954,247,2.,9016,1348,1.1757955137913915520692849636555863509480658159277823918479924118886942475997388498615076454615111499199095821876413756273264800000,2
remind,1997,12,866,255,37,0.5,15085,611,1.04221362443349943674132523094691983545460274634539868796627110483552632000000000,1
zenphoto,2009,12,233277,144833,3795,3.,145704,88444,2.5914063624142464027636648523540468671611114881151804623924631210438262402257222468904360078619661145307782499128832066992715681059840,2
bison,1999,12,713,291,46,1.,9650,422,1.0457303857783148715068997934222333753859984822504084689879126784120293247078305747200000,8
mantis,2012,12,12941,5057,602,4.,192719,7884,1.0426542592099438315558495247540394338153046312391080462221022508878958261233993040801957853319905964890050993057499246139026816073121283038267406986137600,11
zxing,2009,12,110818,80796,371,2.,64118,30022,1.8805138432573884420565176984487581049395782465881273454123721724933754310532172409254796856588408403676580429153401093965949173510922801600,2
lfs,2008,12,24837,22662,883,7.5,382522,2175,1.0057467619965034731292607848452383111913572714986357606683652533131105549330066327670700123036191266497551994972722139521546685928438729579338137600,7
zotero,2012,12,245168,181460,3587,9.,313666,33818,1.122920907243275286495603063438791582612958705618163374715870990342029027282827199608342101764706951926063760782038902146463296411645744000,6
jax-ws,2009,12,26409,8327,771,4.5,221398,18082,1.0889354502426808409816265880568284675773492478311824405785320799534484448988667962569955873288335455568130894869950260479492029437971747840000,4
reactos,2004,12,1540210,770318,5369,17.5,1973165,769892,1.63983152618209983228855595521819226650731928327242230899753628495869188131032712193231427631765152974009786568859649634711871063203840,8
zope3,2011,12,5904,4427,325,6.,221404,1477,1.0067158648106699043234403036792708065361850188551927274361627731656927234827042028050308685118597345205767629112716709490577096008658362505012301465600000,12
json-lib,2007,12,27886,13970,148,1.,31555,13916,1.788933613011581067477280226650909830412709191180216286785453350284129011497494545178156780789397021955776430020582280033394083200000,1
gtkmm,2007,12,27927,32958,126,3.,181353,-5031,0.96927014296878055241378054168276182753779570601840605881893050776970829639016369615571125954015481391626709244106694788890934442825071360,4
pygame,2007,12,54543,27449,322,2.,123969,27087,1.27958753947580216138604809692644335855579394408822430939746708010134236801787000000,7
foresight-linux,2010,12,9702,789,105,3.,75436,8913,1.13398373494487128878946238075965804344072238360756600142196364433518395286235351873139307149973313975952293323034304986452196417427719124585600,5
indefero,2011,12,52306,8494,1031,3.,56059,12057,1.27401027222506392049490143195923959907782706914984124410998506396206840321622797150394716494131305995294071807391443261758601420800,3
filesync4eclipse,2013,12,0,0,0,0,9252,0,1.000,4
love,2011,12,60984,59619,163,4,303530,285,1.000939834127020612996355195048537630663306151257971618078129200,4
mcabber,2012,12,1334,955,53,1.,24148,377,1.01585966093128376150959019779438276737396695466691857349010725847217129016373343789280931595732720000000,7
djangobb,2012,12,16079,1736,161,2.,8798,881,1.1112795250761898536311659775252580984125073888802220722455858776911145940081322742511721995441600000,3
dosbox,2005,12,13982,6094,376,2.,68668,7888,1.129779532751637560142344583633565343669297981438405624004290387593201665712092728476989528002771316102133737848851969279014748171087872000,3
e107,2012,12,68968,57186,1250,3.5,1020097,11782,1.0116848405504008750980624754644204592829044827468448849629454373039512603113336205475327505855275687480083593023981470659040888194207744000,8
config,1994,12,727,366,62,2.,1135,361,1.466408268717179747296038886235967233446713930083979819489460021660929130862358453114160278241036716863792496171963681177600000,2
Snowball_Stemming_Algorithms,2012,12,458,1,5,0.,22909,457,1.0203545341135146524472731380878552384000000000,11
imager-perl,2008,12,1532,1526,44,0.,52821,6,1.000113604089658240637813153150875261064641810995000000000,7
netsnmp,2009,12,41561,28412,795,4.5,359432,12364,1.03562414281346524152900407253142999396467056803044948945831720680763112866531534233218778049041418047371159908044197861200683197046633664307200000,15
jabberd2,2012,12,2810,2249,86,2,48002,446,1.009378417025118824369712899170053117708465791315229861094815799982066166859274815664768287221477113315364507936000000,6
rosegarden,2010,12,312418,315518,508,6.,687720,-3100,0.9955124753191919635720378053393144231449192860353094049301750732103126763698399825197041218805522820371530850823428346557637100800146208905960903776665600,9
pkgsrc,1998,12,23780,16873,2760,13.5,17728,6907,1.638295906213631895702585129312327710618306220951637025139044878331024768167270153129624234905787674591869645074379543755600000000,1
gobo-eiffel,1997,12,35504,12334,202,1,41318,23170,2.2767247079215988984672336392521526787218088577316492830801264777869688010800,0
kolibrios,2006,12,257525,122703,207,3.5,138743,134822,35.384595759810672943192386734976235962942253232424010725531819251589782064289680054111583240161928067242376503919280534218300274443472000,1
twitterizer,2012,12,300045,162809,66,2.,278586,86254,1.93977032549911088524413567552985329988852177737214054194954217045585845171410471231026944571715502140659787912460000000,4
Axiom3D,2005,12,7967,2070,51,0.,61084,5897,1.106854875250411691068500000000000,2
kolab,2009,12,3603,4767,374,3.,14395,-745,0.946713396744275971662954568128893811164717010624427619276390524822114076330241297124007263223617097865684588849774478811059200000,7
twiki,2006,12,541782,206353,2245,12.5,888763,335429,1.6061962576003186972250200863036748087888017514690431951668354284088702655839383537942620594310641322038173751507544839428000363443584000,6
compiere,2006,12,590922,26104,459,2.,1083197,564818,2.089585033469117986186847056540443734251154246455290562400753652935678663067948321768000000,5
curl,2002,12,18908,11042,1211,2.,47293,7866,1.19950795140333838297095441097084633014353858960300439395137411089162405545645197489072667891955323033589157515395939010321769022054400000,2
backuppc,2009,12,477,259,11,0.,31623,218,1.0069415698139198528997989568061707150000000000,7
openam,2012,12,2003860,1484985,1118,8.,1884299,518875,1.380010165395058639887213041688019616821279194061145080166258788301798518894230794603209298514064064750343294437012983201220281773841336762368000,2
swt,2005,12,98729,48240,2428,7.,328907,50489,1.18134244194721761658210830554574637396633458542988535395997325465597413821815610925573606534398475501574447485059259466969432396183858400,4
args4j,2007,12,1749,1351,13,0.,23398,398,1.0173043478263685974422798695550859386000000000,4
hildon-app-mgr,2013,12,0,0,0,0,49032,0,1.000,6
xfce,2002,12,125412,65028,753,2,100362,60384,2.510430736826071284807746846364528913196654560352081895222482239749119098494,0
anjuta,2009,12,357048,282594,1182,10.5,363096,66850,1.22684624337972554983173811994699907337223857897300125075224418137337188357478449104846437406816965871687556978503759427302875916476789000000,8
flightgear,1997,12,29390,3551,301,1,4747,4214,8.90619136929672378300128595148800000,0
fcitx,2013,12,12324,7739,279,2,127706,2927,1.02349475441764771239866900865123444,9
rubygems,2007,12,16909,13289,360,3.,16762,3620,1.27775646435466781025610504833031685629017576694786273888086314859161725259674677881017451329440332872819021591915807977990000,4
openldap,1998,12,71675,58315,709,2.5,77306,13137,1.2047250229902942183204324638728280379379812,0
kontact,2006,12,3305,3314,263,4.,9748,-9,0.999011966172136684337292890617639788280184150247321535611405673021581613861404327039723250781597942722145573107036582314091042815192386764800,1
bmpx,2007,12,228081,240056,2556,2.,155223,-11975,0.9214475945509453965819978143813287047720659580322802325546281484136881737651162208845848975306126052777291904192000,2
clang,2011,12,318260,177760,9266,44.,529527,140500,1.361157451793175826536112743014978155869906935858230301408877661245545903108737749666837190882168770067013907742019965558278255820800,4
php-dropbox,2010,12,0,0,0,0.,563,0,1.000000000000,3
quantaplus,2002,12,37594,41028,427,3.,32295,-3434,0.891277505106234126205787527756950490549857373634084627368087658295131467015063801841598956872854000000,2
freeimage,2009,12,45579,8623,161,1.,340364,36956,1.121802984768811223730479834568045553334093876647024728366556333689556474078921014304180435221222215861863157495991045427200000,5
textpattern,2009,12,14201,8598,428,1.,60446,5603,1.102164360081716313153632676342667922958390199849280127962440245285761365100007769614942387061437722627714202517746177085602449390757762885036000000,5
libglade,2009,12,15,27,6,0.,16277,-12,0.999262763408511586732994400000000000,11
tramp,2012,12,2208,1072,117,1.,15423,1083,1.075523012550660987356747378847544601674785236134061117114726127838043367786491477760043363329748989896890457764002902037840057657319668000,14
thin,2010,12,410,220,27,1.,12769,174,1.013815005955138163142297905787506878044112379489948633530334499457393112414757103604066400000,3
ZenTest,2009,12,271,2112,47,0.,5895,-1841,0.68519151848244250735567702986041072044617600000000000,1
drupal-ecommerce,2011,12,0,0,0,0.,29372,0,1.000000,7
html-template,2012,12,0,0,0,0.,18633,0,1.000000000000,13
phpmyadmin,2001,12,106280,74222,5326,6,22777,16029,3.3753704800343378659125658347634743861282466941563297190761414408781859500,0
gnus,1998,12,14812,7536,150,1.,56982,7276,1.146380718623015442464123864608556262783814930903186969306295686903911235328782168355852327471104400655794890995653241511743902504299143168000,1
texy,2011,12,3939,3939,16,0.,4617,0,1.0000000000005275672813101849474677367659164829635100000000,5
openerp,2009,12,4801395,922625,9059,45.,299209,138506,1.8618756339709704570191085185104160666976356936500964590418479831322016201913752099467305872432425744475461470278021976071799124325722472000,2
dbus,2004,12,25177,6777,252,5.,78772,18400,1.30477704895486548158958939818818950215798681530826528480925032246753032962501430767581184787148306559080036701918306921234446105700999589760,2
openmrs,2011,12,86587,46460,1599,8.,234690,40127,1.206241680087970384189083186058041502921608557329952471853959772529111643995832931132433002635250329824885277166826962426290730808569151488,5
openldap,2001,12,82147,66859,1509,8.,191227,15288,1.08989979772085063880787245389615662065892937740898343420421458590961918173148690869780353570494535509832951294119362582065419715612416000,3
redcloth,2005,12,3894,2452,35,1.,4434,1442,1.8183881954046206828637899334279894024602776378469120496300401684097162240000000,2
primefaces,2011,12,223182,120725,2761,2.,183407,102457,2.272252023615456331161945781155532651017772795522531749071635549554830223956923585279499385957085988396542376098046113979109375000000,2
visualnunit,2012,12,0,0,0,0.,6546,0,1.000000000000,3
GnomeVFS,2005,12,14449,9035,304,6.,88071,5414,1.06576454011804377899082402530688153614623723190586654272246397425362532678956924565432788159900759269058381202084326896312449973164704367470362432,6
aptosid,2011,12,467836,282327,1485,12,57580021,185509,1.00323351399247921868381895639729907387570206131470710989248339334240138035212079146396821548250647565485374540441164761652312042291944994506992000,6
dejavu,2004,12,439,19,16,1.,486,420,7.36363636306059845329665532043000,0
tint2,2010,12,9455,5716,258,2.,11288,3739,1.49529739035745477381765556729593854675093778444508905596210782128430887605413358049315214976671631844226695129154198459340094512000000,2
drupal-ecommerce,2005,12,7092,2129,285,2.,9195,4963,2.1727315689605314935089128267644724424975233113406231839667720172082556291999902240720428822649655355087915616426000000,1
spock,2010,12,74136,38203,1257,2.,50488,19422,1.6251850897299316529550063983757744058808935664517999161955711569249089733959902732029418150117613240651263014366533926617522127108960,1
kismet,2005,12,104729,82683,494,1.,77289,6984,1.099347074633370654695845519346462213779490164931774229341342385277407074757162677809414093057451493280450764539769848907713400000,3
phpbb,2005,12,79100,69924,1232,2.,141946,9176,1.0722235340548895770665116404680211257224498247508778162679547113379015867042948089273673447801371856632390292359134004333370113291609200640,4
mapguide,2011,12,84630,120820,397,5.,561094,-36190,0.933224347003936796925237946310488761287742001289366406428694654046009009562311824684798836480480098612034716173678512989980593833411541144069007360000,5
MozillaCalendar,2008,12,737950,143138,2834,18.,704700,576310,6.02020941121026334572276189205470734812988026016134298408915317508322460787965170987768508089649874882590105959105250446549343100160000,10
eclipse-mdt,2005,12,927996,527117,876,5.,701605,400879,2.3330373827489979341096139999407153076881204142231826362870899910337593535804791099828717754200773390786945018362688967627930600456192000,2
authlogic,2011,12,366,178,45,2.,4521,103,1.0234250625364388380499650004819520000000000,3
ApacheFelix,2009,12,440462,270206,2558,10.,398035,170256,1.74746135514985591334760864428331792910093827262239858917467277224328270286228667159318216285354961412419341910878082607710005248000,4
pf,2003,12,13264,6995,315,8.5,46513,6269,1.1557747738791756225068651233038749394168679993495031149367342538431225548290139653464328128440472440399898677585738222936513153392508590489600,8
enblend,2008,12,17545,4629,121,2.,133258,12916,1.10732745010428438269938753661641092830677415021123199867596204890733950920732823255335259595584292017174366307328000,4
dnn,2010,12,218915,49348,279,1.,341384,169567,2.0510894155922511636989054881016828430589428807815854027955700178849134666191492178928309898869075349950906445177118922559616217821388800,1
kid,2007,12,655,537,36,1.,8115,118,1.01483903420570381325811488811005018854264436867608631807284626123082712000000000,2
epiphany,2013,12,3821,3021,164,6,62928,800,1.012876641770922015084526929211498842,10
chicken,2005,12,0,0,0,0.,74613,0,1.000000000000,3
phpids,2007,12,163542,122156,1690,3.,95252,41386,14.0720151653074688325186011100516602191289469101362138341104,0
primefaces,2012,12,56172,40912,1916,2.,198249,15260,1.0833929908404653859326467500755329772985663827659175984571407022285875875085307153322418049081153636340103789483170656807947099661333496534200,3
mcabber,2005,12,16070,8460,578,1,24684,7395,1.4277286135497116411366511542111567661573371604647233025934122190167769926987401384485780182704742400,0
elml,2007,12,85080,32354,270,2.5,73918,52726,3.4880143449937315815775447917428574351609575998074695398021249277033378527064263143243069818753374637200901981461951180800,1
zope-cmf,2007,12,75831,64389,255,4.,70020,11442,1.28659452961485729403832908588938435296664645423377533518021641971339020202118973963317071108570468899300546617216729193713095817462505290035200,6
tidy,2004,12,2548,2045,132,1.5,48555,503,1.0104678265222124067950596192329099137340103868241291732223488621194345641383666060337612517499061391922100096841430122433254400000,3
openacs,2005,12,453385,142695,4448,17.,1378445,310690,1.2915894340977414135376393549201820355859840613957057362521213058095119109009593849029226084379459544834090463756192529402910015488000000,4
GCstar,2011,12,9772,6891,67,1.,110208,2881,1.02684319882082520674728563200627899481710588834090786866427212692997501075182640000000000,6
pencil-firefox,2013,12,0,0,0,0,83530,0,1.000,5
qcad,2002,12,70841,5642,45,0.,124090,65199,2.107113141193930181351101599848460366439255052057639160000000000,2
commons-logging,2011,12,12,36,4,0.,19550,-24,0.99877237851700000000000,9
powertop,2011,12,1993,577,124,0.5,11833,1372,1.131153809386228738776375117416961152984974387997578171552675904091000000000,1
synapse,2009,12,1318,866,34,4,1223887,452,1.0003694515851,4
cppunit,2012,12,1039,670,50,1.,104853,369,1.00353164120868339678582433107779811325193942828468408860980419067129602910560684303448458644068119354880000,12
rpm,2003,12,394652,147379,562,1.,829161,247273,1.4249494747944252945281186108835338133775239534670842826041092387009374692776013141908568553447716130544640000,8
www-mechanize,2008,12,597,306,49,1.,3451,291,1.0920886075925814431499336718835580776358031906500000000,1
pyunit,2000,12,624,134,22,0.5,1160,490,1.731343283608696906653316762682414161813578538163264940844630665600000000,0
graphviz,2011,12,38784,12239,632,4.,372108,22563,1.064778873866152635960990515659030080102679588210675184646103635970650990951227755068803543051631877456411446391346246820524116007417066774016000,6
hippocms7,2012,12,163519,121424,1887,12.5,290220,42095,1.1705549162863212931761367554959418475732088477282187500636330324561871445186061398397301678446144085193709188351810187436182508706214400000,4
doctrine,2007,12,2261550,1784157,13002,14.,915574,318262,6.3581265354042647084158664059836412193953942992538514519415543728617961590587409747173830524824150344788293914400908462910720000,1
jython,2002,12,27376,17390,421,4.,146320,9986,1.07324658558876788592069051240893764855320149205950548414905046344357824255885382664270808495894884708439519694923919595886077870080000,4
yaf,2008,12,25892,16815,508,2.,78666,9077,1.13043728175289659995860100496898940990290810075826388803183516922107909147095096293306143085410472630750381702831056332853177860353762842880,5
monodevelop,2011,12,289168,409057,4096,11.,1025462,-59755,0.9405630471365623749675129397136402518795065591157754664787965231588599572941792917770854713937995872206906837629386161310413824562899681280000,7
network-manager,2007,12,83656,71650,985,3.,79626,12006,1.1775510203827512846612904012426394412450913617115897727812340126673420624702071701458265586528989491652582382840189455959589976954880000,3
Axiom3D,2007,12,5480500,176063,35,0.5,5480196,5304437,31.183435752779068317503298023122912651224763700093091691680042510336000000000,4
clojure,2006,12,38402,18041,352,1,22001,20361,13.4152438991166539893144327674695648703294339345774004788021548971095513600,0
android_gc,2012,12,0,0,0,0.,36529,0,1.000000000000,2
jax-ws,2005,12,113948,85820,2704,9,130372,28128,1.2751066076652157050057473538483337153339581422225731561236175579272522718210560,0
mplayer,2010,12,59178,57325,2466,12.,534985,1853,1.0035004467623469556664726757430697755520125457766568800318450504633259977111446927041487287596035706492780293237626571557708840838231905371912143265000,9
joomla,2007,12,437108,409096,15140,29.,738086,28012,1.03977265465669810790146953492643800969851625077468871323713710761367121455855009878860791767068568951738309282570364997789195573624393472409600,2
django-mptt,2009,12,81,12,6,0.,1129,69,1.065094339618431063693979876759867504000000000,1
lilypond,2006,12,148364,121424,5149,7.,1041693,18960,1.018538562850629042347901785986302256839330185439370473153465845868977908076690025520327217432085286609445156494708929375592118257565091424855132500,10
ncmpc,2011,12,1704,836,149,1.5,14440,935,1.0692336171701287992642887862254217434701784495426635054742930735480161271691500768126998300824201892380348000000,7
phonegap,2010,12,65213,25702,402,4.5,44360,29309,2.947312470979366575434315393559838203824358248023384826397340818843955018713266609406416280896593451887200000,2
tortoisesvn,2003,12,219227,19367,747,2.,222047,199860,10.0079776442507061539884284465868988319556748793857371809982059241787173652534003481600,0
xml-commons,2002,12,19935,7090,95,1.,229044,12845,1.0594128557523472581977360504500076345233806097741340315479118905548470049645296731456030002122112000000,1
bittorrent,2012,12,0,0,0,0.,8633,0,1.000000000000,11
transmission,2011,12,187748,277751,1561,2.,527069,-90003,0.818532094556881210913868760514574622178718330772970922857250213299041457918026029871608410957072940564199161781829811143462793209272320000,5
gtk-gnutella,2006,12,68182,46210,1713,2.5,253234,21972,1.0950091238461714752531222550609841366946527981621136317496486177446227504788528871275146786176475480333626734501765155265422399095215161180160,6
banshee,2009,12,83577,31244,1592,10.,211125,31244,1.173692607888934454284386602116059692687275632345617067637090451839541192196639188623643979279150268162138720178078198972496884102287872000,4
plone,2008,12,333613,137786,2548,27.,241373,106035,1.7834828355150649692647871930350890965148471901277867640629322550043017843300175252781167561581918258542333191884588126583871180800,6
libpcap,2000,12,4941,2560,177,2.5,15010,2381,1.18853432575218356201477780976082702341546229441141387304606476872074029289198223135324751898280142518360052208387306740861203858201989571000,1
zend_framework,2011,12,6371332,5137491,11221,26.5,4877430,376323,1.0836067660749185350341763555352419221982848001863795890264447346208032257712603046783939114744789029097695499841555357657169335300997548754496800,3
jasig_uportal,2008,12,188390,274939,579,3.,254953,-87567,0.655102740090144808426956751221537190944257778893694942617794653546821318907553736038556880953973061219832147854455407058605082835384573808640,8
jclouds,2010,12,410831,280204,1486,5.,175523,79761,1.8329086693844911500427919349949117642604043186047626415533455760449832115485809961145161887032782884298977662267444674640140592640,1
konversation,2009,12,81638,71437,1378,9.,51554,10017,1.241158485137468447737130977982333958888565674263651478733348039480777943693811021580643956656304091346649686295166556929810012880000,7
cfeclipse,2011,12,554,282,34,0.,388341,272,1.00070090628214167540603349103720980649844000000000,5
linuxdcpp,2013,12,0,0,0,0,62784,0,1.000,8
roller,2002,12,43624,26853,646,3,33432,16771,2.0066022446327333209622791585025858912447214276257500402442140995706195200,0
worldforge,2005,12,309947,192999,4519,7.5,1472610,116948,1.086266340718445049277128765343385890778456123519820009375555697524247840880409168932702322274076937980572671369002228224105346221454996275200,7
gcc,2006,12,759752,363509,6136,69.,3531660,396243,1.12637649154677413835452454690233003386371227223416280463544227354778927867085373395262164942702937291676403428461955844410438828692565002752,18
jboss,2007,12,241223,335063,3750,21.,1042362,-93840,0.911410103053000729103466561906947897009047153154983234238035277692385765713172372476989509373938038520551708765511350282726340275462348800000,1
syslog-ng,2013,12,451,154,28,2,55558,232,1.00419332682628000624314690,6
dompdf,2008,12,18927,166,11,0.,37864,18761,1.9820970528553443610200000000000,3
tunnelblick,2008,12,370,99,27,1,3740,271,1.078120495816226910859357900705075200,0
MediaPortal,2010,12,889798,6064262,2693,18.5,1654167,-396454,0.75999394617017228052546807679196340281587497802098158426236124156097675378217526406565865249823219634624508649925094656444717990716778036958400,6
svk,2013,12,0,0,0,0,38817,0,1.000,10
fltk,2012,12,42418,23485,637,3.5,1031047,18933,1.01870639077989806219929393660664774764723996763625479917230473261506812388452212292098348608204979091485963763991312913280909270751652245262769610752000000,14
wwc,2006,12,382923,260632,1289,5.,471979,122291,1.3497146027095922193467061566571775093184222305934488204047215835718377248115616802161762907537615685882076622622420583216034464210817280,2
spectrwm,2009,12,5878,2012,236,2,6670,3866,2.37874465066534369112920552391450241953184717433882820131991680043971264337624623500000000,0
busybox,2007,12,73191,58214,1586,3.,168138,14977,1.0977859898936451237693333204083343556182337910460123201195134913306407361074875930089077833801225438215297126297659351096914214666371123200000,8
yaf,2003,12,53858,40054,382,1,28188,13804,1.9596774193320829014070177991065,0
virtualbox,2011,12,633689,746528,4764,1.5,3075858,-112839,0.9630614849741260192790902685302751313223932482500387877779141517570656565294798796934719229517427985564315963348685119990575375418752720000,9
midori,2008,12,51092,34707,630,4.,22193,16385,3.8211088154931791848866625052284260411557384327119500294410795823176716799248473187330615432915781611129704979200000,0
WebGUI,2007,12,823286,717241,1310,7.,739052,91519,1.141334881785525600785462306422511922687636824968241635531783902924571230546076354110248914410513345331487338062115777845145737316713647308032000,6
lm-sensors,2003,12,23701,17957,424,4.,59150,5744,1.108547347737422146457975756257591105071171496893706221357616430232000611407560972247284055610678824972970623866223562625746949835223174400,5
eclipse-mdt,2012,12,0,0,0,0.,2543551,0,1.000000000000,9
MINA,2009,12,5960,5094,159,1.5,47108,866,1.018727563685676373604089585584296093397970281650336894206190970891243160691889577603936042303782161442972867818381091822647722026404352000000,3
phpmyadmin,2004,12,88306,69146,4308,4.,113050,9580,1.0925872233569705443630932691392485774936583304098158332746397373563996621741468684605451321143510211233078753436208564884220188371417523200,3
openbabel,2001,12,10319,4365,8,2,34118,5954,1.2114046300,0
bochs,2013,12,0,0,0,0,312779,0,1.000,12
texy,2009,12,73,44,15,0.,4618,29,1.0063194595773358591390060000000000,3
thousand-parsec,2005,12,15774,3864,326,1.,19777,11910,2.51391890182677869387449867364081751502197918174079643038856212459453774767229314983484724992000000,2
processing,2008,12,399114,84987,1713,3.,473866,314127,2.96650160577371270341516586959703378141029095660587830723029447720483509092740126795823531829700328433940275242229745980044640336997757231104,7
fail2ban,2012,12,1392,710,78,1.,5200,543,1.1165986686609750208580549877274535285964014014811284034200113474983436769722494119560759536620627846379520000,8
powerdns,2011,12,33091,6494,611,1.,112266,26597,1.3105022297956408239747672479935300695035051536863227390222279043230470131270929487428485109260739296988424186361407797078677483082186770305300480,9
illumos,2009,12,2297726,1614267,3940,150.,9870834,683459,1.0748062582295092575836583227893372493919940120743494652265104892282015626303669573772105133590092107289966022657733380501427090206872360960000,4
viewgit,2013,12,3,3,4,0,2708,0,1.000,5
dbmail,2005,12,23353,74848,352,1.,80672,-51495,0.359427284849326067275004488043640682300170481156762203645281990524394441359544638990165369333480422790903095710909035449401677553664000,4
eclipse-jdt,2005,12,487009,214667,8052,22.5,1427118,272342,1.23583967800593991703151394135254621041480898940979028747445105149443645338808334339610399841784048645375636220897060626929037392256000,4
lisppaste,2010,12,267,92,5,0.,4524,175,1.040239135429502444539198978261559424000000000,7
staruml,2007,12,0,0,0,0.,1517505,0,1.000000000000,1
taoframework,2006,12,262834,285108,222,3,189070,-22274,0.842464106447925126489716852355340309547337249727468336,0
JsonNET,2007,12,0,0,0,0,10805,0,1.000,0
m0d,2012,12,0,0,0,0.,60924,0,1.000000000000,2
gammu,2009,12,160765,142030,1763,1.,129676,17861,1.15973706569274124662950874280671630624577654706241823701891192177801740554167113258664978821763083760394668514398860143640517524923685928960000,5
qjackctl,2010,12,59631,49344,191,1.,45513,10287,1.29370449683066659099692648163321894383789548779590087092211717681840866857992812535266512943513274045868890243275811099800186880000,7
monit,2010,12,0,0,0,0.,26658,0,1.000000000000,8
log4perl,2008,12,778,218,58,1.,11441,560,1.051465857919795108862822848922470602732402741678824683142099611404858747143792218987005912151168024917734353838818616019734528986798122466044956282880,6
flourish,2010,12,16267,3453,559,1.,46173,12814,1.384124224369592341400638441977224263630287738703857485228501771661466391662028982024387989945637883286445948161433530362500000,3
jinput,2003,12,5921,958,69,2.,7324,4963,3.1020753915948962452023030151003707478661920142090873803327362180,0
konqueror,2005,12,31271,24023,674,14.,70708,7248,1.114319963409938495056311866278711179621578687747370317738103092744986109507479437616166487024738049315630814345288648705360555588574223582310400000,8
gvsig-desktop,2005,12,592685,285184,2089,8.,461120,307501,3.0017120278184257746546940746473454524756474181790447192046658621100978188801963454203823327307183592925013191297834820931010560000,1
dwm,2011,12,604,479,53,1.,2153,125,1.06413545407990834585375193505847318301443187134222217981951909321491109055049015821864960000000,5
axis-java,2011,12,101232,104667,36,0.,187781,-3435,0.9817074144900000000000,10
netbsd,2006,12,1496946,504228,12601,79.,8069853,992718,1.140271169054315822495094535541667318614752334812592161195503692745724768297267027292753405410209860544695446369835703752367645820326984205155000,20
docutils,2002,12,12722,6401,586,3.,15046,6321,1.724469913969022890330607791114244700481164703067873559227590263982206190887177112189200,0
gobo-eiffel,2004,12,580580,343565,1114,5.,798679,237015,1.4219871666331993612376618498717085129478155542602346736142632736939655000465661151754883865046543826641831496215593390175560500480000,7
beanshell,2008,12,0,0,0,0.,41731,0,1.000000000000,3
hippositetoolkit,2012,12,44705,30171,985,7.,104898,14534,1.1608383869651308743856078780577233481405431467570239547455669013711587247136375712973095275798864853546121791348871015655356608760960000,4
poppler,2013,12,2155,1402,102,7,164423,710,1.004337043236214853478811027302227878052,8
bmpx,2009,12,0,0,0,0.,140656,0,1.00,4
offlineimap,2007,12,694,1501,52,1.,4850,-807,0.83302296714604603290220508106478462425658872905423556708480000000,5
reactos,2013,12,83435,45901,404,9,5112727,37534,1.007395580818264114954243018241058608,17
ubuntu,1998,12,211,127,14,0.,6116,84,1.013925729441574545135140000000000,2
shorewall,2007,12,190500,160230,3846,2.,985140,30270,1.03170065034474816466249982831958059642301503554877971285936950416893581310976213427978150940191289199943353097710073407645611479174929114979840,5
websvn,2006,12,10340,6916,119,0.5,9781,3424,1.5386188453289099215507123765445366527112743612459697702384030231453568000000,2
patchutils,2006,12,0,0,0,0.,13733,0,1.000000000000,2
xcache,2006,12,4849,1727,288,1,12038,3122,1.35015702105302556167429653801692232001348030647532703479828529121328231963640,0
werkzeug,2012,12,168,42,55,2.,18513,42,1.002273834659756689497818379711935017099585384958726750718044268208091565438528000000,5
kdesvn,2005,12,12895,5830,339,2,38629,7065,1.223830946653194860327392618062181184980847360,0
blackbox,2013,12,0,0,0,0,31532,0,1.000,12
drupal-ecommerce,2004,12,2378,1295,172,1.,4232,1083,1.3439187043471075907057010566746947193223705375196359104057870473436153794893780271937640292220263261657595216128,0
lirc,2001,12,13225,4424,302,2.,29852,8801,1.4180799011876103076064904941196432402964072946568473159634708904354792169983620240925406447647640570068516877711144919734224319212800000,2
ufraw,2010,12,7307,4230,158,1.,33756,3077,1.10029661983017567125882511128279395713073537634808550714209048039472106510728830423624334550674983053183257933607314983638792611200000,5
vim-ruby,2003,12,1188,1002,63,3,751,186,1.3611650485073157770319220089349200,0
auctex,2003,12,5732,3978,227,3.5,20770,1754,1.09223811527933982529355082769166024604958039761568309661604474749613047463771201933607187081138281338446526624848182720559465484906443330027520,12
pld-linux,2001,12,203351,104874,1442,20.5,278008,98477,1.548523653320851479592231954054528962053687641898745484509181181019778419925679728594608783430883509880025362496493305783546489600,2
commons-email,2007,12,5348,4760,232,1.,11896,588,1.0519985850745305169911907984489601197540572483395859480194814797629772080821431564911829220000000,3
GnomeVFS,2011,12,0,0,0,0.,87982,0,1.000000000000,12
weechat,2011,12,39417,25766,542,1.,128098,13651,1.11927791903410268177724097635358872155775342204354905568851223864287535532114033971311841713381187186461812201876545160270368164027904000,8
taskcoach,2008,12,23897,13505,288,1.5,60220,10392,1.208557437592035600162544258828342305484213694304163122671722608785082508550017272839642815549144837313379577836526297698163129701120000,3
libglade,2004,12,449,220,44,1.,16288,229,1.014259916557558823481776520479190728761959728707842468418985058745560059166804223053120000000,6
launchpad,2008,12,9978385,6256443,26328,31.5,409308,76154,1.25034270330569227740127571306443257506022923746975765551705063121707385631557639866746968264853204243030971083017086781386745841600,4
kmess,2005,12,34728,23814,772,1.,100362,10914,1.12201502548104334354588781723112296307021069383554497436487512772191718183232856815390706920352469956802041162794780511551549487301582760614400,2
xmlunit,2002,12,8950,2871,64,1.,6911,6079,8.30649038553308515211278560304126926814914484737688100741298159028094740800000,1
vanillaforums,2011,12,2244,5272,166,0.,77325,-3028,0.9607390599717256434273343989352216691524218737513750617142200000000,5
powermock,2013,12,143,112,7,1,42314,31,1.0007331551680652105866950,5
eclipse-mdt,2010,12,807228,444906,588,4.,2271304,362322,1.19026478970504110252824047835220393632949736646451069203794115927160030597250217318539783806829273849092395823505890014772941959315594384282055680,7
smart,2003,12,37087,21244,1288,3.5,24373,15843,2.8573270807268723916449154187458517773886802603250151898762862139481724181807757625946524198005470987355144510379727377886003200,1
opensimulator,2012,12,158456,92481,2529,11.5,388549,50791,1.15037689707110804632660786969452277396341590974652090670260685519721528660153854729690759285264225280537305675047605790858691990620160000,5
openttd,2010,12,57677,44264,2811,9.,207983,13413,1.068936629478551194859790012471192056059880720962237613973504242664864053395175538763355967136192042239277996350781546626663615247271263171200,6
ilias,2013,12,36077,17263,698,11,1577520,18814,1.012070268543866897837698232570432220,11
xemacs,2009,12,172726,192479,311,4.5,478278,-25743,0.945643773826433143965282844586487845343055830078067726469740986805832515277403955011586614209547313016832000000,8
gnome-cheese,2011,12,5497,5168,323,4.,10627,329,1.03216031280153929535407046677290547041875954462262951387905435967674119777742416846527965641611112269676463786351931818251004245105595600000,4
freebsd-ports,2002,12,524116,382833,18478,93.5,564203,141283,1.3414447291122714764944867003798216047021783041741255580769931273221411795809614556126815478466548600424800885170771458933178102784000,8
soapui,2011,12,89916,64259,1229,5.5,279093,25657,1.1012366041117098966919863048469419945616890708356259947242009695489115984193351985227432576581961724549999447071042747136752383871460096000000,3
Nexus,2009,12,833035,744067,2762,8.,374060,79169,1.2684686884155438950069214454242916769491188125206113839889458839511267811551987090693598228782585063972385792767439407312766640656000,1
scriptaculous,2005,12,11988,5956,395,1.,8226,6032,3.749316317207991643503295322596769116734404350094997316982396214,0
poedit,2005,12,1824,1090,115,1.,31815,734,1.02361571377994989214644325145411987116656859613451446167635481396804430800215555411176269534066886787878349308240000,5
mercurialeclipse,2011,12,194418,171755,466,3.,54899,5755,1.1171048347808128911202113565426489365871323485449741633322140243454060413094179058902028607935925779996337617725783953312291059078408979000000,6
TrinityCore,2009,12,1859703,1160018,8143,14.,1227586,587185,1.91690206597337632579874032279343200198477038850401754155722527973883772416348372200704482677548465428057626535323793978633916116364800,1
joe-editor,2002,12,1261,926,30,0.5,18927,335,1.018018502577445234260097219663605422949591357648000000000,1
lunar-linux,2002,12,4829,216,81,5.5,6266,4501,3.55014164312926850162805547460856842821716000,0
opengpstracker,2013,12,2264,4679,14,0,316936,-2415,0.99243778788900,4
subversion,2006,12,104252,70147,3000,24.5,302685,34105,1.126982649480042110005539035134336553186392776801171312378357430982097469880051179197674095627635264442365011806183598932985031269280000000,6
markdownj,2012,12,33,0,1,0.,5977,0,1.000000000000,7
otserv,2010,12,19975,15231,485,4.5,127959,4744,1.03851243292499121865676473639261584994454737573959559424753350238307899078728746354073798218028237948300508597162104686093240779190784979865600,8
poky,2010,12,83481,1463557,1006,13.5,522149,-1380243,0.049794399320358014735574744954670669070142553741139580421589064812274572557013182680468439295054418884614545146582898501944647981056000,5
mame,2009,12,492433,347065,3783,21.,1616907,145368,1.0987863726268143249481947291323050484711415820866375553313208046570412403940570545376371557524454410390275553926338102191773233069559646617600,1
tinymce,2013,12,278,118,17,2,54453,85,1.001563419658696150254812048574445259032,7
php-dropbox,2011,12,0,0,0,0.,563,0,1.000000000000,4
pidgin,2007,12,2721756,2024512,7650,21.5,309830,65024,1.2656144048748156674114084336888488542398451779027204575089204515311099924434141334707047402758516227230565467245322061570384000,7
cacti,2011,12,819374,373647,3148,5.,2807678,445727,1.188711366152719237763323725710471605126421535211644818752320099292627699513097765425096510795237733782498617294392117705774506846305408647270400,4
SharpDevelop,2005,12,236567,138069,1222,5,258910,98498,1.6140313691996195828522551057745724302268905645243275569256859512133329896833812751467522168963863822648025304795062443048960,0
south,2011,12,2408,555,120,3.,6893,1023,1.17427597956245984587256771457241594643702917442503771799273596722116555272524981622721740800000,3
mp3gain,2003,12,16377,5187,21,0.,16937,11190,2.94710283659339263139080000000000,1
dvdrip,2008,12,503,121,4,0.,47080,185,1.00394498347400000000000,7
nexuiz,2010,12,12474,6057,67,0.,48045,6417,1.15415105222140065763558597540667808000000000,6
xfs,2005,12,12454,14627,404,5.,94981,-2173,0.9769420952660485668283994675223443630575665521298249360750912533939420440121427233339311978197200134920738715267260481403814982835897729755500000,12
oprofile,2007,12,2247,9009,123,2.,42497,-6762,0.83706024093613851844403967977448753433109036589932707651666084165487813778381498811334538723406183417204721312759220148549891294552298427181194967751760,7
coppermine,2013,12,0,0,0,0,4117325,0,1.000,10
hpricot,2011,12,5579,3670,31,0.,27867,838,1.03100373672632941004777706799282667764000000000,5
flex,1991,12,1,2,1,0.,3907,-1,0.999744049142600000000000,4
db4o,2010,12,403287,347361,1377,6.,976366,55926,1.06314163681505739733990065184966697454259513699216769439233401703294538357103361501784030607172553539551152273075135496762967995392000,5
mpdscribble,2012,12,23,0,2,0.,3073,23,1.00754098360700000000000,6
dpkg,1998,12,0,0,0,0.,24318,0,1.000000000000,2
llvm,2011,12,399605,201806,9935,52.,949777,197799,1.26303828035649976559158871369919449935769827089911966534028317776500484660154241035901614748523927664452723356128813503874389598279016000000,10
dia,2001,12,38898,21359,412,4.,108097,17539,1.19367698050592220838496821187817110129660513596743009453113228401037061327969886218451238990353605151594732918890941381755622091646455246720,4
commons-cli,2013,12,1114,379,80,2,8648,735,1.09288512574484538171140,11
cobertura,2007,12,1069,121,42,0.5,23415,948,1.04219521965475965473836877278834708623062389597037474362800000000000,4
sunflower,2012,12,8354,4023,556,2.,16592,4297,1.34949166325414712211143999593525660111491122646234226132277927172871594350890916931104688175010821112646610809750272773263034679296000,2
bzr-gtk,2011,12,5854,4730,143,2.,8815,472,1.05657437372857760943804395307121632694197995937032528323787225971168978432237492389238268761572838783970544017548632606720000,6
compiere,2010,12,0,0,0,0.,1083197,0,1.000000000000,9
pyside,2012,12,355,122,32,1.,287374,197,1.000685988083831248972050195142645175842153663463654604395870791960794962406128653031207100310075045895737500000000,3
swig,2007,12,28650,15974,898,8.,502619,12676,1.02587239740177466607331225708070072073912449041265243667400250386634353590326711663835046131691901509255299183159942063018415116924811276404459207270400,8
kopete,2009,12,194036,124394,622,12.5,371828,69642,1.23046070955442626264094670828467831199608228840387124887044693623703336498384567967566702891297053307234309897261016977554694746849458348800,8
icedtea,2013,12,762,97902,48,1,640558,-97140,0.848267351890356938271495442810750080,6
openoffice,2001,12,921554,410046,19020,69.5,2717435,511508,1.2318789334199621784435427251335656221509301896072051615032597783204810925327450085467151289659958021140179552601676803009694639176345600,1
openjpa,2009,12,297440,186857,1303,8.,410415,110583,1.3688165372392203395243391275856922264456656914667522634682379226387525431318519644569094274784645606722896286595640660898980502681600,3
dojo,2010,12,170195,129248,3309,13.5,442228,40947,1.1020407146467041969753692200174972457446730248918189330475320103891625690790650023528398018311547579019815421929163743167832338554880,3
cairo,2002,12,11482,5480,47,1.,8136,6002,3.812558575541115349337008370536962257759894932820000,0
terminal,2009,12,0,0,0,0.,6034,0,1.000000000000,7
fltk,2000,12,79653,64220,909,3.,234745,15433,1.07037006638883421454600363153117261924228704583022345327590843704152039033087242820307297267165573566184058180878584888430475272177897634757600000,2
JsonNET,2011,12,8133,1445,68,1.,55901,6688,1.135899051058947936688384946529660100106333484428695042184815410514276653772428880543606740643044071850940490572185600,4
tcpdump,2003,12,9566,6943,296,3.,54839,2623,1.05023364486381220498395794275097657208855918407874397066484889095900628794499151795100336116889331800577473554667665554277804105863488363120640000,4
flourish,2007,12,8866,8375,36,1,6796,491,1.07787470262,0
squid,2006,12,232396,120072,3569,5.,936298,112324,1.1363552490861417375782700466489893336578685302769521640920817245351276456136231318394746760460642469700090591648437896730370146846809039831040,10
sqlite,2004,12,67340,45857,954,2.,89742,21483,1.3147277281772952306749861787007569480109283122044741710644065576025897680115041038919916222830571178690411029340212640512141234839306240000,4
pisg,2009,12,84,5,4,0.,12137,79,1.00655166694341398453167040000000000,8
strongswan,2008,12,95194,54230,1277,3.,180521,40964,1.2935288090017648849419851471216666071036536475094098789044801136359270677128275980961386641937402193103707306222952215664711763892633600,3
qtwitter,2011,12,0,0,0,0.,34140,0,1.000000000000,3
seahorse,2006,12,33029,19723,530,2.,57922,13306,1.298233817453518379162616318453353248292121624728691557777935948206375739919159219738179870304346974264149185992147127232644410472749137920,3
wings3d,2013,12,347,528,18,1,262704,-223,0.999151855838300,12
freeelks,2009,12,1969,1383,63,1.,46206,586,1.0128452433147104060920652575967970476936344953889685226141619333124175295253609021373059528726827177801468185497450351461840171737113346048000,5
openkore,2007,12,57085,43855,627,6.,249952,13230,1.055888341592274999015328359075949878438355735423461172353724218953754690051270256813666652939629880071767338224826653635592067681885488887000000,4
DAV,2006,12,4429,1468,20,1.,29099,2961,1.113283342285643865130,0
pyglet,2008,12,140678,89466,1476,1.5,512000,48674,1.10505346128017233925237831219928924016520595024665916154802193460207839205416868117058557641771497815963384548154910667894682560704094278400,2
fontforge,2002,12,115429,55350,1081,1.,402295,60079,1.1755587114519827278500696480068793143552184699774607337886716302163407382242498207025205825470492663119692824327358963713633375583152832000,1
gramps,2009,12,234953,228685,1827,10.,220757,6268,1.0295096631473948502631534437156041670508527113048287442732179053707001139830558470611759903280700434523984231316453394850554178567290880000,7
ipcop,2007,12,168422,47991,540,3.,300664,120431,1.76923715660394686347365458730261061086933074298869952181029903902193310877358011450470771159645092217078701979243353656405064609902705003919004800000,6
growl,2006,12,52721,24975,1619,7.,395550,22493,1.0602937352697644403353983176445327331016520562161395989491030804404102669964982814693541139196813488685079106859195475063107895224075152042188800,2
beagle,2008,12,123907,88645,444,1.5,246785,35262,1.180562240797586954456612895852066839884438760132017641107184294579825657024659929492616784013899436731252264688202745425089232832000,4
MicroB,2009,12,34566,2681,56,1.,74744,31885,1.743951095416597838555012396512409916661420415918402700384717642364376508716867529459998960640000,2
aros,2012,12,825440,386567,1948,10.,6863144,438873,1.06831483292209967496628488066989381428714384019826544142346032877027516587581599804760219029633590954384629213711268625641899809458649530258964480,16
make,2006,12,2504,1765,72,0.5,30248,739,1.0250533952573888420470037769550536550718010848964393689577395474008612032000000,17
netbeans,2009,12,31126035,17880394,68918,88.,8835831,630395,1.0768265086723767034946505245633493314390818766754531468648945202008469875474845253309673354492066637474836213172941191413402802138714968064000,10
nedit,2011,12,4,4,1,0.,112989,0,1.000000000000,11
lesscss,2011,12,39185,13866,241,3.5,21361,16705,4.58784364261822418490402200650593925014443767471982068638201674036227887917063558381046253037049240496779916034206131522336000,1
checkstyle,2007,12,6752,4445,207,1.,199696,2307,1.01168758137427708947493717401041777868825126984137836168216281959624395712197759984327311100196196000000000,6
dmd,2012,12,246610,47185,3900,13.5,567352,105052,1.22723772445963576223604203953432897516688874391288442526019196033591948946896479860947772466006738757814852769297630833797113009442437201920,4
lazarus,2006,12,263020,148357,1857,5.,743747,114663,1.1961650781865770421065343472540595380259251863713557005698056976479605513322389772654865168034873230895437842970109249738059270597734400,6
forms,2004,12,2952,1500,135,1.,11626,1452,1.14271672892013409588032699571028401985659238595298326996431387035512533307754991350357605172574741385714630763283197694400000,1
glib,2004,12,17205,4410,449,7.,113861,12795,1.126600439310492178252652357538494300985048670997301533897495989980995762126797287423723208879622866809310004750530089870971065025800520536320,6
glob2,2004,12,32038,18405,682,3.5,60079,13633,1.293523661894107400037695421391460282800944649688981119348046551967859677942791548294643272950035214672270561293666605687173114000486400,3
akka,2009,12,575671,548411,1477,3.5,174851,14445,7.53915798973651602732706768611541394209332474200828632766661159180359489504137185563375315037000000,0
mono,2009,12,778956,437053,8608,33.,5525920,340967,1.06576086610840801088905798271749863921494366169371600407639799932773318509469108624034520444985172218708396395780237886880375811258501466960000,8
openmeetings,2013,12,4430,4759,48,2,2164210,-329,0.9998480045867,6
gutenprint,2006,12,23925,18984,281,2.,120147,4941,1.044840729656675464052654800490117222451256094758862823561291713123051966640938348113947429260481320456933571497555284025129927502960358551859200,7
xchataqua,2010,12,4642714,10998232,420,2.,3191602,-1524318,0.2305733809163508929198625574385386484311082480325604658750316854832000000,8
lunar-linux,2005,12,17077,12015,491,6.,17288,1199,1.074522966001327188094373117093302812739097038373952859307004246251160648287346269324244341010153935404817994527816021753075513480261787648000,3
koha,2010,12,356032,51357,1456,19.5,652543,149495,1.297178400457949526142908671438805696197959350547393610899392788148345738907821870890256024208538391795304553946077916168630929717644800000,11
cyanogenmod,2009,12,30247339,12195378,58838,147.5,9264282,4628263,1.99832701291582370143579368371023708693361993294751645086022057996126608990026961784034778342294994926309317092964230077664523627200,1
exult,2002,12,90494,38438,1138,7.,154559,52056,1.50784855082438994909523832875861863599434170524325717815711960794134451576014108794230898372232605012353361754834800068053643517952000000,2
valgrind,2011,12,87711,45355,993,4.,473981,42356,1.0984258738480630722300639166925980056882524376172699260096421243543593636710403568280347032524254323170263492510213789432337618635610366860800,9
nagiosplug,2007,12,35771,29079,312,4.,72917,6692,1.1010494526231419830339004359731001961449520464563599961335895452748347309731906616485916433439395042314541620761174852560670648488659952000000,5
sonata,2007,12,22482,11187,1119,1.,25698,11295,1.78421162259405782359226947374468285524189140369155009439833833867128117473259922168113864598077487080276244509267432183263300000000,1
jaxb,2007,12,13075,18345,311,2.,293729,-5270,0.98224327721028790473852936754739623172097495859790098422702735583989930392900053440461107860279330261429214850238514915808101685710176835383669879865344,3
GraphicsMagick,2003,12,299376,186257,1594,3.,455871,100139,1.281501242512235577889224845059924342655912412726448690276110573172612319011301769311773766227804588867202821879684824848836873905261888,5
thrift,2011,12,39850,9447,540,3.5,131967,30403,1.29934819426903114478954288308130846529207495489484059113199235760566264058070841906745824186674494308850630564075317499897123208828277200,5
blazeblogger,2009,12,4057,2196,237,1,3250,1861,2.33981281493727089300641256788725285073621701141340853452281844262115061130633579022166260779146337637268450000,0
scipy,2012,12,420619,399562,1285,13.,675344,75777,1.126386208702181956074336124170039326903391526162107656719271488354227715285300608057300854655306298308128735804211220583761813012443812823492240000,11
lfs,2004,12,144940,141907,2363,9.5,95902,3033,1.050228537447214547989512094170900477345118868385646398187010953204890753794605837922148113608577507942879320964587028635753036800,3
wget,2007,12,28372,16642,221,1.,43998,7014,1.18964957824669321772151877882670672604740084674779325334690688255438261723084050619411348000000000,7
neverball,2004,12,41530,30788,62,1.,17913,10742,2.4979779668254585309041416358250323602331952973150220239403083545318036800000000,1
tinymce,2012,12,18131,10635,639,5.,54368,4955,1.1002772549693167953747880123680534939091694595054872923102095213337014982112755980790544502325037638158980242588829653108680355360320000,6
conemu-maximus5,2012,12,153838,94192,552,1.,190247,59646,1.456704006894586872260256825792075681495811472612029154631667309929104807617646625051045547492721375741376029042436040690869129216000,1
opensub,2007,12,0,0,0,0,3266,0,1.00000000000,0
hudson,2008,12,68655,19309,2206,7.5,110738,49330,1.803315528988900911312167894193117994167394957683774512399593548131741038317004017783523806515255086751634487099689496264639921333920,2
sane,1997,12,0,0,0,0.,163,0,1.000000000000,3
DownThemAll,2009,12,5744,4121,254,1.,21919,1623,1.07996649586587124554740755180566902454036925356891352755507435230357290873408104470310450922826262817082004596489876699325954329530243153920000,3
jetspeed2,2011,12,8365,3559,160,2.,286482,4806,1.01707343066784678876804709981380276717766119372290838774029245717335785004419643968706864054885844401513915599040000,3
qjackctl,2007,12,10100,7501,198,1.,13166,2599,1.24595438629895530173191985644835299405468846711169701871768436994515241318461153888127894254887104568000000000,4
glade,2001,12,8194,3510,123,4.5,10623,4684,1.788684963868137890846582729083059845207661181761305517944411904000,0
axis-java,2004,12,40535,29651,649,5.5,171993,10884,1.069488160080792069787515099341329925208492099637951733740015776562487578930248603438555981980243410444147852386199710045395985800626176000,3
buildroot,2008,12,15531,9963,932,5.,61960,5568,1.098737409565512509508917412771285235521424165785327362119798589887539944619635351281890310977379907005380552509794512307483944560027317953331200,6
wings3d,2008,12,34924,17562,321,2.,227272,17362,1.0827116383158473614210475233715837357924624506536502007815814609472182751736124584332347956400616843005530762044851918406654425539651944150489600,7
lirc,2002,12,4043,2041,167,2.,31864,2002,1.0670641833079954842658417467902362831237358875794405009535624126647945200192295017781971656783790975017155438139188118627953675224572800000000,3
gtk-doc,2004,12,1268,224,32,1.,2296,1044,1.83386581468573189978044702760546394617461787756176450558310463530617357252695567968942080000000,6
gitosis,2008,12,206,29,7,0.,2734,177,1.06922174423367066417154396778269622493018866400000000,1
xvid,2010,12,3897,1233,61,1.,67371,2664,1.04117019796730234821582584144343146630632930524085691748090613808104081450774082638784000000,8
scribite,2010,12,116970,117208,121,1.,29081,-136,0.9953227636960748143498133410880781413792574361032722089468541358471085495207205651872064000000,2
defender,2007,12,238,48,16,0.,7316,190,1.02666292449813170905940242478758508000000000,3
openbravo,2013,12,637142,99482,918,21,10609359,224832,1.021650673164023803811230344694244340,6
tcpdf,2012,12,1161,581,98,1.,50709,580,1.01157014901543928631277384307826287132393875969838210471385020962935862494217800186880000000,3
htop,2011,12,57628,65850,83,1.,64190,-8222,0.48969712016068162320453676135144715147844835457877283762961118321883962187500000000,5
unison,2011,12,896,279,15,0.,57300,617,1.010885097825141295341673353032612935111600752106164000000000,6
ubuntu,2007,12,807126,840530,2827,20.,1061900,5207,1.0068283241492795331999809654967973921715593671402562166424091496620856639887666406308907007520419214935068265326928133392395143577045729280,11
syslinux,1999,12,4110,1135,44,0.,6504,2975,1.84301501836277061608316463237979046657985920000000000,1
flac,2007,12,21147,8415,394,1.,85498,12732,1.1752777433619470499995192804528651165275227958488077723285457975644139874716583914550666458864043700148833067309523600955111239680,6
krusader,2010,12,10536,8683,376,2.,61799,1853,1.031206318729924591369735327120774642043538974088283507255322293651238927159681727603031895652427638390144625945482894384212423608282927192827770634240,8
jhbuild,2012,12,42268,12937,1003,19.,89413,24262,1.3734109028702542304996407648145178215165988572763444657938614815209048689405590801013388625945237954051012798300720537600,11
chatzilla,2003,12,12325,7312,99,3.,20565,5013,1.32233796307385459339033775119989764875497984313357011586105462427218498944607351106006612609718069802310488931187890289915148078678787139635200,4
strawberry-perl,2007,12,423,1192,6,1.,1043,-769,0.26199616118541985211712,0
vegastrike,2006,12,323706,483811,533,4.,1442645,-160105,0.88897518488689899326797333614248319548298883473770371528267677627626728818803521317588783110936815316821803098097421771473212038457771266438843834368,5
dom4j,2007,12,0,0,0,0.,73530,0,1.000000000000,6
roundcube,2009,12,37170,21369,1680,4.,115156,15801,1.159822385869596569753599239536480552160970642966443784872105185874204510723813614618331384388068247504676640359865699838242033507656064000,4
datamapper,2010,12,25988,36716,441,4.,76033,-10808,0.83572470811196411173944815441458030426453744908390038802468319645057735497909363301941469213892474329241552509630179560958217420800,2
fvwm,2004,12,17641,13283,180,3.,172385,4358,1.02593630785533189728602249484501836768663017126137316439449977066357422999402456950793384269336505646879992855031535497617470427501901821207605411840,6
coq,2007,12,91110,46383,772,10.5,304677,44727,1.1720600115441607083424102767353620486570811202450305848894697079865923190356823911140358876327195913106171863396943034287481369541122275328000,8
sqlite-ruby,2007,12,0,0,0,0.,6473,0,1.000000000000,3
fretsonfire,2011,12,0,0,0,0.,18978,0,1.000000000000,4
zenoss,2012,12,620739,1619068,229,1.,2170929,-998329,0.540137213170547664926752154259898814869379509302405837841326056710748895091007886523586236025834145624797882298304143348051060000,8
websvn,2012,12,77,79,14,0.,58943,-2,0.9999660700652704090299604780097565244950000000000,8
x,1999,12,12114,2167,6,2,28710,9947,1.5301391036,0
jaxb,2013,12,100,129,5,1.5,289683,-29,0.99989987294222946260340162,9
alsa,2011,12,6179,1449,177,3.5,298476,4696,1.01598475048924848694634934628191151406720860892066432338453110118388000676171602039836154573716375966123520565044249928549981600000,13
piwigo,2005,12,22330,16213,503,1.5,23758,6117,1.4038690083401044628220899276055605510727623549230513757644241178192634155009654775796203784981026395987520493362290897450256218193920,2
ledger,2004,12,91214,65862,890,1.,29892,25352,6.5841409682322398151467350311261577454423846893533888385470674183472224318755557578666428621500000,1
IrrlichtEngine,2013,12,26562,15589,65,3,1040992,10973,1.0106532015400309860734457782184398556,7
fundroid,2012,12,27969,16399,650,4.5,71368,11570,1.1934847319191928103408006783125989377003013197258228562568313534448218676956652219616941484966415959759019363673660301219942328576000000,4
adblock-plus,2011,12,65429,70811,508,2.,35660,-1511,0.959350030940652187763695970722568210264349116485641502082330558212473756117808847177875999232932182988591896829019417789112883200,5
Macfusion,2010,12,0,0,0,0.,8499,0,1.000000000000,3
openkomodo,2009,12,266902,90525,1339,3.,1304831,176377,1.156299680815302615302120454238971170014286925020798524621650638595883902967257473669034813713725662455041575074006249920806851161978233834700800,2
jslint,2012,12,1208,1208,68,1.,6907,0,0.9999999999947564481920821762236027393852563270953899520629638234437043205065898426924205809812422716738879867914161347948901767260235508612055040,2
bluecloth,2006,12,0,0,0,0.,3451,0,1.000000000000,2
dotproject,2001,12,9,9,6,0.5,23103,0,1.00,0
taskwarrior,2010,12,42725,24130,788,3.,36367,16368,1.8184409221065593443474015834398886246701738820484352354879211090544723890151913852361503671263682592831090062931287984223129404160000,2
portableapps,2009,12,164503,235111,1059,1.,49611,-13294,0.415288529125485343294229878032744631156730388407719823442891957648135369992305312495933088884134860666502302976073386978474700800,2
tonatiuh,2010,12,25357,5728,171,2.,24243,19629,5.254226267364842465491710712006685472537858932768067015162787795159769571666713908828158436808899279496989918901993637929529369600000,1
wammu,2013,12,4,3,3,1,11464,1,1.0000872371979400,9
getk2,2011,12,65614,55030,1632,2.,36672,10584,1.405703771846464582923218113210029370382593963269630994096593737624468964491527725063138679265875034725583626013690055579555840000,2
SPIP-Zone,2007,12,1674122,1330129,17562,44.5,1364609,343993,1.3370444907664033655039892598507732413751766035707656783441324585354541357868933603293594586731020526838512893973846584362316016015360,2
pysqlite,2005,12,6821,2818,131,1.,5656,3998,3.4113389626436771387034360610334058059768786348700466159514506941961668960000000,1
dokuwiki,2012,12,129202,96817,1726,12.,88364,9441,1.119622923604982422991488924177200042835473496291421359070148894405851937214715341656346113259638576872022141773630675905914467018247684096000,7
taskcoach,2009,12,72496,21424,484,2.,111292,51072,1.8480903355471836361748149553392259738883079631715387932355246166081268625022313055803740997771402724283631974646042526873466431406080,4
xmlunit,2004,12,67,33,2,0.,8939,34,1.00381807973000000000000,3
Pcsx2,2008,12,13574,3207,26,0.5,273580,10367,1.039386352491069617008093987164657280377064815348842287432537502105194851893760000000,1
jboss-transactions,2010,12,134449,116811,613,4.,388594,17638,1.048682605305678851689932188774604116702536739529818529349720861422432650831114131982775807904273944773697607610459310891990838039007232000,4
webrat,2012,12,36,0,2,0.,8835,18,1.00204151071800000000000,4
xdebug,2005,12,1568,395,62,1.,16972,1173,1.0742452053898146797341466612024522160268427098123806762160246626624090455898812776091001477776620314726067002040911591538291985498112000,3
eclipse-cs,2011,12,476,410,48,0.5,59780,66,1.00110530546615117683913936592578191430282186864990458816685134933587820821341664000000,8
nagios,2002,12,91452,13554,331,1.,86721,77898,12.96038691741957099560646804742643666005890242148774525588709517376878843413949359369673336020205849992254490453090100629126518374400,1
ldc,2008,12,1065873,857600,2077,2.,592923,207568,2.22448883288668803045591614269942082920480941964288564648914384977688650375237002587829216790323834667885616163066514691072000,1
ufraw,2005,12,7134,5746,144,2.,15652,1388,1.09730790802031444936973774835159309218911288705975889858199028650500,0
paste,2010,12,8309,197,46,0.,48142,8096,1.2021675073546664409695773807163251147020855752916376852359840000000,5
ctags,2008,12,10392,624,87,1.,41195,9768,1.3108155407198160838052199328983348842178584716317684915475222822635811620855906836044452750069067677917454046991818289280000,7
cyrus-imap,1993,12,33415,4395,310,1,39010,29020,3.904904904616469748119643140160,0
feedparser,2006,12,6290,701,113,1.,134979,5589,1.043194991893795994916519575195527825743172260112811689149969067492953903401769116544000000,2
beautifulsoup,2008,12,600,471,25,0.,1920,129,1.072026800667775552458371498532873336824269984000000000,1
nlog,2007,12,6,4,4,0.,69118,1,1.0000144682205500000000000,3
YoctoProject,2006,12,235872,181250,306,2.,166458,54622,2.127063387856257142989732487839891078794608159001892041627167890912633590967614484365235860522632816987241067895392985733829181440000,1
openredalert,2012,12,0,0,0,0.,35249,0,1.000000000000,4
amfphp,2007,12,0,0,0,0.,6251,0,1.000000000000,4
xfce,2003,12,540320,317873,1894,3.5,322809,222447,3.2164464637999692444099086342753000386523264737289517894532743836085117004482863978471455314230806579892766224869013328431014622365497600,1
gedit,2000,12,57748,54503,480,4.,23537,3245,1.18088071344626193197699203670964244115036468154486729835693228000820488212689469056267112816122052863262656971610133489277749759345103500000000,2
libpng,1997,12,40495,25263,28,0.,87759,15232,1.2100183379674379118560000000000,2
cppunit,2000,12,0,0,0,0.,7642,0,1.00,0
cinelerra,2009,12,405406,134440,23,0.,722717,135488,1.23072430003909022153953378565284852008000000000,6
fusionforge,2011,12,129711,160759,4777,7.5,533149,-35179,0.933927712878996074400345328273572491691461468891179448119014210437691105293034609242229948270506627023151156412505985189405244451546031063040,10
gendarme,2013,12,79,30,6,1,83932,49,1.0005841469666334042102542790,10
silverstripe,2007,12,69438,57423,2417,10,68445,12015,1.21291866033874426769929818799248568833729194715955200,0
ISTool,2011,12,0,0,0,0.,30780,0,1.000000000000,4
blackbox,2004,12,15014,8242,342,1.,29302,6772,1.3005770084345202240947197943038071327050895370167299146724855333757833062453655685247846515101577254532096000,3
openjpa,2011,12,22380,10073,312,5.,484598,12307,1.02605808706803744591801335634436144394138702264295791554967481411563290826159709405710918582807980961658156031874326806732924526441232217228288000,5
hippositetoolkit,2010,12,807300,662835,1475,3.5,216398,144465,3.137024600239305370622776835126324850673050406241916069125237905573103150079762117676384663100463691079782691584909762445808058598400,2
zsnes,2001,12,25581,18202,829,4.,120374,7379,1.066327493690845084127219994437580849782268861096032600980110179295488754007757349738301388712000,0
postfixadmin,2009,12,692530,36645,607,3.,801728,655885,5.4971990421050493497540763987517468361209166738641159577077136524562379771420361177947539945189671588824703795383919978397342773291461600000,2
gedit,2007,12,21026,16013,314,4.,76349,5013,1.07027307390442895100842086181423946491143037449164048553829681249046401113804636694761640133818532781829342478563314899980748976436954283026400000,9
gate,2011,12,36807,19233,553,7.5,631855,17574,1.02860905676313585883266621692589912451681374961299014637296762113327817616000785003505464467485909473300473206340317772868260825842687104783947768800000,12
dwr,2004,12,1839,559,26,1,2959,1280,1.7623585468,0
degrafa,2013,12,0,0,0,0,50538,0,1.000,5
musicbrainz-server,2003,12,91834,51040,2223,2.,99196,40794,1.698503475858218300082982363654985179444837926987916181883798926228084313356950493658276642098546511407181460617863616727763115076800,3
yum,2006,12,26544,25364,1444,5.,47836,1180,1.025321888406139770742355918666656014921524676171754871941957351176152133661862851834546790529974803703661956133940060714526550351081408000,4
smolder,2012,12,0,0,0,0.,9769,0,1.000000000000,6
ntpd,1999,12,0,0,0,0.,133,0,1.000000000000,4
swig,2013,12,7076,6739,130,2,572760,265,1.0004628974585409589940571791542847622120,14
dwr,2010,12,4518,3333,226,1.5,162982,1185,1.007323992410807277488387580279392340246696520827579506514093696697827088744402083729851845806271218671501909913698900171084853936929341440000,6
camino,2012,12,636,224,78,1.,203764,412,1.002026043510769605044037043115322257560438848040526845419979228137685088537985203988263428971107200579464609576568052626647208771780608000,10
dvdrip,2001,12,1118,240,69,1,5420,878,1.1933069133,0
mpc,2002,12,893,490,23,2,4142,403,1.107782829631864335885085712394380447424316406250,0
kompozer,2007,12,6911,173761,92,0,2973061,-166850,0.943870968824112027924475000,0
jackson,2013,12,507,19,18,1,90579,488,1.0054167452910190675828996360213104108,5
scriptaculous,2013,12,0,0,0,0,28444,0,1.000,8
qemu,2011,12,333920,154435,5091,57.,600656,86246,1.1676600377360379615005447385418007310936064757761387044762691849176265275398570701515460964216538985435004731499665685807390590562402304,8
authlogic,2010,12,200,68,17,0.5,4397,24,1.005488223187741257777393597618405227400862260375000000000,2
konqueror,2011,12,46986,36607,699,9.5,108863,10316,1.10910052348153312249855270209856086676671252955886450411495730125973617825521604838274868760130094477373650110320788884240318946725425315840,14
open-xchange,2013,12,83,23,5,0,922987,60,1.0000650105588000,6
gtksourceview,2008,12,6352,16378,138,2.5,48989,-10026,0.78346507706195197403608108736445130051223853406647726467705385769889401835810374607099499224429255145327975163420876800,6
wsdl4j,2009,12,76,1,5,0.,14608,75,1.00516066882300000000000,8
giggle,2009,12,16716,13198,239,0.5,24677,3556,1.169156122158274441241532763963281089205073362325313970050320000000,2
perlbal,2013,12,0,0,0,0,11706,0,1.000,9
zope,1997,12,57524,22251,899,3.,45979,35273,4.568696883793727780038070032699745690714771602748683292917604457889483300777456156928820702690093811216513614788318276290560000,1
fife,2008,12,416470,315600,949,5.,232958,100840,1.7632570883071949539959229929483640593112712386272558638990544043878736368176290325291293018186442147550756710543673881518409391820739727360,4
grass_gis,2007,12,383740,235732,7688,14.5,1200644,148008,1.141266211332338602664731494066553956372950797763931619134183515492302380279911054665140201970091784913701364317396931918505470636883307724800,7
w3m,2008,12,0,0,0,0.,83307,0,1.000000000000,7
lm-sensors,2007,12,9223,7183,312,2.,76592,2040,1.02736345101702576440079345598096853695967052543711676235080974367011302260436713883729433117873827329926611514316901437268435240363107705585982400,9
R-project_,2011,12,82761,51591,2342,7.,676758,31170,1.048281566575492671365168288539891667414159526735521871662127292305960548205621419393438655240827288410886544421576104013054089182835712882614988800,14
eclipse-gmp,2013,12,104403,58133,113,1,535237,23673,1.04627573481021227217707040,8
vim-ruby,2012,12,734,889,77,2.,2483,-108,0.956504228781797102862704519885969729514738259360426227016078370511506638825843842774388656538331111565409154777088000,9
spring_net,2006,12,200207,175607,859,4.,266537,24600,1.121569732047105266524336804714485645589395430479977639503215806631692800434752139153327798551931606567774499576435687481415357184278528,2
glade,2010,12,46381,52795,322,3.,61514,-3683,0.9399056896243255389266438490368068230223310466037985886773438560641706431419180746114571293803648000000,9
freshmeat_aspectj,2013,12,853,92,25,1,669572,761,1.0011378401372400491274557154475090478115,10
springmodules,2008,12,439607,3960,77,0.,2525158,435647,1.2084923218395449454104341583703846389721541686858000000000,3
netty,2009,12,60272,32119,1190,1.,55331,28153,2.0358746043231919618361638626737573650318139572072409976142805065452153273961309258166679450354217308743198332612902456861206872796160,1
comix,2008,12,7026,3736,151,1.,5673,3290,2.38061267299129946650571839747388185853619215875195882841682132608304776564528936217600000,2
banshee,2011,12,23174,15986,719,9.,292534,6517,1.0229235331154026819142495149440317109961012796297840675781329072612868100891175050699574506583597588885208761911440935096203643432412881727221760,6
xinetd,2007,12,379,119,7,0.,31536,260,1.008313083514136212110813480000000000,4
tonatiuh,2009,12,121,364,10,2,4614,-243,0.94996911674,0
xom,2006,12,898,439,79,1.,80872,459,1.0057080322837693962876678169674590977183967197611448165188580565924997885707937675000319220327648440374602915984635920000,3
libcurl,2011,12,19939,13316,876,12.,104071,6591,1.067613869505322308947908578040914514876954974923801753654594935652998677746691898279037152493201652420346642378880780628544433054727841247040000,11
swi-prolog,2008,12,191249,467586,2578,4.,1099334,-283836,0.73172527537705833280125575019459361588643354090207701131342313182644401037968062398266277493541447232899715614018658267229915490524115946040000000,16
brlcad,2003,12,385659,389455,394,3.,1045243,-3796,0.996335231689301596459983903677184994856729495096363954666831790469418250245288933142997944774019535406999523261409152871096826363130898653973928638784,19
cherrypy,2006,12,31120,28493,975,3.,12981,474,1.0394934177075514735435138748254672417193265684994419337367636031459136821576057523475961708523009626472338785633412249424127306342400,2
MINA,2012,12,2358,1915,21,0,6928,443,1.0683114880507258630586714140268400000000,6
fltk,2001,12,200459,111464,1287,3.,323740,88995,1.379113506174397044663445363682517440128901030591109742673703238362726905277563460226281045661334563335378355956740593730714475510699252000000,3
jmol,2002,12,79817,54865,668,2.,74776,24952,1.5008028259617579371930315362404796662517352530584167227999268431521992722919495422616006295902080179783573090644494460401668000,3
sdl_image,2007,12,6382,6315,30,0.,18652,67,1.0036050578424680036610381396012994470000000000,7
aros,1998,12,117637,39173,938,7.,235093,78464,1.500954484836119599990060824636002235706486539762686407070208386855302637964347770333672364724425284582501840912632678794945306592000000,2
atl,2004,12,0,0,0,0,123731,0,1.0,0
commons-beanutils,2007,12,61,63,12,0,33269,-2,0.99993987313234139373788333000,0
spamassassin,2009,12,10900,5685,367,3.,79594,5215,1.070113876233174290722699403369953008157477081308770869017703066030137057310492305261359022456099685513732118263230776117675660606811563739206400,5
scummvm,2005,12,171815,105130,4109,11.5,349345,66685,1.2359194792311959906064805534602698151260937220525821138072679842714125338503489673619958890024409395214864860038731306370436018949120000,4
jaxb,2005,12,251479,38743,2356,4.,287206,212736,3.8566671141294725922573227851120299626336638904277756081428190978646069435236101201528219587408259283369114999724321612508362733219932470424657920,1
GCstar,2013,12,82,46,1,0,110223,36,1.000326717307800,8
gedit,2001,12,34574,27374,141,3.,28385,7200,1.339863110682095266300157392401751555673363958261755769611467442082532104653138612408401768437039455159775707252736000,3
magnolia,2007,12,488875,468979,6549,8.,554111,23201,1.0458003663859199200505423624025434549843815457574935688287370979211757510025525147586587405096184286390314998652718624852089097025455202560,3
giggle,2012,12,1232,386,41,1.,25637,846,1.03412528740266495959492199815632125335505804240384288204618470000000000,5
jython,2003,12,7236,5866,148,2.,147690,1370,1.00936303991295677795454865085073358399123791436174830744899876573157898322257446156000000000,5
binutils,2003,12,290070,111993,2465,23.,1387155,178077,1.1472833018182292519042006844701404606605577092283470267454402667908514268387481869455948337571930436666871765828399299528187258679959904512000,4
lyx,2004,12,128823,67989,978,7.,272810,60834,1.28698531909019175820224651282449599210882678319996223803663673304018830705275192225395352789849284436430527190894934181098800080828104704000,5
sogo,2008,12,79552,51309,1832,2.5,162190,25663,1.187970145093834373957304527437037655231805604955115081249925062898680637190682508782911051989654479890684951885609454192076204851200000,4
coq,1999,12,39760,11976,298,2.,35642,27784,4.5357597353322586251185620216971174418464,0
openobex,2010,12,5862,4842,113,1.,12595,1020,1.08812095032597795231023461073422491015905991064772130401628935662386780850775934141934070059050189409011890096873625600000000,10
biojava,2008,12,10128,3236,159,2.,186486,6892,1.038375446838014040928726905695401747119799297889123084983043360670502526801368623335735956296608905863277011226922998932572961344664883200,8
flex,2011,12,0,0,0,0.,50822,0,1.000000000000,24
aros,1997,12,164324,51165,2147,7.,156629,113159,3.603151598749111159640375257373810141422507742458094798739661762530366473972268400764547032692401051030253682775119852312149911680,1
railo,2012,12,9443,3542,78,1.,476370,4666,1.0098917965500,3
MbUnit,2010,12,607655,325541,724,4.,1805868,282114,1.1851440586861515105686651907443147492779505181664766135216196228663247277996700100831781743253409610147537945279029099426585424184852295707520000,5
svg-edit,2011,12,18004,12922,165,2.,45630,5082,1.12533602975525828546978317179332546915905506035465907413045720985919104818745793386854400000,2
freebsd-ports,2013,12,62316,46976,4299,115,1422462,15340,1.010921453109099785379178710045275814,19
kompozer,2013,12,0,0,0,0,3971865,0,1.000,6
lame,2006,12,19674,25153,166,2.,119107,-5479,0.9539715209908136523335655344793596336177411554806719896590417125269287816722361319440977251840233665075508439883093773685484010137423360000,7
dompdf,2012,12,71513,69462,136,1.,36407,2041,1.05980426629363062811920900467660725379802274928107322687817496808802916906488288095869449331584000000,7
topcased,2004,12,160437,94702,883,3.5,179511,65735,1.5777580509151676770725833604159168799941945048573966359984556480,0
actiongame,2005,12,11729,3506,54,1.,75207,8223,1.1227606592611681004852046474589971167247807229200,0
wxperl,2010,12,5821,7470,157,1.,54570,-1649,0.9689605842675742115508772197289836830297107709035426934317099778182529436357579134673540105585381196779215684477150848320000,9
xmonad,2011,12,28,27,16,1.,2065,1,1.00048449612361464744828863442617686147989562094149011666012672000000000,4
chandler,2006,12,347334,231185,2847,15.,231828,116149,2.0040629672308093982971595015971448786375014584027341938598364655350095758079193062412182419145112816207318684508664814398295244800000,4
sudo,2010,12,121221,111464,1431,1.,76535,5926,1.083926978148206149573556911555693904151021069746875684808571664547884913640128743273606887809945585349847649157256843458857590417379045109120,17
netbeans,2002,12,266932,57904,3206,40.,407668,209028,2.0522956101673892195570555113631557023970557932487928398007829508804691397196003932940006890265428792403564299742790160984268000000,3
PeerGuardian,2012,12,0,0,0,0.,115940,0,1.000000000000,7
phpexcel,2011,12,1859,1071,212,1.,197422,788,1.004007445304663348338872705843973357564236923639885364459417317321533679556370333214341266849489063539881587305447802704496000000000,1
TrinityCore2,2008,12,379324,280914,1802,11.,1258940,96630,1.0831361684942397513264,0
rrdtool,2009,12,4259,3259,215,1.,31493,1000,1.032794411828546391750979084952205473473079128176177679734912284329604933194282935905947942870386508698214179650967818503861070653440000,8
m0d,2011,12,130034,127428,183,1.,182974,2466,1.04218413194737933894261303221652536803391288550629903626904651296605033165307427249192960000,1
warmux,2009,12,36833,70714,787,4.,100406,-33881,0.66256000642346212028554112101109997828953324128723186298185903124811634644421719638952287093707873563847070916750148505511120000000,4
pygtk,2000,12,49301,20521,135,1.,51124,28780,2.2880415325610956607792003302113447431704693362010769573259991521148624000787993454684119058709650000000,1
kompare,2010,12,268,260,18,1.,9341,8,1.0008571734701777617787585677772511551062372639822893047412315360000000,5
bash,2009,12,46783,18367,12,0.,179850,28416,1.1876461032011795875310000000000,13
pld-linux,2002,12,73564,55125,1247,26.5,297487,18439,1.06632542947832739984247477957985609169573046141746366299619484820198258606357744884463015121198303455946256054352538115970395719114468750000,3
drupal-ecommerce,2008,12,13191,10514,568,1.,29372,2677,1.10028095148950055002081086168060850493559035705443702254745509859838511577707741850400000,4
ddd,2002,12,0,0,0,0.,166806,0,1.000000000000,7
libidn,2006,12,5179,3192,176,1.,41658,1987,1.050181836541873731212561437594034807179355441190423562836921892043086272391480972158981135972896363589253077047941338851833267061968543878884843520,4
nano,2007,12,985,816,134,1.,17157,169,1.00994819872842361944828419857433642158413844297080527211772759719346583859091740823961544619741790323376480091228781914163200000,7
lighttpd,2009,12,42045,23828,699,2.,73424,18217,1.329976271121031315682446482464626865702045267198900161322052851274242127307812303588667418509272737827020716031535383377490893595264000,4
b2cs,2005,12,12110,4330,363,1.,8964,7780,7.57094594602542740909209185333351740171278428132930898802101939598880205548047333480290369057860911400000,0
spamassassin,2008,12,6009,3515,267,3.,74379,2494,1.034694303401136580434144978690961895223041409678280092593353940212839665100610119061800169713490825126036726588788683312464251613009920,4
docbook,2011,12,13900,2043,219,4.,1359017,11857,1.008801478666415953615257101925809916924720826777189510955199423846570754382636961776653731534309986695595839783073350021632238535046156050872320000,11
jax-ws,2006,12,35774,25860,778,4.5,143750,9914,1.0760439358085824011264128540068128048079263958236414201299979101663330438127027100043666262353126922185676232097745859873431256015642298208000,1
worldforge,2003,12,330791,216277,4884,16.,1273030,114514,1.09991379671044624776690716663243081629437501882321801589282081684318033517127180259796219956481573956550317086911943847782486410897110272000,5
naev,2007,12,32715,8533,489,1,24979,23825,21.645580588868040468552307788986112097933513009998975519169992000124353020141856000,0
cdt,2012,12,246743,69367,1278,14.5,1394759,175264,1.14371850642489633919111649216124718484482493824184866458347991839161566334158437222047375757323689956422637500221711445060217664031305884970000,10
proftpd,2004,12,97796,17387,680,1.,218865,80409,1.580754896831298697915517012826408668399371870628285737625284839983266942529540953963625076157226264269294723854870861814341227028733233254400,6
genshi,2009,12,3903,2607,56,0.5,16276,1296,1.0865153538027968234093736767200051714086088752596541858030000000000,3
vpnc,2007,12,4996,3182,178,1.,7641,1814,1.3113094217154329891121771498559051515579502463948262945960050298623081214168512825998328127791385600000000,3
linux,2006,12,11026244,7067927,33046,447.,9611606,494279,1.05421314821241222462606576082279594908303691935742174712688607033873079454919690052680315259701812101054216503937250525349783440645695549095622332800,4
clip,2009,12,16800,7005,139,1.,16052,9795,2.5656969308197363802630947452344116027633703416400007056681941282682844974038709954336402733696249480465600000,1
gobo-eiffel,2011,12,89654,71680,88,1.,1939626,10526,1.00545643045957192435226939987803116084511886368053124798115869638332415914730935535507248075979421070379801180526205897196502235383350000,14
freshmeat_batik,2011,12,359,314,18,0.,223875,45,1.000201045436245106030283391743089322151175977271467000000000,6
qt,2012,12,86929,72098,1229,35.5,3145336,14255,1.004552740730550045008756893278921987055751253624547517840980567000785667359161997265626077037129118209762869445612677615457353069786107440242519809238092800,4
gimp,2002,12,155857,216718,1251,7.,678325,-60861,0.91014120856409558361610104023578613516306126145999217240770344648830036913637087254754350231094904731621642417149090741394158253104795691967488000,5
atomikframework,2010,12,17663,14293,118,1.,22777,3370,1.173944461637843485761675235037098761048316393236589784441876433567822036353284542868342568938830142464000000,3
terminal,2003,12,440,137,34,1.,6034,303,1.0528703542093043200115888585249087056868614778190875947169454486263468478014966504287845138432000000,1
epiphany,2003,12,90389,80545,1707,11.,62426,9844,1.1892531000907296695965285615165036480627842337508933659464464697101933494161350772335284020538684572289052507240686230492984113080320,0
chandler,2005,12,202087,168498,3597,17.,115679,33589,1.409172859035783279583930417828916083728249102256300961022533929806472436496258261439894616543456238364242633034028621807795106816000,3
fwbuilder,2010,12,364716,231443,1621,3.,678883,133273,1.24490609724311397670298888060069324579316953986377963019027500559279455485576202987432757987576530063351388654306857006065998992733056000,10
nlog,2004,12,28818,17882,138,1.,14213,5468,1.62527158371747261685353382042349862180896559,0
cdexos,2008,12,38,7,6,0.,307583,31,1.0001007959630039344828016280000000000,8
perlbal,2005,12,5569,2228,181,1.,6990,3341,1.91559331318288241035537369214261588054744085786305558847763915375346047403191254712817526900373271550818453491440000,1
db4o,2013,12,0,0,0,0,1006201,0,1.000,8
tramp,2010,12,6936,7435,118,1.,15525,-499,0.96676877996852786743492372253876323399239314752347788069949641170590847159847670640621731304807312350671388499643187775004059300370648295168000,12
tortoisehg,2013,12,5431,3177,415,6,49373,1785,1.0375094561612790475782846196673778,6
wxwidgets,2009,12,322731,548592,3736,12.,1920710,-225861,0.880014407076987707927167114728370681809259062971935880388055828294775758939498082666382025222710979154666996418020698355914550808422400000000,11
autoconf,1995,12,2701,1287,107,2.5,11624,1414,1.138491674833790231520799921156333246075718495261071112789851474553430995047034539249124052494989781169955135103155200000,3
lastfm,2013,12,0,0,0,0,7171112,0,1.000,7
tigasexmpp,2009,12,37972,11338,692,2.,65135,26634,1.69177423958569364401682633383539395244105743451654248211647572704122813009335723455403319714331431679574559559794591392601318464880640,4
Syllable,2007,12,75512,21001,504,4.,2638595,54511,1.0210949024874938087574885004125559022704176400567499696061525571127242084775189819946766412653354165522202086162071264319398230456372867376449985228000,5
flashrom,2003,12,4,4,1,0.5,1672,0,1.00,0
greenshot,2010,12,6940,2595,109,1,39128,4345,1.1249173446822657637902000,0
latex,2009,12,13260,13072,246,3.,35594,188,1.00683139537328309802636554462673269175807994964275543858945125832924785218513468287716724325170633356213765360002474517582095543925362196480,12
systemtap,2005,12,68141,40332,720,4.5,37087,27809,3.9973054543542314238602539126156573044048982275097169276991155981968369432842802786820087644522765022208,0
gconf,2003,12,4222,2762,76,3.,35267,1460,1.0431863223545263597102298810661341112655693574698921589541963019292140034689178545687930565728096346109936942423157383558144000000,4
icewm,2004,12,4425,3244,194,1.,121960,1181,1.00979221597686079198430408533929480210133611353286988596014383183499781090662099156288090019828930220193280262999429031727996952449902452822005469593600,4
wrms,2001,12,3918,2227,209,1.,7558,1691,1.2882222600814273143427987638239113323889176115431993226675359410419138742529987673358098510429735308984928459008000,1
glibc,1996,12,135600,57141,1518,6.,211568,73769,1.535337701992410667537585611445497969294434753725215324372831307138871088058720251076615788041017375317886693246028472553145549700000,7
gstreamer,2006,12,266224,102460,4582,26.5,554787,162525,1.4143276687560080707593378307265307866106681221156441174846593480934094484418172533696537191456400436188452804918639932885368832000000,6
sdl_ttf,2007,12,6219,6124,18,0.,16457,95,1.005806136169393552878644963930585970410000000000,6
nethack,1998,12,0,0,0,0.,159887,0,1.000000000000,13
exist,2005,12,122163,51327,1397,5.,231957,70836,1.4396447390559324929002234351706496933766451875534459193524255504009421284687657784769036360818049213000897863538035967600192552960000,2
mdadm,2010,12,9294,3117,349,3.5,31564,5092,1.1923541855517079051507273632965561441119127651076801334980815282219104312335945663274903618881501693054949636236654017446348185600,9
otserv,2002,12,319,58,4,0.,3981,261,1.0701612903235479548421000000,0
pyopengl,2003,12,15742,5002,62,1.,164233,10740,1.0699706175549909900582428771959167754349524371308693433749790654447180800000000,4
heimdal,2010,12,88876,56604,840,5.,340329,29440,1.0980075569587779115721846163625408953850722597584113157917928031728790480268596203121942979949457268924378205532431257949460069384335067690487296,18
symfony,2009,12,268082,258328,5720,6.,537114,9754,1.01911518299048662410225908815285125366991228258585514667918499988716628257463717419772754908189993692217618759035415844684063246122433239040,4
supervisor,2011,12,24538,24168,84,2.,25676,106,1.00414548298852049031675734003107830166575104807582920840180799734920144157881891698598746195225163275704596471349752097305600000,5
osg,2008,12,120547,40777,1484,1.,432659,79770,1.226048417493343168898723303706810859796076899744697246021256504825324402584473753889025198212388262711675602410809890426585460576458752000,7
samba,2008,12,2738855,1600326,10005,24,1268941,1157636,4706.83739846673745871297830531053535596532459174936793798357059848000000,0
sparse,2008,12,1814,1515,55,0.5,25666,299,1.01223604517065842237802140023603316482914327560062757181295589685264320000000000,5
cocoon,2012,12,353517,217935,539,2.5,1450095,135582,1.1031423804898245435914881338025844053159414103882701049721182971655189384629650791058529988321093738518441284404830683438289782707284417358146838819520000,13
gallery,2012,12,111,21,7,0.,343242,90,1.000262274444000000000000,10
protobuf,2009,12,36180,20233,186,1.,81303,15947,1.2440020809071040226051135298510491454383869389004724213582136171142149775295252754530614194574016850431940851671668451902333047831279089745920000,1
clojure,2009,12,32599,13071,498,6.,42186,9938,1.30817415037741935255973668363797490448187255316425318384332865094001585171707465436219376117429663228012621715624277770240000,3
curl,2008,12,38227,19898,1499,6.,124108,18329,1.17447217621004401763263234983059225548026154864261716418674838241880424894897172317596121572167630647522081282187419039941271759101204000,8
mako,2012,12,4065,1887,84,1.,11500,1481,1.14781914362583127238629614016422700451884485560913470473394968864192474728295372721766019704379779805920000,6
Bombus,2011,12,0,0,0,0.,19073,0,1.000000000000,6
nethack,1990,12,18941,10169,16,0.,75670,8772,1.13112499626693886244520000000000,5
staruml,2006,12,0,0,0,0.,1517505,0,1.0000,0
asterisk,2011,12,347531,239900,1819,19.,843646,107631,1.14623479140667592529487377341340374309507096075181431581607907266897321750001710292722181584100001028182899993494819562172667219002311628800,12
ntpd,2000,12,0,0,0,0.,133,0,1.000000000000,5
lemonldap-ng,2013,12,3469,1173,78,3,133525,2296,1.01749613271611523237816519287556096,6
kolab,2006,12,6450,5864,216,3.,130233,586,1.0045340946894459652993959005235499908362534391802806745117556932490354652465900261851229244911509770878863826785310315873570912494511825984000,4
spidermonkey,2006,12,364986,42388,1467,11.,755459,322598,1.7452692665924675984141764145615562431989265379905552011684391956356570353135495581236015882293508648140266859982386687029867658932034964403200,8
curl,2013,12,107811,102806,461,12,163754,5005,1.03152775765400139799516718011023949,13
ci-cms,2012,12,0,0,0,0.,83717,0,1.000000000000,4
fuse,2013,12,577,601,37,1,28352,-34,0.9987976518844380820555890,12
mercurial,2008,12,39028,21942,1499,20.5,37684,8528,1.29249554122351357181242741097814922583140107200909713599926398897346178807830605929552875862246778060111954079792041002025794787930280640000,3
brasero,2008,12,64206,42276,752,2.5,96711,21930,1.2932563084237877291316302603647109159690909596581267519731730520913287192772825764806204082088769826115443964231548786921815950129627136000,2
tonatiuh,2013,12,515,46,6,1,32652,469,1.0145729111603451054530250,4
rekonq,2011,12,16033,10884,500,7.,24192,4857,1.251202482554786683626595558964691404258578434825559298619168442051156251939431902816160993110586153512586713869237759866176930108451827200,2
vdrift,2005,12,18087,27388,301,2,47849,-9301,0.784084314092140580165745118469886149970511167297862400,0
jfire,2004,12,85109,27596,593,3,61150,57513,16.8133076730627812247784361635688677395007840539308666285641355659474817157601161519042744000,0
grass_gis,2001,12,59900,9694,350,1.5,379512,50206,1.15249336338239833862283950819429006707826847741126257701355709530930119680000000000,1
ghc,2007,12,47594,99906,1963,11.,214003,-52312,0.757708251320520483170726385261975356700228746758869898160851907142782597937177736263581584996680718005405714283369986946728385329375068160,11
equinox,2012,12,67123,63089,1439,21.5,1922227,1299,1.000679941669270436282935037545638732047576071205298476649492817663890018738802858041734903208030416298376348060112236358295618506411918314008226037760,11
sib,2008,12,2420,489,24,0.5,3649,1931,2.123981373679759217595790586544986508602400000,1
ccache,2012,12,10756,1980,310,1.5,38952,8153,1.2647163868946595454180148259223584117526038532114713552213261804031023068045932977572543288653975336318849299608285660968378000155426236006400,10
mevenide2,2006,12,31949,9509,375,1.,38366,22440,2.55047329505918448861587834231265915213879406651526195623509381518278079112108842588021244545912317311334252370210968305377280000,2
picocontainer,2007,12,905266,556795,1249,3.,731706,348471,1.9092880348562380974918736781468431425832856544114039789583951230094085015419839774637884852321871096196147009828820662610317853696000,4
pypy,2011,12,4353810,2617951,10550,18.5,708992,175847,1.3298295960322238295119709662157052398021548086790480470312657148289271778774654742212235306177319836608513064960000,8
ganglia,2010,12,12398,10758,237,2.,317092,1640,1.005198889212763287366253678449022774820542716042758939498772917264949100980592032908104838490677400590358336760671741969355210752000000,8
qsampler,2012,12,195,93,9,0.,16728,102,1.006134969324998217632812720000000000,8
ghostscript,2011,12,748472,369084,1477,9.,4265729,345690,1.08848141836628462436875146837040718015203974158957584814197440894929273361123748438769674691258055568357362396895818606683972127764657078984738078720,13
mercurialeclipse,2006,12,4441,1575,109,1.,4426,2830,2.773182957458614997341438644208474402887188348049726505588114141498241082369400978289294271262868413135896256661011649174875468800,1
vaadin,2008,12,1166852,970259,6490,15.,2924745,196593,1.0742302397450454259529774136361504222398631566972050426675073990659190247828826256242727737171224678501912476523536423450387315368321215704600,2
nixos,2006,12,6709,6427,359,1.,2128,1446,3.12023460420155724399761383212818635638025721457365216815329382351767006137032204340814739198648015422420480000,2
squid,2013,12,8212,6110,344,8,747930,1410,1.001888763864186477583750480534423452480,17
b2evolution,2012,12,94515,37073,10,0.,263725,57442,1.278462112700000000000,9
cygwin,2011,12,34430,27895,709,4.,1568726,6535,1.004183227275440800609843931868547116196021332494740304542139818507743033529167090072179772589658496800524682204023730653504191424716520091539734369311011200,11
kdelibs,1997,12,52704,22346,786,9.5,50301,30358,2.5222383793181552218150047398521164564776521054768540986631558784525596165747084416000,0
god,2009,12,507,381,59,1.,12284,136,1.01123317089544757443726663123288334022013060997316206234880000000000,2
camino,2008,12,44437,12717,449,2.5,95055,31720,1.500828925541948171027726387601826915105437978224658559188658302962957627226805575531691336078574522798700828907339365635791036465391001600000,6
YoctoProject,2008,12,2840902,986076,792,3.,1971618,1850318,16.28152822053317703081934398362614912500516725306233576595692605250430513130908703811819015622594386618395546360774624766908198066958157808000,3
xchm,2010,12,2740,2928,24,0.,22400,-188,0.9914300040980721356572860375000000000000,7
vdrift,2011,12,268920,57940,176,1.5,390411,210980,2.1758280344745832353933868857812531129235469653031939953822385043685105168263827705608361568968800618746668032000,6
kupu,2008,12,1779,912,159,2.,30691,867,1.0290705472107978778147732654435095617043378450794314074081119625906197934733474732754366830828742518041025499202872632217840701183891351042314854400,5
TrinityCore2,2013,12,494162,376698,1908,37,2221964,80269,1.03747919288065509835262059436081340,5
template-toolkit,2006,12,4894,11867,111,0.5,57563,-6973,0.89057841380414123938790401337892131936884167600000000,6
dbunit,2010,12,51202,49880,80,1.,49957,1322,1.02718207052822812935261902990240487745702618533872677518040622486979818957923829630384958103819647564967139199190368348799359216480411378000,8
grub,2012,12,122310,43907,945,4.5,246329,10584,1.0448959680958146960148108382973244514079242696122515269457599026345744688956597354052780629677791309600372681247279858216000000,9
MooTools,2008,12,18723,20668,169,3.,11898,-3099,0.736457181726158776570282121319130634299070645977879407078367086374400,0
firestarter,2012,12,0,0,0,0.,11472,0,1.000000000000,12
dragonplayer,2010,12,1149,362,18,0.5,5020,787,1.190372520575871826170957656946203542721093102679326799640800000000,3
gtg,2010,12,485784,63112,1767,6.,215304,197359,11.9979938703197919122388247934251162966319417549235431361203549955077019077908159459560268374136563205460743237632000000,2
binutils,2010,12,210413,92102,2416,24.5,2318468,118311,1.05377388977543278795737289753782207554922263544298587455908574835391068405337360187836246824043654625528616708908777389628647377795291840000000,11
mc,2009,12,236404,268666,3718,8.5,201026,-18182,0.910605241160953466718470605223834233489725611895105536168198013133838883903359555267582721391779017292504433455860303457993916370909813760,12
PeerGuardian,2005,12,84134,21077,456,1.,115940,63057,2.1923869674635204891253696059131317342944143167481843767833445131511681776250000,0
osCommerce,2011,12,25217,58200,529,1.,224831,-32983,0.8510723799820849107409530181407639270575019855463117960136366357148590371367030167482798864970713600000,6
celestia,2010,12,14058,5321,90,1.,240522,8737,1.037694415081684032955829215989939266114494904046813953832244987674861097582530534906374565945853288634843575310558023397553734400000,9
mythtv,2013,12,25229,17526,239,14,2179685,7693,1.00354190991512133164950871350708111620,11
linuxdcpp,2009,12,29374,10009,102,2.,62054,19622,1.46243401211336563021543212595900780973445566283529235643901183654975392990194427691928031272686362225107986497161981798400,4
terminal,2004,12,0,0,0,0.,6034,0,1.000000000000,2
commons-jexl,2005,12,118,93,33,1.,10708,25,1.002340823970340389595313712869249701807390014310707200000000,3
PyDev,2010,12,92315,31218,619,1.,478555,43805,1.1007590569322104877175929171370393103061898332675490527055555262485797160705160942626543607727398028132135527939071728619880572047217956379456000,7
cython,2013,12,6200,2990,364,7,63520,2592,1.0425420168032961083266480776967784,6
geany,2009,12,92836,67395,1270,3.5,131806,11475,1.0953619599215423989235275750793975665772224447855495740238206056112304016698288470502865497683686818601249030992178232482081300684387596800000,4
evince,2012,12,5608,7911,266,5.,73707,-2303,0.96846587796985830091338301013029026636603950533137887225884498013427744846925038865684209080205957090399710359151202950495581370327213124468925593600,13
jenkins,2008,12,1416200,881926,11603,24.5,1100651,534274,1.9433186729458171149253603250303205084772894091435782648698350848838084239617903431973297648598944776247313011522222955839364996800,4
scribite,2008,12,199041,342514,120,1,340492,-143473,0.5785412138172421524013624976253164241422250024878794794348438303680229732000,0
bogofilter,2004,12,14623,9776,1083,2.,39717,4847,1.13900200747332741380994702429967721858168990892709974414243570344263523908147465330946998427017220889307438948140899736745084644991440000,2
openkore,2004,12,88101,47295,1350,4.5,52460,40806,4.5014587277301433804082736497447029681298205037922005754333909478906874531879981974619326061923588302759885104592943087675930624000,1
quodlibet,2005,12,85387,76923,2012,2.,42448,8464,1.6865114769624719013834088336416101977107270013115421278476252836252085243590222792881287468069503344539481649224803017734198016,1
go,1981,12,0,0,0,0.,3,0,1.000000000000,9
sparse,2012,12,1597,69,28,1.,28066,1460,1.0548748402584719467919253544060674916551488027873191545569200000000,9
iptables,2001,12,6254,912,185,3.5,18616,5342,1.402440861840351249804790772981342715833674501010907064775408006971631999186298401885430148796537466215630727588930258634327724280000,1
cdash,2007,12,16636,1918,516,3.5,19447,14718,4.1122858958201308752,0
cogito,2007,12,7,6,2,0.,6648,1,1.000150443809200000000000,2
stepmania,2012,12,0,0,0,0.,333454,0,1.000000000000,11
enblend,2007,12,57174,10848,92,1.,120342,46272,1.624706358829417729654079564991146680708563899580692486400000000,3
spree,2013,12,7917,3591,218,17.5,65013,4326,1.0712838004886796940282,5
privoxy,2010,12,2174,1475,122,1.,94918,699,1.0074188857876783596923165299494304244914027332348892600098041922769306698575320284545526004299722712486762967449784385023519732980608150155500093297667276800,9
valgrind,2012,12,98559,28947,1196,6.,542302,69612,1.147267765345585995543436173818006951092712469605942709044409130999317862745615913670454149082716361609626306579742734429831885985225314344960,10
unison,2005,12,9468,10942,137,2.,34116,-1474,0.956507627391252252021525769477664347736332585054575472264961880346140150967174045393604423859134400000,0
banshee,2006,12,101791,51656,933,5.,102607,50135,1.982076395674394282731913474532762781638071587946892693859264371279707311749750957266808413340896559174185563215271643605753036800000,1
tracks,2013,12,4222,2655,144,4,17624,974,1.058498498499045173403066705581307,8
jquerysheet,2011,12,24741,23968,141,1.,18097,773,1.06872332860239947853332033154206300846470056766129745275762083231871343606773447235947000692693279750000,1
gpodder,2009,12,34942,28700,602,5.5,21244,6242,1.4160778562639990390606535508908677220164603036790255276813128522145090574306270920450867150206968134140373802323462020192839332003840,4
FluxBB,2013,12,14,15,10,1,5085,-1,0.9998033818325,1
processhacker,2010,12,221507,91710,1468,1.,429476,129797,1.433120105151648595519645524130845676731449807812435868306759797230045878276950974994968176645173793520951485805327366841795597251379200,2
tiled-qt,2009,12,16517,7416,263,1.,13219,9101,3.210053423900703367484901059075162511030322260797962571009290933328018255262490134365157397986136633798938049014000000,1
dbix-class,2005,12,5918,3655,247,5,5204,1704,1.4868571428519697176671702156338872360,0
e2fsprogs,2009,12,18357,15427,318,4.5,119124,7034,1.062753144794128924098022422518507141512687523547009576599956584766844388042354174070397421613785446587549352530774620422591605702656000,12
django-rosetta,2011,12,375,191,20,0.,1887,184,1.1080446271234512933536978031522033254765556342000000000,3
gnucash,2007,12,97446,255876,1066,5.,905539,-158430,0.824680994212219633443735168337753214951141559775728738440034491857561556583289475093897531666666025679961721062741913800361579356818530257487360,10
libssh2,2009,12,10177,7107,266,2.5,21634,3070,1.16537384184226321532196231897191919596751190307639808003910296252965823894770732294194202450150931386929468504932449224982524157694397440000,4
gwibber,2009,12,16593,10230,484,3.5,11344,3705,1.53103052892984811787693390272423637330458457930036350564126268357542846555945499325646750501670826543254431675896288215040,2
glazedlists,2013,12,266,248,8,1,65557,18,1.0002746456308131116893705520,10
twiki,2012,12,95077,7450,615,2.5,1925153,87627,1.047687488506549132507233665989686056784755176081452466871481885750686900865765548937848769362189611063344449368676120670756050803124749725717551675134272000,12
vdrift,2006,12,42786,28219,350,4.5,51222,14567,1.43128256758500763442254870244647952424364606946588869680512320635059036271612022786845622437751599762736777808128060416000000,1
ispcp,2008,12,302915,230554,894,3.,535916,72361,1.1561001391504231579905668215714438838484475544037135202277814832265731720405316150610891551822769217760398533239739244807448056660909757621698560,2
tsung,2009,12,4449,2716,114,1.,31573,1733,1.058076407505548568206546276740634523184973077329542484822160980432524468789056910270272212549534717067756836202648476192000,8
semantic-forms,2013,12,961,402,163,5,22973,502,1.02233990476393770109424687098881104,6
sinatra,2007,12,10201,10527,363,1,3675,-326,0.8756674294487395453709257681818,0
rtorrent,2005,12,11668,5439,276,1,7335,6229,6.6320072339122434520193443032569415827134979563442291999773847573391474687890539348815765648442039040719587422953768500,0
aspell,2004,12,32853,25808,437,1.,26919,7045,1.3555387332922523455803500611156848715948895448450707824892538333406949640128964709524495009761990601972482552517794388432873236327856000000,3
pciutils,2004,12,1951,350,36,0.,6047,1601,1.360098965316893850849642519755676542465808000000000,6
reportlab,2009,12,10937,6053,419,2.5,163237,4884,1.03088129291654278139291832198245218097352322103804434079198722511374952463082149229967020499849646588487631499701760490341926304889108824475238400,9
automake,2011,12,133803,88699,2074,2.5,84816,22855,1.36886105777340938654943253046675103130623736651986929596476856346928612882785839329894730568932580190303232792898260145251742874569748192,19
arbit,2013,12,0,0,0,0,114968,0,1.000,5
worldforge,2013,12,13777,4346,312,2,1615378,9073,1.005648366904238443498287143521380314760,15
kcachegrind,2005,12,31359,7041,52,1.,113993,24318,1.271182282520891234110535328949034183935167981788364425904478013805451968000000000,3
wxglade,2012,12,23236,10160,272,1.,42572,13076,1.44331434769311368750349390072153320454571451610851107539268506376720410561911507564464104018331512196175980142328981340590082953305088000000,10
pywikipediabot,2008,12,21555,12443,1240,13.5,79063,9112,1.130262612411443779037953880818707853174151704456043625148664319841338946870922646786724494013980238675497599728490069638290835017657633830400,5
dcplusplus,2007,12,3642177,373976,352,1.,4466104,3268201,3.72826848249366262204493154154477132915689488284129411428994673972345466084069286908937332258609543535190767446836261273856000,6
openrc,2010,12,235,80,32,2.,13386,155,1.0117149119488202093787966694341330435351728364308143582519037690421777671325794766959928000000,3
systemd,2012,12,220341,160840,2886,19.5,147892,61018,1.7023735525222793142155274006203408082166455965511905621852601447015769833053679492975269124093108764809527535016436915347682898076160,3
nix,2007,12,5326,2373,218,1.5,28446,2953,1.115835719608796237458224688353275051811725954406692471953892103837968630149637058909917296397529030275760833140849999873420422479554798848000,4
OpenDS,2007,12,608205,336571,2574,18.,589659,271634,1.854127820061576719559445133253841555024190654289323469324912482627940743448636771811680465716351995998339187449944463314845121107200,1
otwarchive,2008,12,180174,157098,1809,9,24483,23076,17.4008528770684879177627547674522725127139318557681821498545573098059044533160545920000,0
rproject,2000,12,145307,92809,2572,9.,235482,52498,1.28767918986725415571229756595632468634629579120771906535530122004652484206382198619373054241468135780243155113624683857689457453244416000,3
evas,2009,12,34504,20364,604,7.,115579,14140,1.139394118641629150926243581145022936588096816006066547873229212958421789406092249167292538536022112435507434035867430780999368548592640000000,7
hibernate-entitymanager,2008,12,124531,1459,58,1.,139399,123072,8.53794328428898119813034745964488601791195922126248041211287137401553728672991000000000,3
stripes,2011,12,283,112,31,0.,34253,171,1.00501731119017541333698624936958963088675869514716624934738786720000000,6
tkabber,2011,12,269,100,12,0.,49259,169,1.003442656345329330114865685250594370630079834968997780617790766840000000,9
degrafa,2012,12,0,0,0,0.,50538,0,1.000000000000,4
freeorion,2005,12,22941,48821,359,2.,48011,-25880,0.649754367866169397853842625069629335589609563856115075476802411145607084642502741446377013111207028123747263472456075907633657883634688000,2
venkman,2003,12,5003,7191,86,2.,65945,-2188,0.965115352116227832682090082864490075168394521292189890012663038311356378639071183182678729728000000,5
vuze,2010,12,11698,6947,448,0.,968429,4751,1.0049323169013450159329782933793702124103731891194400000000,7
kdevelop,2000,12,88428,88254,517,6.,63881,174,1.00287209281588772794856894819950566773663041368841994820166455850578178317573995494146091665867486202180231133285331548135087358811200,1
aion-galaxy-emu,2011,12,75123,20149,160,1.5,1500201,54974,1.03803831509200581941552174313317660203603091937,0
DownThemAll,2012,12,19669,5845,327,1.,36849,13824,1.6003908794981670904950487264685900594400023637209271841748878713036928671179882022589037719956168250580772775858833110421146369252440727129088000,6
hgsubversion,2009,12,14858,11033,354,3.5,7111,2887,1.683475378690812381680172199506100686374453146636457271243521058128569832093778892178068237666033760309217628177341735321681257054208,1
tremulous,2008,12,46301,25134,118,2.,194844,21167,1.121926914135969552673940217674410953909156679622821460387326422149438102236873528470084179371813241107081006571833419310967176682941608835417923615252480,8
cherokee,2011,12,39652,10126,865,2.,142491,29415,1.260134776623669547053665529252041604486812981494122276517341016581163719894421867183764467785039958465449017947015358166879328640000,5
devhelp,2001,12,4044,3334,107,4,8530,710,1.090792838880267720426931076400804178054115328602159820800,0
gftp,2012,12,0,0,0,0,26525,0,1.0000000,10
android-scripting,2010,12,0,0,0,0.,1670314,0,1.000000000000,1
SPIP,2002,12,29179,21504,2573,3.,25176,7675,1.43854636876592060607168743210584754307426860651173575957348905765754865182139509223460584102430153387865405000,0
eiffelstudio,1998,12,320544,188671,3473,8.,656886,131873,1.251180446962098546091897317076993806539121602866217470762505531990274250078109156731327400109079740812372661296613884902899951907966464000,5
sapphire,2012,12,109618,67036,897,3.,159223,31099,1.2427257968837224398082540213194506304363116162235884121980566942898135818418375048124846710077130443308524923682571126530891128995840,2
inspector,2008,12,333,197,56,2.5,11068,136,1.0124736311066684763196952103923263133620290170920529932907672515740635343670119433008839640997622381612718361741716819402921000000,7
apc,2001,12,18450,2915,213,1.,18309,15535,6.600216294449696596369257007758435743825436316394605415086498885244561518816604987386427456177971767269362975205250221010888000,0
pyopengl,2008,12,74281,109218,134,1.,319018,-34937,0.890134874629959355058741085339838495412628117983606265304489120553437075052211075394624972589429115735821422219776000,9
nedit,2003,12,36228,11122,219,3.5,96215,25106,1.3530636066119121090915853029158246487752025088600008106553069073893632651781442607106402768625447704393579738455568661645484183680000,3
apc,2005,12,3833,2540,248,1.5,6278,1293,1.2668730650147786473759935854808219416147510911278529454518621178700292416590561729737714976001380843520000,4
ruby,2013,12,8895,5456,824,24,909066,3439,1.0037973691153332608220194059025429982,15
go,2012,12,483792,334650,4966,47.5,708136,173421,1.324324172693582818387297905823761351407781622583116722811759863797290620048225685281595228507640091284897726420855132524353765831475200,40
worldforge,1999,12,427433,154399,1535,9.,412871,273034,2.952516143463721416926975209185716533215782698496117655405059118566314275543551762404715264580503301120000,1
gwt-ext,2013,12,0,0,0,0,56107,0,1.000,6
geronimo,2006,12,82565,58718,889,13.5,214132,23847,1.125322542504622019272875675268088322173592000,0
kamailio,2006,12,70303,24434,756,6.,166004,45869,1.38181212798076779836906782334754918245056437977653344192831545574460856478133534050477760576016191941276523258373954259603534615186036000,1
gstreamer,2008,12,396249,195500,5600,36.5,905333,186639,1.259691885544241680461847114568695433710491241788529631126709906919351948723172957188451390079055180025369948882904314775432745728691200,8
diffutils,2008,12,47,6,3,0.,11646,41,1.00353295993100000000000,16
aspirerfid,2011,12,60300,47771,102,0.5,264965,12529,1.04963238206935881725673931463469553065380108793485056750959360000000,3
enna,2008,12,32311,20398,743,3.,16639,10566,2.73983204353603424346754868861661520891613043464557862444033043081500240036940993810180,0
tryton,2009,12,94069,50194,2757,5.,145381,42243,1.4095774593842025338791337696017150955138687617480507624962941366039763873363164423031450963837748928637250846697876343779268835536000,1
qtwitter,2013,12,0,0,0,0,34140,0,1.000,5
Ace3,2009,12,2828,895,176,2.,14824,1933,1.14994957722509512243060571787484742757868200308243334788844076395942878435042571762506075070411267036991994986442496000,2
kvirc,2012,12,488669,507937,291,4.,1591735,-19268,0.9878331087428779753428364280873627103851459289946131646924254159655197415905160181634886462356767108102086455487997102009540062398262721571373056000,5
bluebox,2010,12,1497629,418661,2245,5.,394714,108974,1.38137467625154441125429743217059644171312597381498108655019853070227854262798372000,0
Snowball_Stemming_Algorithms,2011,12,45,26,9,0.,22453,19,1.0008469665225691697232713900607532882959548238284854908975581609400000000,10
axis2,2012,12,55047,29544,423,3.5,447833,25503,1.0603864276837234131865490319680642182566650845441199847165124798977785902911937602235654604629115742388106523263798822082535814784000,8
system-config-printer,2010,12,208004,238373,1500,2.5,145205,-25420,0.82452022639122001467043807528534684239258230676299679044958626486743937192927709456088047399195609427897763798484445488459402908467200000,3
eiffelstudio,2011,12,332626,221402,2752,7.,5699326,111224,1.01990371686223458945851020119261517206722734733383326827102980627407370707416511542962862006936534264523674822071326038942947608698184934201335972000,18
processing,2013,12,1682,404,37,0,573903,1278,1.00223182711200,12
Rhythmbox,2013,12,5573,6607,36,2,134390,-1034,0.992305746133874549635397929438648238784,11
dokuwiki,2006,12,23623,13004,1489,9.5,43450,10619,1.323828982663446027677327595537204648813786134620591998751997220870692153949296472985179198358707041938602094134790307906757618401280000,1
asdf,2010,12,0,0,0,0.,2036,0,1.000000000000,9
vtk,2003,12,315264,127908,2379,16.,680553,175412,1.347253539065085345427445178283286234749342198308954546543815788237728394303082063787766357574541559517215592565410415758541619673354993664000,9
aros,2011,12,3233132,1877986,5781,12.5,6437694,1355146,1.2673333169149087631716658705467391085706201925259997941335868017425961639458199477819905423819653431944111911941009546431308768182524858368000,15
gaforflash,2008,12,177961,63516,298,2.5,124371,114445,12.529820672967105780666061747624086418123000006252480,0
dspam,2010,12,8534,1655,175,1.,48401,6879,1.165671210438806023815816022710638292819900976800105534312442181050403292340597720537962243799091217433920000000,6
bricolage,2007,12,11396,4788,132,2.,127691,6,1.0000469906410300000000000,6
nsis,2004,12,498761,16056,570,3.,852776,482705,2.304357812511360893071344054804302165047650687106342603341935048798516879160971733305160182412043034143684460983334788078893570946842192000000,2
twiki,2003,12,171003,25982,1031,4.5,186328,145021,4.510809306821142959523726548986648382609208446699389981819684369321610501437397780120927600657271132699108858955782380172153919278950400,3
ipcop,2004,12,21804,9313,415,0.5,88466,12491,1.16440934518122035610896245709058318866832215089651013023495806756000000000,3
libdmtx,2009,12,21886,15488,633,1.,20471,6398,1.4560228082827309192780069104841957018312543340268437907723365761509626311002995612956180347094191636957215049500076080144640000,4
kmobiletools,2009,12,82,95,15,0.,59947,-13,0.999783188792536581401051520000000000,5
ISTool,2012,12,0,0,0,0.,30780,0,1.000000000000,5
lutece,2007,12,692145,356835,4977,11.5,577805,335310,2.382750159744965860251318123076434282373379795265230351811263206955951426230179323848918301639804575155213312000000,1
cassandra,2012,12,138566,75713,2491,9.,170970,42490,1.330712951437177100972555457524085590298619877784711339843019535940000195351750375766209712736497242174505411474175093203105325950156800,3
mootools-more,2009,12,123145,48560,1180,7.,18576,13168,12.6222418353410100002100931879261847100037185896178005433510409846185395956864429332019810542379105162955768827921335782400,1
pymvpa,2012,12,48115,21003,866,4.,112375,11002,1.1085298846870702130301289808055136037686207007219554809048999509378909420915035851399643299797926799166151281391362088183326997520055283200000,5
debhelper,2004,12,219,65,40,1.,2858,154,1.05695266272258675482008891091821911098757020012216364459787783717870131688702925697930640327680000,5
tt-rss,2006,12,22163,13454,1482,1.,17216,8709,2.05346558601093366444374776978592759315569353345808583979725438310702097878826956693744843938177845047745546372221948331491520080000,1
openafs,2006,12,400485,97773,797,11.,1282491,302712,1.3245649586287759468043725865405741053338117551918217844406370533412450329906125855732913086698060291122165142124455278545236968135753210781696,6
kdesvn,2012,12,1485,2811,42,0.,45118,-1326,0.97061039939832240063741186183164121750000000000,7
slime,2009,12,10433,6939,536,4.,39317,3494,1.097581410933391121334959052852746770153972275410327437420468294434510465213144909303293259069293927207968946721498341785857738645107009280,6
horde,2012,12,483029,369757,12512,6.,1140970,32521,1.02936486437439075680398747009151565812863811410200725349555854178146339810544639530533597453103611879306699482629650548326400,14
liquibase,2007,12,99255,62719,579,2.,45690,36536,4.9912606515250545789725899895179391059921531260831971475961126663085795843423082492965298996000,0
geeqie,2004,12,0,0,0,0.,11111,0,1.000000000000,4
util-linux-ng,2013,12,8593,5143,277,10,101047,3431,1.03519154828754921894786080253723182,6
celery,2013,12,3476,1889,187,7,97342,855,1.008861297376856024064142630670317560,4
gitosis,2012,12,0,0,0,0,2757,0,1.000,5
love,2010,12,74220,64260,482,3.,303245,8279,1.0280676416976195689126256368456938173738874050451299993852482962783241688611159397409795118132156433263485990565713442432979433830265659274289821920000000,3
gv,2008,12,4244,7670,174,0.,32832,-3426,0.89415799070610117976317467901323434854203149718986560000000000,4
pdepend,2010,12,930561,1179774,3088,1.,49711,29276,2.43264007795753364955380363032689310975074028836803138274455369377839525135193222412342644652169345024000,2
eiffelstudio,1997,12,99018,54678,1249,5.,525013,44340,1.092245663890186949009262997351475572274931674878149375371118887061957327014671152010378084320870890800518526958151405404852613017501930632750080,4
gconf,2001,12,4295,4613,147,4.,28751,-318,0.9888861706219497631218462373892211354326484667992773963404070507962032681873543372184784500776885580965043175142518614569923362607999887815475200,2
datamapper,2009,12,130820,103925,3018,7.5,65792,26770,1.686023268831099747289970718667287869939571448676207028949265729599652543102191269552259485364940192938382371111442155689659796860160,1
MacPorts,2004,12,161349,19966,1226,13.,341414,141383,1.7068054451043003506050319305492270445193658028255762537331168401013039744365021149786946649005457463990020158071433150241665575824000000,2
egroupware,2002,12,125098,60120,3082,5.,241118,64978,1.36889973884442781884279574938660639419377967606153271430650479565033209262841693510255994730265258347538123592271327009894887553771110400,2
mootools-more,2010,12,44062,42920,1294,7.,15362,1061,1.07419061604130021291634992892417033547721632263574851775145108868308431414745987061287180408607254416908539769720788992000,2
freemarker,2000,12,12120,1352,40,1.,22286,10768,1.93488452857362053160318354563411010766086447155114370023106000745136402620058349639276607090139579473920000,0
chandler,2007,12,215189,180109,2907,14.,277373,35080,1.15131908138716453658402072090773036497504551771032167136927499537072676512750283108620997110094600423174122716225528968599079920689612800,5
rakudo,2008,12,8755,4055,552,7.,5949,4700,4.763010408452826770342509171399589941368748481906402075345831731134462744181031173123452300712976874797186034755433259117510656,2
freeradius,2004,12,144332,49029,718,5.,233398,94967,1.686024084216525356278340932254821549564553873726944286308960274513899238053352629122181119517389822991458807851322071171882293178003787776000,5
rome,2008,12,75899,439,56,1.,969984,75460,1.084357714261903990723618454882145091040798869429987584621464491354077155628549411781593979270458118095900000000,4
PyDev,2013,12,0,0,0,0,671604,0,1.000,10
iat,2009,12,4752,7994,59,0.5,10232,-3242,0.65289079224134335997003038612385222613576720000,0
konqueror,2000,12,64613,46232,2379,18.5,37140,18381,1.97984967218190547467134292303731977726742886962230797884027101714009027174007453948158822934800122186603880399308786289410048000,3
x,2012,12,310427,343286,4320,35.5,2277949,8818,1.0039550830286075708534305303211413113011874373534378760618391073003659923931453440711063754379743685758425313360973281487449590363225422526237276160,13
mcrypt,2003,12,149104,25758,94,1.,148544,123346,5.89507103676614630442626594167159041187579465073068981171220028553483484690400000000,3
macvim,2004,12,21583,9879,123,1.,349854,11704,1.034611858645148759031242638016469086325439296000,0
exim,2008,12,1205,11797,53,1.5,89029,-10592,0.89367703600958707785342788438177236773478596485004280351016216220121020470297948021956883335385447775701859840000000000,4
libvorbis,1999,12,21950,11190,198,1,23310,10760,1.85737051801640898065260820026240512042240,0
claws-mail,2001,12,72873,30848,952,6.5,101950,42025,1.7012932833582267041957339380503407469832635907749461382080871058021607158199427792960,0
bcfg2,2010,12,30022,35125,463,4.,29510,-2047,0.927248818233894928326629679947797637185057709793118122802631760041033380421864174656958302041241333770144393049947106414906567065600,7
kdiff3,2012,12,1879,1316,25,0.,54113,563,1.010513538748653884663849764739083193951310236399104000000000,10
growl,2010,12,1145145,566901,1121,2.,1529071,488670,1.469693896826378741456250114330660234627196759371128819454582854241608204454495281299979387431148401109500162282545492546146219511059034615704623862887104000,6
gendarme,2008,12,104299,45751,1454,4.,61515,58548,20.733063701506326787284107657221439271215993956957927442144723229119489266185815720328577198643339820519399918363625463407006080000,5
sitracker,2007,12,165203,130990,2764,2.5,106800,34213,1.47133784288314587246978620257043763448324769171619542742333197787884709387091748572325083500000,1
scilab,2001,12,155505,40968,813,4.,704986,114537,1.1939828842163177532884461388106316681404377948389660439919715171945663391658258993390773766720,0
ampache,2009,12,198166,10987,666,2.5,267624,187179,3.339386591518581098354018855847855276852880924945787244076971857009606496547589382556582281484485662091449232964372320502829056164952672369803264,4
osCommerce,2007,12,93888,38279,664,1.,198933,55609,1.387995032247973358881191911205271607262512647983675897082846616337580623618393510761815971940444736095407773577653621096448000,2
pypy,2009,12,1501341,2272528,6206,10.5,659753,-171299,0.738851182413325352596913662960057032317030919845860897602256826292933195135948607267362840112204700522425084487783704009038494496765542400,6
opensips,2005,12,14939,5821,331,5.5,120135,9118,1.08213156543532092915648871923162447703933000711606117264131905880750,0
commons-collections,2007,12,4033,1717,86,1.,165189,2316,1.0142196680847190391652128810926808175834519326458152581700895600991199643482333292374089000000,6
krusader,2006,12,13944,7901,304,4.5,68701,6043,1.096444189092780872698168927171517328483407898938423279026590236801930501603450435100294463729760815930024970446944466345564410654824755200000,4
ajdt,2006,12,97756,75921,527,2.,298283,21835,1.0795510022623612519020489812379377401699866951015059348249901548781156260474091340660026919490750863512146967357084718290893424794302995750000,2
dwarftherapist,2009,12,66434,42116,704,2,41800,24318,2.391030774596225355627588477018378022138860,0
axel,2010,12,65,64,5,0.,2661,1,1.000375939849600000000000,2
widelands,2009,12,112947,95748,1016,3.,97538,17199,1.214080334587536424391046487368322211907676404353821589198254690742120298776838015380958954987282845825668512346214864264257062064619520000,7
librsvg,2005,12,30584,31722,512,4.,39790,-1138,0.9699275936802540479632021054723878612909398117421250402589516170350056633265402680526505049805575601597659411919566799975027621120000,4
oofem,2013,12,53088,49213,394,8,227112,3971,1.0178981101303219212179921990110800,6
xchm,2011,12,117,75,14,0.,21797,42,1.00193112327014861313071220000000000,8
freeswitch,2005,12,265402,111362,292,2,210313,154040,3.737369609,0
xfs,2003,12,138060,136664,621,6.5,106719,1396,1.013941597112941440552462779145575642868317667870571689659887473445422453571634497189787122282644686311842095055957768636323951788513378560000,10
postgis,2004,12,124898,114110,836,2.,145378,10788,1.1428041936219821998838157036849821193488153504891415701125223243314155863714525261546895720823728139028892353024301695268997826150400,3
qt-creator,2011,12,996286,641916,6782,32.,1185396,236306,1.24898165612208344928227023492512817953225728900086564147974611392680567556882604130744572461022229128172874420493460013638284083200000,2
nagiosplug,2011,12,938,302,39,1.,108081,2,1.000018508407456812268514089129458054308633059289387042050665034460257542951033833436880379604000000,9
couchdb,2012,12,33072,28962,246,6.5,86590,4110,1.04983026188611195607037093066402117131127042631905292925392383837238493087482400377556635005702182815613485313777199876423169333267801063967250000,4
xchat,2011,12,3182,3099,24,0.,63634,83,1.0013070660300370832355567153715017683184036359713268662623255840000000000,9
sox,2000,12,6163,3106,74,1.,27383,3057,1.125668009541405147602157066103096099256584548043976697684901633431360136129179796034445278403948492195067184078806832969179080000,1
arquillian,2010,12,167011,108114,1395,4.5,60967,55907,14.35890083533196758275241185651246150203367889556370271087388951138362547470246874856080288527443953021233782154268886177484800,9
inspector,2005,12,472,278,57,3.,12379,194,1.015921214608064315925449724465285783249999376969914576656583410223994454190400690727166270077023718063785073859185550705587614458195890688000,4
equinox,2008,12,699954,299831,7106,29.5,1246456,375901,1.43179465970364528398871194346253759170010895364649973195000942481652701995116425202559280907497987819789566483902463462910481050606408,7
rome,2011,12,0,0,0,0,1132702,0,1.000,7
xulrunner,2004,12,516,54,17,0.5,886,462,2.0896226414438003992800,0
kdelibs,2006,12,724494,706819,9335,66.5,880893,4449,1.005474129230172715317746062541597718279876506311639779235008556915061619884673786576292384621634772585743666420018751466381850828182272000,9
m2e-android,2013,12,0,0,0,0,3181,0,1.000,3
moodle,2002,12,84553,35832,2674,1.,59276,48721,5.615916626846230505680883871100647020368535031344805507543691173058624335227002911959996191330476497220452922052358330168104452096,1
gqview,2002,12,0,0,0,0.,11111,0,1.000000000000,2
freecad,2012,12,1285810,551327,2028,7.5,2039937,423966,1.262359906221231292251929373620036601035495087393275309671950497661949320971748511850016679786612344891263671737713115834375840712740044800,1
ode,2011,12,35978,501,61,1.,131630,35477,1.36896404691647120463944735729752486830022083313303356529447770951332887582722043104240000000,5
moc,2013,12,106,12,8,0,35130,94,1.00268295467500,9
buildbot,2006,12,11594,5516,255,1.,24225,5250,1.28119978574997695183824311252066280977488641536061073462878774357180807983963475617093386604458313100374657274083373793087846330880000000,1
empathy,2010,12,58814,33270,2183,13.5,97497,17564,1.2197340272535567619229248293034416995980861161492688424028305269142105837292189091534777740351327544743203399826538918969838662308833280,3
beanshell,2009,12,0,0,0,0.,41731,0,1.000000000000,4
KumbiaPHP_framework,2007,12,181841,99409,326,0.5,82558,82432,655.22222219341033085892397708693309899456859922194032773993754504000000000,5
communitymapbuilder,2001,12,0,113,1,0,806,-113,0.859801488800,0
frascati,2011,12,74588,38977,858,4.5,130365,35611,1.375825822659890316318397717312915474648499433833298754217449546077722227552345863139454766580396641516185719796175319219519578046464000,4
toxiclibs,2008,12,19192,13176,111,1.,9367,6016,2.7952849893468392063552725448863734093107164181915758747019494687580696059497585352587614287380000000,1
mozilla,2011,12,15162050,11934645,40107,206.5,9011054,731526,1.0883535873042229414744793031391799942274308291581506823824021164394247989668625216915401359913135407756218700073725790926294865089903215000000,13
openwrt,2011,12,187371,116049,4175,20.,825108,71322,1.0946183664888408926949359704224698491533978081737053989565481624684885986154550725668933494958740429386973527111371971596169044441485824000,5
usbloader-gui,2010,12,217818,252070,352,2.,87921,-34252,0.57341768999690071593527921148798152866498952093046591442571146423987637029041793667907619253634283440000000,1
firebug,2010,12,50834,40703,1476,5.,61398,10124,1.197448999489618184404822534369318673248380434201374831201783800512252424309269469645408068000689249060678744077141574174905290096640000,3
gource,2012,12,2725,2370,55,1.,13030,336,1.026469198042521607298246417167638400596642025548192936798432000000000,3
cglib,2009,12,53,2,1,0.,13957,51,1.00366748166300000000000,7
meld,2012,12,512,447,57,2,24360,65,1.002682957031681220431882996536710188172905307631145773256576340130972476105713863710720,10
kdepim,2008,12,1043647,725679,19662,43.5,2948563,170142,1.0612369399799339873175961891956085355054810605309896055151317077130302302562974036566521251481510075027421205756965117240178108966060961600,11
bigbluebutton,2013,12,183256,38800,843,7,257334,20259,1.0854539702722191570359921040,5
supybot,2005,12,44786,8737,648,2.,87934,36049,1.6947865472114485153703321611671133307753647601918507743486324975635252612668595987627765512485126326129907478046476290093412166720000,2
i3geo,2012,12,566871,519960,2460,2.,280787,46911,1.20253607235999643434321333288718329532408715056143662399616829177849993376406897983552775721295529413601661481951519645294665077645696,5
roundup,2010,12,10877,1737,124,1.5,43167,9125,1.2680512308197394745973700795833534382105740552467425872413381522844879180260292044132341595698150736243064140349820745048075776000000,9
prototype,2011,12,1862,1305,33,0.,12841,551,1.044833197726037365385665294641395205000000000,4
osg,2007,12,249557,197468,1831,1.,352889,52089,1.1731682180774998176427429528040419950794538714765249313363717008695528293418902754954633476794761790888393812622057852228071893489506779136,6
elbe,2013,12,8264,8503,103,1,272590,-239,0.9991202853371153035845235665739764496,7
netbsd,2004,12,1249552,931525,11412,80.,8384791,318027,1.03942435901163612009347828531409206502269142583127332078429081384771554962315955064151426940305607894328859937052899592803227558455024730321520000,18
mojomojo,2007,12,3226,2477,46,0.,15235,749,1.05171223416492262795025990681375050544091924389023688144467200000000,2
gstreamer,2009,12,543335,332406,8521,45.5,1103466,198133,1.2188509642213189307556227222999318498693845069950533382825778148389756281891548532290337246950798333535582933823433854368986277712992000,9
gksu,2008,12,808,377,11,0.,79736,431,1.0054347140782516475623604672577584312280801688724131200000000,4
appfuse,2004,12,81485,50033,751,1.,31479,31452,1165.888888851529825133788733037045853739093665644827532420136168260161258673291819872181602421562513833273600,0
mp3gain,2010,12,992,496,26,0.,26933,496,1.01876158414409029961374800661627070212916864140800000000000,8
scummvm,2008,12,680432,411155,5250,20.,783897,156512,1.24946723302530433139830616607752745707466928263596003493458404247503133411869131288856652377869483902904697008176817409473765254577408000,7
firefox,2010,12,10111041,6395657,36002,181.5,5455206,720288,1.15212259221065898315482642986593041117723369402168484889333307368047734544250242794789030653165292134552540214771237613623795687845111334400,8
mcrypt,2004,12,0,0,0,0.,148544,0,1.000000000000,4
castleproject,2006,12,2157359,1412404,4778,7.5,1669134,744955,1.806072200216412574042029923623312608726604287591725681174155898975801042164139323493620238331972800817299571950709258147715200000,2
webob,2008,12,882,277,78,2.,4224,605,1.16717325227235585121049657158469995059417380992563991153147495823530066996090926362026729259413762695589060640508791262835200000000,1
stumpwm,2003,12,2452,2026,18,1,927,426,1.8502994012363966885639442509934000,0
xvidcap,2011,12,0,0,0,0.,277145,0,1.000000000000,8
taglib,2010,12,1652,181,62,0.5,41705,1471,1.0365611174665115289985972863536738842031123176469612445963795257626887168000000,6
freeswitch,2008,12,809741,509569,4585,9.,1538548,267176,1.210147777354363837492168451667544544412882723856220430675768705109020456399612877300661420015136358687364314764460187199599510747596800,3
pywebkitgtk,2009,12,2852,3482,154,2.,4996,-630,0.879125095998137220676856668780922960539128066924684329792985794116335297793097633294475616599724292920495612800000,2
sudo,2000,12,10585,9080,183,1.,23446,1505,1.06859304498280895680768240597438735259830629159622717755958096093906723878184954321578262313215830628615408847532204923934683520000,7
jabberlang,2009,12,0,0,0,0.,1167,0,1.000000000000,3
grafx2,2008,12,42743,31612,418,1.,54362,11131,1.25747727329581394019544352741988093893779426803496800656186410559911550388390683311679078400000,1
hazelcast,2012,12,115274,74781,1335,6.,210952,26403,1.1430676947644417857748746518382758363787037205108618922913146551053250013303791455143746807646862221115333883480513292586457327902751022080,3
pnp4nagios,2013,12,223,60,18,2,59317,159,1.002687717637795692771364595959862768480,4
coreboot,2007,12,60432,29975,445,8.,244672,30457,1.1421795859297936436120379688200967980200108283500255539712893516883745335534078374824218274628597861883714906298569042398336335864489626124000,4
xchat-gnome,2005,12,87355,52910,922,1.,50100,34445,3.2002555095869845635026577838076118247914925107306234003698318506961152481008798297151387581261333016289475553422689830400000,1
iftop,2007,12,440,10,4,0.,5764,430,1.0806149231300000000000,5
abiword,2009,12,319529,127102,1993,7.,864795,192427,1.28680808318362360504040873526076689686690319109272817800846506780216191485200647082376076497558637338154536461925319595857551256044138896255385600,11
gegl,2001,12,23306,9322,45,0.,21285,13984,2.91535406078067958883449622258710789498268808660480000000000,1
synaptic,2013,12,4,3,2,1,113094,1,1.00000884228024700,10
TrinityCore2,2010,12,8124192,7445906,10196,17.5,1793790,290408,1.2002711584944673650199438449999667856282197438768980113723796266702353644977703058890412289814925041777915661222188900089512304259072,2
ghc,2012,12,117911,89832,2113,13.5,189344,7926,1.0439413007231251893932917635904585544897929253515201065326763835438466707939111732047957906037112165347801387916755343546160427347687692984696832,16
tunnelblick,2009,12,8306,3198,228,1.,8848,5108,2.365775401192153292885188532530078573850689987261223646772662033567292316819316603984000000,1
equinox,2011,12,364089,159951,2511,26.,1910458,184592,1.106956159975874579419801561073732615421027241407459322974997142924387847707141707036068963773682116396022273784998053158501387641867452513280000,10
osccms,2005,12,5920,4515,228,3,33021,1405,1.0444395242854117722599522010134400,0
qemu,2013,12,229239,146044,1240,47,732660,20984,1.02948532759693301392846196087332064,10
network-manager,2009,12,189149,119640,1700,7.5,173115,56153,1.4800960995697129685098885558162852381604979686088576373318938055317651694722998013732381976495476887474803794207402308977712987136000,5
epic,2008,12,23165,7496,120,1.,100659,15669,1.187202064508699168640928945749838976701263630174898275645449526749461126949518026640590253082091052969098963045032018781321859399680,5
freecol,2011,12,56942,52856,1585,3.,119981,4086,1.035256050738823050305427664132306999115545942006317082627001356993197321174523292252369144077667342037951757759100440971418391155566043518720000,7
sed,2012,12,1089,1924,36,0.,24444,-835,0.9657309365548605762115624953908373900000000000,8
ohloh,2008,12,19488,6012,549,4,16130,10567,2.899514650345234935957894920764755574080832558493154599709982878116486387512195576534095844262430677952398285836723276800,0
mksh,2003,12,130,91,14,1,26863,39,1.0014539218609026382484370419094335495734955973345523360957764952320000,0
cvs,1997,12,40744,21263,850,2.5,93270,19481,1.2640095407149214256547447617913614348253923943472873378841399728696582500893659757170223039165068824574769917516645644225093948861808640,2
oh-my-zsh,2011,12,975,283,86,3.,409,311,4.1734693870230714173104353414396489135387268246383873401803421640000000,2
roma,2006,12,29131,16447,603,1.,22682,12684,2.268653730672934925902328338633942581088410644429691747640547558599665135917086344576000,0
infinispan,2012,12,112673,53367,1481,11.,232156,59173,1.34207407664951368587938086578395719935837864934257234844778701447503586001884752931780378220139930500822214339512029288832063846400000,3
phd,2012,12,404,344,37,0.,25246,60,1.00238227586807420329345760933536166908000000000,5
courier,2008,12,8338,9675,91,1.,183769,-1337,0.9927242054887827442512487115496898210582530419985740454013835773135182393580205675214307136904500695641600000000000,10
bos,2009,12,3144758,2630993,6458,6.,1843323,513765,1.509480776131111414838925282421687443892216091114309525374576249762232495350502012327632821276414100915269221153706338762304000000,5
Weld,2009,12,452592,361933,4730,13.,97527,77786,4.9403272375180309302212714057366945836598854469295288797722125574750106993816973048603024330040013300869896061101692081383157760,1
turbogears2,2010,12,10933,6194,197,2.,12529,1245,1.110333215171923426457183686007727135738138258682710327474598317540363256379706054448062087986366530181851560000,3
kde,1997,12,411463,122853,3485,18.5,326797,272894,6.062686678319790682659496460409316830192832297711250285158432540206128605539132288,0
courier,2011,12,34866,48737,175,0.,180941,-13871,0.928798020575314542360759203515160491784895000000000,13
metacity,2001,12,26653,11405,254,2,16776,15248,10.979057590941269085883517286807682111086927868352566915578843789697418272520,0
mariadb,2003,12,613043,424686,6126,28.5,653227,37100,1.0602148583068067564823276498240725054562252046845716252949175698711664972690065948452377666349367353944352953989975000,3
FubuMVC,2012,12,194779,255021,1279,7.,133837,-69465,0.47054115852732968089161394175497277280535575403154274489406271001788166776148935094541117091272317466608734815496361660062267606400,2
conemu-maximus5,2011,12,135041,79296,166,1,130601,55745,1.7446964839945924485958044764362535462538914566737718995012785861977671420659136684794662077696000000,0
u-boot,2005,12,171555,76408,676,2.5,632879,63710,1.11193511945058615769011348653704595131345254567881070608014262123423738477925149109892644937732863513674484953913759455861729037523919523840000,5
mesa,2005,12,259155,151252,2225,12.,711237,107903,1.1795050522855359602860995504069001936698443332955403187357240432942167021822904422045396984246606643347021979531140422424784352919740467200,6
l2j,2011,12,50198,35508,567,5.5,221520,14690,1.071133536379233596886272289213724566595678955466727844494876389440205726357303115619936896367183259699129209228593431928576837244903011630230000,3
maemo,2007,12,322453,142891,739,6.5,1037018,175029,1.2127921608006681401018256647057972348831151224597287001687594400060662783713957187368195120465224611420751001093653313008098033873360446464000,2
cxf,2006,12,1309047,1190812,2815,13.,405219,118235,3.0398357573562007853171540612607249304664112823297755948940458636970331594503212166334596066768763864810447628788941455360,1
formencode,2006,12,1066,606,86,1.,12282,460,1.0389105058405875389437027010211970830790575091279159443187964585860656965490861619546920498171113151574741351025679360000,1
spock,2011,12,27744,20080,259,1.5,62077,3890,1.0770480113250529200446558217222101200160542776065791309638255780024385133270163568527476977705846013033681750400000,2
gnucash,2006,12,336357,125261,2927,7.,903667,211096,1.30480051864671623248162701341952008270807578992264881126282228828469944806303315355823659796892501893636056217335224648114432326107136000000,9
pootle,2007,12,1978,1507,184,2.,9961,471,1.0514304433302381471995448329604866893070901555572739443242657820135137300290575262762047559041376842703143571213521850942401760000000,1
jboss-transactions,2011,12,100289,110027,679,3.5,385179,-9738,0.97436990715198121723053432292521647372648346133667497840413500543242001774415989476918544315239938008938000585116809896216192126486950000000,5
tar,1992,12,0,0,0,0.,29,0,1.000000000000,2
hurd,1992,12,4264,198,32,0.,2161,2033,16.8828124972848632308738275073484693985489375000000000,1
template-toolkit,2005,12,151,15,9,0.,63726,136,1.002138701053899656474816427273943350750000000000,5
matplotlib,2003,12,3268,554,152,2,12368,2714,1.281126993984967125329939353047868434251092303082204928000,0
firestarter,2007,12,0,0,0,0.,11472,0,1.000000000000,7
strigi,2007,12,76043,41939,1391,13.5,62015,34104,2.22188384499704959474084399046259497694650242304997512050996601906464291465860730938152308947806081575810094309911637818487226240000,1
sysresccd,2008,12,0,0,0,0.,43645,0,1.000000000000,5
dcplusplus,2001,12,6670,2532,51,1,8775,4138,1.8923873194,0
qtractor,2008,12,19480,8638,1073,1.,54282,10842,1.2495856353698674504488924562348972584418992638274290034393793673292103419057068805348848713307623975067878607941188120452275412600040000,3
metasploit,2009,12,450580,350224,1865,8.5,365160,100356,1.39556021544267864505746358909567659029824201743252911277243197939793319625024725786527114685176440779662297651920525893861010514247680,3
jmonkeyengine,2007,12,171929,218806,464,4.,374995,-46877,0.8702557133043992892451088217481113674509419581506051849683611019380252419329366015804783013635575304737534858026986580535908761600000,4
south,2013,12,133,33,11,2,7763,99,1.0129175365344165805211860,5
petals,2010,12,456929,512680,2910,10.5,332434,-55751,0.832582093398392322189686797926681902954050876234547565602980190778782709636956516572085944742856280158419001916630876151511500761620480,5
iceweasel,2008,12,2089482,948459,3156,1.,3764391,254816,1.07260594231339474150611992722771574578661099328000000000,0
docbook,2003,12,59187,29691,839,5.,238263,29496,1.1412866976048632596125901774252987780704605350857377675679246779528986194399257205965781973668368325976886833720485376828399107767375062500,3
passwordsafe,2003,12,10193,7778,132,1.,9884,2415,1.323336457375980688067858559579548662452281118288976715612239226492836628094648938858880000,2
cppcheck,2008,12,37172,31560,677,1.,9261,5612,2.537955604383049248401465820964795808273766456497179536959710839644616419042592886991529155021605735612147200,1
freeciv,2006,12,32131,28795,449,4.,277008,3336,1.0123223309001951061970691691135149397865798197344480220366561952342688146548974633834348139987646793007829510190371489061106355161725733701305462400,8
yaws,2006,12,9647,2042,138,2.,33381,7605,1.295041899419740046279406467276666329520804329775507753698409642927751106876505575050824990801767751888676835769025752822169600000,4
kstars,2007,12,114510,166246,615,8.5,203912,-60933,0.70116086886906732217383179550169459254640433582887490116516707412879911519233482859077296350374743528720852102754092441274104885010871296927205376,6
gcc,2007,12,1695351,614892,7851,77.,4612119,1080459,1.305935169304247228523985864347934244037172992982105560824099613928711268815400308818588097914206515938990475764958339360007806601217024000,19
lucene,2006,12,218478,138836,950,6.,250901,79642,1.465038333712634881550249511379613908778337516148976178467071033613915764726064228767331165061088392947958667733314575863527824001344000,6
swt,2011,12,12131,5895,324,1.,595846,6236,1.010576482758966033730601283273706102527092292844521624506606240418578841600000000,10
krusader,2003,12,14482,21350,413,2.,48560,-6868,0.8585638090154929867915253680181034054026198386977325770371424766789597696694748539639137574579211528000000,1
richfaces,2008,12,730491,502629,7410,22.5,588967,227862,1.631013140278985883910254238775025929114734419843837563556670965497996961725717466346734686177028787422283659626575759232502325706112,1
sitemesh,2008,12,4,4,2,0.,12763,0,1.000000000000,5
xcb,2008,12,5663,3103,223,4.5,52438,2560,1.0513293499559654197579432935417827713224088507132544585690153312104267263508071838989458758312792633575981397413960356372208578996415471690953632500000,7
zk,2007,12,973497,664716,9906,4.,649779,308781,2.41385183867018006947036304245922907314559476415384733584080022352891171674478965997356216186384974753368660915890492997232486400,1
openmetaverse,2008,12,292654,265893,773,4.,191130,26761,1.1716328886864471268990285247282949260863914646652909575937683545620797361349967699075539822304844321302844462409584128360784178924480000,2
rdiff-backup,2008,12,1110,289,78,1.,15728,821,1.0550747970800060554296314287128183598109762074544978213665638264345540562736832102990110953359140879233679064959026602892800,6
dejavu,2008,12,536,570,16,1.,2025,-34,0.98270600202827590852163832671256022943297513777898941844000000000,4
tracks,2006,12,301826,208608,377,2.,102699,93218,10.832085223816617509641544420781954872387894133942293056144591281448210768221190623305537442864838865819474466680985483811491322527744000,1
flac,2012,12,2425,4887,158,1.,86502,-2466,0.971449080724013767322092375797540302393929395033850620814656153562323428960231975274416941900561929201219155711639021375223288732746261245440,11
defender,2004,12,4078,756,132,1.,4795,3322,3.2552613717399748527156962370403574310635291328492550612481983549140720000,0
rsnapshot,2003,12,6238,1983,192,1.,4601,4255,13.2976878603820091494719495877568284196096,0
scons,2011,12,1100,708,84,1.5,119340,553,1.00465539158370598289302019161972864866748706622468443409582117818317495506413731782843450309511602696000000,10
zxing,2012,12,40575,9551,438,2.5,181456,31024,1.206232716448921027635980768665533726743736281196555375279259474650837710862176891906861417395990760048855154786300197842652793140547428474880000,5
xml-copy-editor,2007,12,51512,258607,68,1.,228993,-207095,0.5251073177817992680841102759127438689000646309347412,0
asterisk,2006,12,334130,247012,4160,13.,307647,87118,1.3960701230643999161168735646898602698284740891884366788958529116468579194083645382841022950088142112832724418231891436814592280445877452800,7
amule,2009,12,26228,18805,478,1.,204362,7423,1.03771274703763687875270790952931480102652460067892323311249666922202082823554670191477477992620272327345626579411761715112336936280980318700000000,1
claroline,2013,12,10336,973,162,3,473137,9363,1.02018871260153169104342699597519732990,9
dcm4che,2005,12,70323,49907,246,1.,28971,20416,3.38644067787231905000113363359094819175549620864104784751336960,0
virtualdub,2013,12,0,0,0,0,247149,0,1.000,4
mediashare,2006,12,8008,2049,253,1.,8041,5959,3.86215177701748303206192735693703198270801067398511048155506150145369491944360462801834307871646047337168923134158546555564083347456000,0
conkeror,2011,12,1081,523,142,3.,27343,558,1.020832555536007047950923462234106119374143359317108009977457800965402971319686324266952313109485407265490438030683450343942823473080320000,7
mariadb,2010,12,3832508,1709012,8275,49.,1584435,493432,1.4522737334528411112901110441497544072273153964171754237502128918186973424937049541795476377654434190681651650274455918720035257779200000,10
eclipse-jdt,2011,12,155795,46548,1055,10.5,2050381,103284,1.0530451230708945214960867537481836837819340742950130044402124385002743867519461091518566302557706239321001464154493081548653931961555233924207040,10
xournal,2010,12,38,3,4,0.,37141,35,1.0009432436803091074262651690000000000,4
Guake,2013,12,0,0,0,0,4720,0,1.000,6
openvpn,2007,12,11232,69036,462,0.5,376872,-57804,0.84522948899940416324457267740258166799396574562772775119213032886260537500000000,5
ac3filter,2007,12,0,0,0,0.,61406,0,1.000000000000,1
xmms,1999,12,11921,4946,132,5,49035,6975,1.16583452211456912884916050703454877862387430205223135040,0
webrat,2009,12,11546,8263,330,5.,8545,2431,1.39761203790818191534771868956514984675844876872017657566293575205440367168646069262148345268210944250000,1
mageia,2012,12,30950,124265,3623,12.5,413745,-93315,0.799049028101721889937116139801359607946421390283246991127563555896337678724653293057281791620982376813636120753638146469786226229313085066955400000,2
archlinux,2005,12,4154,1222,178,2.,5736,2932,2.04564907271604076766609532777742544297976506806402519146902143508897051333663481248566119151498634275438298798491581834854400,3
nixpkgs,2010,12,125273,75705,6605,12.5,103629,27831,1.3671732763350833321007508406939523540805279392817746813280496068287003460542357989530499136722403098142938291310747596857731614648437500,7
audacious,2005,12,129434,35628,367,2.,226297,93806,1.70801790305307351457,0
gallery,2008,12,18687,8428,827,4.5,343069,10259,1.03082539587332279662651132080181388505851253121411162374536538115757871329517964740417864765011191777584942156948801795566327819366400000,6
sound-juicer,2010,12,1523,2609,36,2.,10698,-1086,0.898104710079496063390357116456646712531739454661482935859346687013264000000,7
mambo,2007,12,0,0,0,0.,130527,0,1.000000000000,1
postgres,1998,12,264536,198876,1787,5.,228823,65660,1.402419666274179640193196036187684346981776152316488036772654730507130257124186370970726474251221673914626746547694564324103444726464000,2
fwbuilder,2007,12,224197,17632,284,1.,433349,206565,1.91084468036816276012219249099195545966211442451730626132596245458583878902865825101864513813539306415993552900354754344479818279562063631062814720,7
gconf,2002,12,8293,2781,117,3.5,33807,5512,1.19480473582150900130800698933450354591365301415241094026563757478876735883572392381983721038912887184443630000,3
rrdtool,2003,12,4464,1099,76,1.,113432,3365,1.030572287791052974647221529934088024669041735454230989345829888078705389744217457489615063537418951325031563732265262358862400000,2
piwi,2008,12,43,35,18,0.5,37231,8,1.0002149670832219554173441757962885592885798067432760000000000,3
logback,2010,12,42916,21295,499,1.,73170,13715,1.230678664523721826785749985004007133822225741940339670499521093251108969944277882357110595026525781001359445772450740274728628868817655398400,4
brlcad,1990,12,39929,18207,920,4.,159584,21722,1.15756336046444969244783147582399440626387017563362205103473877426350130232394893732620365618906170383228864260868218785512189849129984000000,6
doxygen,2008,12,34895,18560,102,1.,208466,16335,1.085020116479711301889242479068521619877440471590358719573040374357137715001481672496806009255190253243813510659113604036292390316586415848000,8
libxml2,2008,12,11781,5048,242,2.,471631,6733,1.0144827467529920002199205045962519552439313143863933473859464225284593686884214773108183269178446355169714330082702310392067667102982359728892669329408,10
clamwin,2007,12,1286546,1139737,748,2.,535612,146809,1.4140947168646145944820613336646663227999454991239293053699625436127468245340334570475629044839583327685850051422096919639441502176215120000,2
Coccinella,2011,12,20,6,4,0.,145829,14,1.00009601207008810175738251320000000000,8
arora,2013,12,0,0,0,0,92786,0,1.000,5
moodle_lang,2012,12,5265,1912,50,1.,1030307,3353,1.0032649953167477669091118742960331696036644425056828469147810367331429311226546537521962672394098214400000,6
egroupware,2007,12,112495,134280,2400,7.,705011,-21785,0.968236170669430401113514912529443230353158497750911641695734270995825373617446612274107268278824579678404472085077651508281684519111663878144,7
libxml2,2006,12,26615,20472,248,2.,445135,6143,1.01399342129303407352586890301348556570099087176485593148610995400602737327790693474547245709577609739675573312714260145578599456516322543628950269231169920,8
rhino,2001,12,102618,124525,236,1.5,80948,-21907,0.703506706135064793684088223652358713342363130151619701411457699837558012039278420218772552261696773406264856285897430446728604890621158905600,2
beagle,2009,12,783,314,42,1.,231021,469,1.0020342482389122887218904511882526358902061268333279989854408430554180811213790013932275465280000000,5
jruby,2003,12,463,549,42,1.,44416,-86,0.998061403904918553956792037285172649970084600788886380264049090023225168400000000,2
chatzilla,2012,12,578,435,47,1.5,31976,110,1.0034521717296701345412078093051292863503825859378020725983505183200000000,13
gvsig-desktop,2013,12,625,429,20,2,1376314,196,1.00014242964634455878486730700,9
xen,2005,12,2015774,1369610,7369,22.5,376224,212248,2.70681849255685272008274953211117618758618131420699877711787004982887798092154108058907778598663307295888805578905600000,3
planeshift,2001,12,88778,71141,460,3.5,25697,17637,6.3624201871173028172680821160490919649409814107670518550866265208937586287550720000,0
swt,2009,12,581023,602030,1560,6.5,560538,-21007,0.9622164694153163551714686908141844117276590013482145137139046684846071366847427476053596378666012628741937616754989304716633815276953600,8
spe,2009,12,0,0,0,0.,71234,0,1.000000000000,4
heimdal,2000,12,27487,12551,1215,2.,136491,14936,1.12380944486574184042201209066459495572048519881770592801334302013855163740065615234372148607335212763698046337715484792476723514459062735872,8
groff,2009,12,6938,3394,59,1.,150564,3544,1.02411261626002205193135953876497917489159915700018180235392934468283433723752772799347677862123830818290776647676000000,9
keychain,2001,12,374,199,22,1.,306,175,2.33587786259389612087272642777600635501544066552271800000,0
IrrlichtEngine,2008,12,71780,89107,639,3.5,604234,-17327,0.9707878201330320424741235661892488517791346708357316270909152821265660469137084619529007662407786940626847671454085558756698894018506114112000,2
mysql-python,2007,12,1114,690,34,0.,10941,424,1.040315679377032837363650000000000,8
soapui,2009,12,100244,60698,1015,6.,237439,39546,1.19983526451746269539759709476573924783966112565653494142896849130783022199628128167151346856500472461056601518527402598683533032942256128000,1
aros,2008,12,917765,673882,1690,10.5,3947728,243883,1.06584589798041036945259700531117139377956197756964323623011273217664814652530087000451079406009561462750095293543418769371371800129824423936000,12
amanda,2009,12,112959,37584,1052,4.,362983,75375,1.26207546379668279595627115560836952751905027525779900206293394481601134021821776184239241833508823933570017849080983544164004398020095800000,12
tycho,2009,12,239494,229220,287,1.,38480,10274,1.364248741362087314573686263787816128195411075595544051621751156913893410173558223551290654871228763639390594536903688910361811155885209600,1
xbmc,2007,12,2243294,439791,2460,9.,2808818,1803503,2.82358246695426597878221975707722042443102023311217161760952846279140609355306797976123429903664114620999889640642037138565255823360000,4
ubuntu-unity,2010,12,864336,659095,3675,7.5,38025,34537,10.90166284436486103461832975322494676545654241004720840728722240480480596499438807796859728603762003230588665440972850006400000,1
vagalume,2007,12,5054,2337,185,1.5,5317,2717,2.04499999999993277732,0
yui-compressor,2008,12,410,311,32,0.,9124,99,1.0109695290847042078241015953246099913115515207841017353214400000000,1
fbreader,2006,12,139431,103658,680,1.5,63883,35773,2.272607612882663844744467290816664888931171906955037870915271994069349872943038561245847577816331626006695853224555290031556832873984360,1
anope,2010,12,218017,223021,996,3.5,155950,-4692,0.96918773025428221612773721884909594765633685341045467405098839159510247503525891771228455082485797612348861496043411304373038763296338739200,6
config,1999,12,483,136,12,0.,2017,347,1.20778443110354314649204926998354000000000,7
htDig,2013,12,0,0,0,0,254563,0,1.000,16
processing,2012,12,874114,822769,1549,6.5,572625,51345,1.098497928166349156215459903130572350430534893069477280782644584795332015572925460136846864400687191940962913469857213656854560765273694080000,11
GraphicsMagick,2000,12,304656,285097,2503,3.,227676,19559,1.0994008202531218288756740849115160475225755127207456879839728577310375876657066253234792043260021120909262875750085250777144261346335840,2
limesurvey,2007,12,240831,222198,2520,4.5,161363,16573,1.11446232478683181195236153445786836790391595792757204885274983096478623045705000704785869819532972617115554080625341481846605590776320,4
mypaint,2008,12,12143,12319,200,1.,5797,-176,0.968424829605226819672345923343026718080383967483804163942733262141186091176122123059701014473454080000,4
aros,2010,12,1983912,1582245,3563,12.,5069125,401667,1.08605690719555624454442632967013466563364967686909996286133040507591413816980749843592733899449482478211580796412099098595519920660489502720,14
wodim,2008,12,856,221,21,0.,117377,635,1.005439344880051435986592147608829130404568483224866000000000,2
ecls,2009,12,102660,48347,978,1.,560838,54297,1.1071917179434602483610058877432704599267377514545961558105483979538429308498951078531521928741502202030536812339791728842309578217342156987596800,8
evemon,2006,12,204088,163935,331,4.,42095,6251,1.174394598820175313169214774625343383039230400,0
jboss,2013,12,79931,111820,988,43,1362891,-31889,0.9761559029674503616957775986742766,7
nagvis,2005,12,2236,1588,145,4,8745,648,1.0800296406115567713122936258759600,0
shrinkwrap,2011,12,911141,247593,702,5.5,705643,662011,18.689950034975237299476812008053820796665811194982098841875260457939439327702778584072860487616002934041006445202633886657881920000000,2
Hadoop,2013,12,29685,14562,444,18,2195369,15123,1.0069363732349343503570588070052620948,7
venkman,2007,12,763,418,70,1.5,62657,345,1.00553665425549941444580199515884547384501405048259721635706262260939394393493075985156414155128813839877600000,9
simpletest,2004,12,45678,24699,766,2.,34440,20979,2.558502340136896450358790509885751663889484373965768713097267444170077037230659324465928631440117490106231390894631755979694080000,1
commons-dbcp,2012,12,314,292,21,0.,20522,22,1.001073275441313856832429280000000000,5
ubiquity,2011,12,4408,3596,69,1.,35773,812,1.02365415986950727194904201753336071186942787292377879415945595372827678607097118781331954037116196046390338585559462421314612630155264000,3
fuse,2004,12,16609,10848,248,1.,12917,5761,1.8050586921263153003325830109289527807695204525732366691714518984242196088452088601086953069013559969964733454526528794485402910902574080,3
opengpstracker,2012,12,342128,322684,224,1.,319351,19454,1.06486893834687405523116727041015238950873492396824129332271507346302627600040118272000000,3
viewvc,2002,12,6120,2919,131,3.,10776,3201,1.4268569142920887701742154055841123533318809080333028781084044257120372355763132198851142980757487482324060696960000,2
pyopengl,1999,12,55085,75682,69,0.5,27852,-20597,0.57487254637719781050560000,0
cobertura,2012,12,0,0,0,0.,94307,0,1.000000000000,9
ogre,2011,12,106116,30589,888,6.5,950265,31725,1.03453850675699339230079083008293235281717395060984581920761273057816907578095347293937673409937687437261869509926764211205022415683905112253857792000,9
vdr,2003,12,5745,1811,74,1.,46425,3934,1.0925843119751654630601669397145018143850409220918091035366695741160300586943812964947713868640949519766013993222288359040000,3
wicd,2013,12,61,26,7,1,26299,35,1.00133262260105785365799360,6
sqlobject,2006,12,1865,533,135,1.5,13006,1332,1.1140997087528254015970283715334857170101250435098139857724547476994785084896072284027748765890725847115549059211160248412150000000,1
icu4c,2011,12,83081,69254,745,8.,519375,13827,1.0273505186460902518602321944035378665880711035483254857764901085744732703717262341949577220941215706781616756667616846899315212066153940669420141107200,12
lisppaste,2013,12,0,0,0,0,4524,0,1.000,10
sbcl,2012,12,12701,4909,355,5.,386416,7792,1.02057978363749023170692490003046993213604169374748723211470941328583424343651143049096330941959685007283625755598682184121614613061232867200,12
bluefish,2008,12,40795,28614,875,2.,400228,12181,1.03139052743333407613043143080904811802179442980847801485650145119512094046465393623892845338651001023192918977852598438842742201440400026565259040000000,6
glibc,2007,12,345653,177368,1009,4.5,1093409,167333,1.18069035371893439051088395408607778503062600312281792204075115981159758611958838933338769385653134965899958702681076697534365647377114356772083200,18
horde,2011,12,772756,503267,19829,10.,1107480,118639,1.119977832632271721962352831353957946888128579194978825515610598969451998081754461221160345544397149298522337270108074516803177263538977888000,13
FreeIPA,2011,12,124349,70811,1750,11.,117134,51018,1.77164377766106895461265982617489628670948404344677656089095741855728483814303513223150428557661194667859020855542902064338698240000,4
closure-library,2011,12,68857,31963,1427,36.,268233,36894,1.15948024329084938272216011053282855667070696003028410753908774199535827883004505856605991494015823942132838595462896113201134692633600000,2
dunit,2002,12,8255,6502,63,1.,23652,1753,1.083711379595712485686947447136849106113326126396749078201101379351966538453622272000000,2
sub-exporter,2009,12,4,2,3,0.,2235,2,1.000895656068100000000000,3
html-template,2006,12,700,191,16,0.5,16808,509,1.0312289097497288930262373433066661171009949464650119932480000000000,7
cocos2d-iphone,2011,12,88419,40265,697,4.,145397,19901,1.15857875948567201672199754848478613212249376916328876923650839801940713284934618143845738228054400000,3
cdexos,2007,12,148628,18669,127,0.,307552,129959,1.7317799687365807740289173425325784000000000,7
geos,2004,12,40093,14700,379,2.,57277,25393,1.79641826626316390515128201454612376603086640790709145790224632301801494512260720663351567997218284491960001953953442927465053073611106885600,2
startrekguide,2009,12,0,0,0,0.,88767,0,1.000000000000,3
gpodder,2010,12,9716,9797,482,4.,24418,-81,0.996187158773347809750413834484756287370362864137547523118120572342888735701857176704621575344079558202832125992267968792698652603264000,5
rdesktop,2003,12,9946,4006,229,3.,17089,5940,1.53278320923703482624022657589437513829106803312626283192358291692529603428142355487004467882336414559120368501934565065586852200418771200,3
awstats,2013,12,43,18,8,1,49167,25,1.000508729803397278531381740,13
android_gc,2013,12,0,0,0,0,36529,0,1.000,3
aolserver,2007,12,897,502,74,1.,226296,395,1.00174855356990646118017971029071144375246071553858892492905811365979984071373706953743719182792779030874495645083307064000000,7
javacc,2009,12,1420,1132,33,1.,32902,288,1.00883056356163647776035341471890935338868948479369636000320184000389135954663791704094273831035292876800000,6
pisg,2003,12,1267,305,66,1.,7105,962,1.15660100927026863268820924284799038386645431384091735603735644683969636464856317836570850000000,2
spirit,2008,12,64380,30861,178,1.,366028,33519,1.10080629396462733230178627911047280089700298988795105695829770849988911737803577600000,7
tkabber,2013,12,67,38,4,0,49506,29,1.000586130929500,11
cocoon,2009,12,25914,9763,338,3.,1301859,16151,1.01256195030131680266920380681416796477021120571770335202350233211228530663452119112206358000363476429878198165696656958297017999373959602912760426536960,10
ccache,2009,12,7210,11959,186,0.,15695,-4749,0.6974195603822954774550000000000,7
pyunit,2003,12,109,74,17,0.,1589,35,1.022522522518394558725901240571239520000000000,3
znc,2012,12,13602,11226,402,3.5,37023,2109,1.0604055679661638952819642391660764918003231749930649749329689474636866746496953784217676349721497038177669620774382117504294214207702714684800,8
adodb,2004,12,0,0,0,0.,7930,0,1.000000000000,2
encog,2012,12,133894,128629,964,3.,188260,2735,1.0156003125628733643101460464544655185778398817288416147976623952944019829812678852481491648057086202788747139085516189316000,4
cakephp-media,2008,12,627,79,6,1,5969,548,1.1010883601,0
wolfcms,2013,12,6672,3912,58,2,34444,2749,1.086828806065875222197760,4
gutenprint,2004,12,55249,37217,356,3.,105531,18032,1.208354035486074090685317354025355791608325619610572685270861154214304867046681059476282712000712006767887294111974771518642092692626908783616000,5
logicaldoc,2013,12,204861,2539,118,1,3012027,202322,1.07200827133183582502795255364238906,5
html-template,2011,12,0,0,0,0.,18633,0,1.000000000000,12
VMPK,2010,12,20296,8382,133,1.,35387,11914,1.507561879584313623299575188501696683407649141625668764419579390218544185007360000000,2
jtds,2007,12,44697,0,9,0.,153619,44697,1.410357870800000000000,3
obs,2011,12,79762,56284,2907,13.,154184,27999,1.22188849708592840031357044126429805146656968231745169295551635603497213148423228003978701777041170999019886686726116464426502368798720,5
openembedded,2007,12,420238,326370,2825,19.,306728,42344,1.16498283704925092048664378166071462596633956592037237418903097796796743928163979507941619267234950325632026052849936001690275610829340218800,4
avogadro,2007,12,83044,58201,947,4.5,34448,24843,11.329729729028944632026948377484001329496204666608279876392330854608947672189194525179234426783426736592360354810626048000,1
nooku,2013,12,1278208,1187083,1801,7,543027,95036,1.21213819027002020144360612524253568,5
lm-sensors,2005,12,8284,3699,341,3.,71929,4585,1.0681916206913510165141786144968712831149224402155740883586984849589628313022028793376051954358068741363578222867556456333531806264098974171929600,7
sdl_mixer,2004,12,4427,1392,20,0.,39098,3035,1.084909355419478449267552363667999777925077801274000000000,5
nmap,2006,12,248839,59347,344,1.,348180,189492,2.194116756913082605437861569124835992564719479212262373390071513648299060975732521725312126336849251043556505283009496828234636998484390668800000,1
cyberduck,2006,12,51522,29311,842,1.,83188,22211,1.3642520950536138344384339333757330849567808478444854480841713528278627077291530022915293758378597591961804695841462086805769948240160000,3
rabbitvcs,2009,12,32838,27308,535,2.5,18681,5530,1.42050034215848676848938946287420510327018203614440396323450572852301353850480259818341080847566717473587752249200,1
ubiquity-xforms,2012,12,0,0,0,0.,226180,0,1.000000000000,4
webpy,2013,12,4,2,3,1,7552,2,1.000264900662300,7
ejabberd,2004,12,13356,3742,154,1.,34348,9614,1.38869572249931325470504198624339254887660927873664052060665575124804599563941311927655140448208453020850201176477501594681365514590000,2
innosetup,2013,12,295,124,83,1,81450,127,1.001561673818980006087072920,2
gftp,2009,12,0,0,0,0.,26525,0,1.000000000000,7
tellico,2008,12,17788,11406,39,0.,164446,6382,1.041159853980769732087577485863045749423061441674623725960480000000,7
sparse,2009,12,1989,915,102,2.,25796,1061,1.042894683644783157365918618821082133446209339664705534807150506925333716741693048568595687544081778879346563708109163929186565043029248000,6
picocontainer,2004,12,90001,63611,1281,5.5,50689,26390,2.0860529240771419119664702526218321577867216811440996120305575099655705374010964566142850058801473106767695501972492421042118237500000,1
thunderbird,2001,12,170274,83247,2801,33.5,307831,87027,1.3941368815969902549741090857061607140336591636924755711799970474905926242093655760713589636966333779287739897790742763451532445220864000,3
simplesamlphp,2009,12,34295,17783,1668,3.5,62693,16512,1.3575496415766311050555287915881561292943882718563225759284435732703323251886170497104864711492956741294763996288309144484595424000000,2
jabberlang,2011,12,0,0,0,0.,1167,0,1.000000000000,5
icu4c,2013,12,15416,7961,177,6,531512,7455,1.014225551798179322711781891316883340,14
html5,2012,12,106331,102162,716,1.,77557,4169,1.058299538515354526930234404820541395173475602126848338335437746175969517612732531368210892209465694013514950336726996412488414880025092403200,3
valgrind,2006,12,80122,34608,865,4.,260588,45514,1.21252632413715925019555154733962276504895993889300474037932817170122981645602242316394846172330693145363082323983199974752681862784614400000,4
tcpdump,2005,12,12956,6781,284,2.,73762,6175,1.091363723801438652893975281914506086580849281693047589287498425596930605908660169492005326572424055167371198083106341195793695876483712000000,6
cvsweb,2011,12,0,0,0,0.,3923,0,1.000000000000,11
anaconda,2010,12,68919,61918,1549,10.5,74509,6980,1.104993983149497329938260729129459401587752966440822022560035278726817245319613729919558705245062710007443341199554592187271380333934962851840,11
remind,2003,12,0,0,0,0.,21540,0,1.000000000000,7
pharo,2011,12,369518,451032,58,1.,350139,-81190,0.7681206606126262795688353845184075163795256943322191370421978203520000000,16
tar,1990,12,0,0,0,0,29,0,1.0,0
citadel,2008,12,116573,95924,1214,3.,161653,20649,1.14644265411091006013254618400776930234674159261273987385189473728210184171128417852265105428635240801740840575591248501933568568638177280000,10
pootle,2006,12,22043,17784,142,3.,9158,4259,1.8693610941082404100112873959415099835888075,0
fuse,2010,12,2466,484,61,1.,28379,1982,1.07508428987954980687786767782754371385017428200912324090766278420910843710454921993256120057249524272069900072187300610573675352000000,9
latex,2010,12,3808,1274,72,2.,30242,2534,1.0914537317758165870455585132760745131680670128764204607915240879356221770757647393356885538534415528409285572863980868234243505152000,13
gegl,2009,12,14550,18737,559,5.,71995,-4187,0.945039510654103496726392129272420365337148758165323689996899933300596556312054556064030181417007423675178554290256563861313625088000,9
libcurl,2009,12,22090,9135,886,6.,101108,12955,1.14696039839116402243394768750602791145939371346761674790779682652780650485856975929140173272507557687964537300397617788034732450386375680000,9
taskcoach,2007,12,43715,38411,431,1.,49828,5304,1.119126763135320491327867560618924262422105604119244177081147053593587768729910009331003502908889977921791702942195007230720,2
xen,2012,12,80842,160051,2105,24.,598762,-80125,0.860409894065864441825784857566180497897290499948350275996392905634709289979851844152879805172756769745872665659158742020741708612833199656080000,10
CanooWebTest,2009,12,2706,1690,170,1,184546,1016,1.005535879692181987895971479269357442790983040595937441403560798338075835208067728771108660899932674343438611150340991511188828011322872954880,8
coq,2008,12,126366,113481,1282,10.,317562,12885,1.0422906881686298682976363745915895940240052813729446957280321213901654197713264734766632609098592052625626613352887749513682194433215242240000,9
amsn,2002,12,9252,2625,266,2,7276,6627,11.21109399141302883264702916172270439748996597663693846085036399430101581824,0
hbase,2011,12,165363,67057,1558,8.5,237100,98306,1.708287101755910987825247832691197811892752203625051290098004895056258865544539677787443152050678202380082478873022811402669274224000,4
ledger,2006,12,29992,27676,440,0.5,41200,6588,1.19033861089085269202722112233306490127067671233107957614012878573892960000000,3
rails,2012,12,128577,107878,6200,87.5,160886,12812,1.086524305418498877359243762723990732005458650658365382909008123367503104129084518473664858507491639863691061881231044810202983672563564000,8
vnc-tight,2007,12,11014,5725,104,1.,106465,5289,1.05227524313835373196774781160347966592837943909265651735782758026663246676214269992241068182583553821913192820659937748480000,3
nutch,2002,12,10749,2953,176,3,9009,7796,7.427040395428618021978529936404,0
rpm,1997,12,13576,5960,528,2.,25307,7616,1.430501384851112838113608471371415306726564317063465951131756135707216879937437566448843176636006942227535336659892037316352000,2
ncmpc,2006,12,2197,712,52,0.5,12429,1485,1.13569078947402733256919670678596541563831359663238487590799468565760000000,2
SharpDevelop,2011,12,431281,190734,1646,6.,853750,91871,1.12058476477123644213363546667443628168040938866879807260836015592867776208630968923475761003276669295857816561281628113931482152988538321100800,6
civicrm,2005,12,817672,601575,7181,8.,408741,216097,16.1381436066583428064254543450295263183614301186412517873648737356119941841261874820317575439223835766157022997443423232000,1
lyx,2008,12,196557,79342,3655,15.,396343,117215,1.4335980705544976765385953261081904739704943211495089871954483922036445129578078037365383127983845132891119571420041886091963195695694713920,9
stonesoup,2010,12,411758,305805,8115,16.5,297472,37548,1.144457610679557337010478583439485166404182046469027234148654190247727761041747019391381005838146787987492652138387359537025337221204623360,5
zope3,1999,12,10486,5520,100,2.,5194,4966,332.06666662353236081188840399317224048514314137159718943348626248305664794675152106154658828872856386077766882959108480000,0
MINA,2010,12,50866,50054,133,0.5,47920,812,1.01723698734754733305362253050104891162007828720455004845796588982251033600000000,4
obm,2007,12,668919,516477,6653,10.,197910,46869,1.31141778847168718882578532389046959665038003146774999900608889592354440831984649221913867408872800148817473482983434176421452884858400,5
shiro,2007,12,46354,36942,518,2.,25464,9412,1.586344380812571178304773182566113671353243611309978098226982127312497002375969798326757941990719394492112925894433288672000,2
R-project_,1998,12,111667,89350,1405,7.,109118,22317,1.257105332873703207906207260152356587277922983426757953006927120024655743390011796562391994619951723124871668398278068830444647630643200,1
ireport,2009,12,112693,29094,346,2.,425701,83599,1.24436863859740360418635267934012400839646015874283001998386468758167799838238384278960497671346920442095670487647121320606726518610912871104,6
eventlist,2010,12,57816,56602,38,0.,29191,1214,1.0433927869300000000000,3
ccache,2003,12,5163,1747,148,0.5,14917,3416,1.2970176506811766954827219261595873550500776521659149996577040200327680000000,1
neooffice,2006,12,99898,45833,1039,2.,146488,54065,1.5849734373654835520705704538351469537713616025218366618348945113769050687140468445071370895712766693713202852419522352174000653729968000,3
bash,1998,12,15825,6348,8,0.,86752,9477,1.122639922317732842446170000000000,2
habari-extras,2011,12,32444,6204,864,5.5,138995,26208,1.23236720543716032573366061700679229203936344676055268652937270471235204940204769114385393303268234824428180561132127534961375349790485323763200,3
MozillaCalendar,1999,12,0,0,3,0.,56117,0,1.000000000000,1
eventlet,2011,12,1402,848,70,1.5,16572,202,1.012339645693064633260672772371928972776849286641147843459076617155347042806571216755200000,3
flightgear,2005,12,44405,34106,774,4.,156247,10299,1.0710520869188954145527359388098881930038892350234729324493293764169868583270117303881853030078379941731779435357598092436264854067118080,8
Pcsx2,2011,12,82683,55621,774,7.5,397154,27062,1.07312235875260544180168739358123003780348478522691406700583115253439183955007367064804558980376295864441952645291518365567141571782657033344000,4
fldigi,2011,12,22411,19879,256,2.,132344,2532,1.01950513049727124690423697005686135745218622077880380764131666685161375872912314786585358017449620495209050091413706370512203814400,4
strace,2002,12,10039,4641,98,1.,50533,5398,1.120035579273858250662453045632423134944114555939653475265528573074657574879390200000000,3
virtuawin,2004,12,31,15,2,0.,603,16,1.027257240203022728853040000000000,4
xchm,2008,12,5,4,3,0.,21041,1,1.0000475285171100000000000,5
tar,1993,12,71,0,1,0.,100,71,3.44827586200000000000,3
mame,2012,12,1628509,631069,5228,20.5,2930443,997440,1.51600540716474516551174002809134001161081822180816703733760982673600054484007304358414914926613523295369294502462897053251930290375987200000,4
patchutils,2005,12,54,12,9,0.5,13733,42,1.00306770871328692434345646599083245200000000000,1
lxml,2004,12,16356,398,39,1,18318,15958,7.761864406187129484171006991107000,0
php-js,2008,12,453689,445805,480,2.,15174,7884,2.081481481496850315059614114377596365553257739024580473859996073420010623616698857600,0
quicksilver,2013,12,0,0,0,0,48104,0,1.000,6
smuxi,2008,12,33114,14935,232,1.,40835,18179,1.8023923022984646823114808135703717680937265569310082950752005009674064697392632309061964884323738715040538267948800000,3
jaxb,2006,12,23263,13680,1101,3.,296789,9583,1.03336629457793471127433138873373635394277911551999920859436170541974333981106405074983474845650362730432803663968524931808632910506882526167040000,2
phpundercontrol,2010,12,43830,4310,428,1.,138756,36874,1.36469913363944638741912512882847510147107326600913378504571310966029693426025551680000000,3
nant,2001,12,443,193,40,1.,657,250,1.6142506141529033104544198422833386930068512,0
opensips,2006,12,70303,24434,756,6.,166004,45869,1.38181212798076779836906782334754918245056437977653344192831545574460856478133534050477760576016191941276523258373954259603534615186036000,1
gtksourceview,2012,12,5542,1050,154,3.,62485,4492,1.077457624192549538312520561803764236090664684374251028296250366446311717572962664433457369911243050044423057139024249211831488189312000,10
curl,2005,12,26050,9969,1310,3.5,82609,16081,1.2417177729581684843066670876318951116385143441674096766202366399650384654352082299899668644883901352136681152161293880264381199684993024,5
falcon,2012,12,31661,18831,348,2.,632573,11462,1.0184540283471192567972388087864173112534164788344207758179890681387438920841044403730180881602900872591008634058272165335216527974820315001635840000,10
cruisecontrol,2009,12,332605,212466,1058,3.5,312793,99026,1.463242689485267665785163023364388126883222556859394450254714841362040609955737843239256240667485102344793246864121751119782705492787200,6
moodle,2007,12,192233,145203,11446,25.5,406000,46934,1.131022969640805192496554544023714417107571002728738046142197735976366670217511404979631696938580499114972268969267848709893276867040000000,6
lilypond,2010,12,39829,21594,1182,16.,1106862,8284,1.007540657103576057533115840778339185393797797133197403407639956962552593737549986593449612021630726605843536040011796873352082419164398630621517722013760,14
wicket,2012,12,98511,55403,1392,5.5,254964,34513,1.156556332244726143040888794273806184489157883993818554771310706572044145035404069884656422585436900301055443676646156116167805916592209920,8
unixodbc,2009,12,218514,56024,44,0.,579415,162490,1.38973436466361870257073223001966361775045035493210991267327360000000,8
spirit,2006,12,20546,8800,57,0.5,250598,11746,1.049176896152819541133829867681876344369868423400000000,5
CEGUI,2010,12,73093,10032,433,1.,182667,33375,1.2235551804549111224621011956970289613881829935114386703512499909643119081513271151060238762572099418267275265018874280256471040000,6
structuremap,2006,12,12626,1848,18,0,183972,10778,1.0622307932133591379696000,0
umit,2011,12,858592,399131,2065,4.5,700149,536165,4.2696177676660498524132686636923132045205676706663141059551993864130991955006122225754520397964194296378278787683873789952000,4
flowplayer,2009,12,0,0,0,0.,95304,0,1.000000000000,3
wsdl4j,2008,12,2,1,1,0.,14533,1,1.0000688136526300000000000,7
ejabberd,2008,12,17516,12180,490,4.,62601,880,1.01425770807363567264046684572183172379256547339000000000,6
guile,2002,12,25783,10863,587,4.5,104337,14920,1.1668586510335551033738883314383337807772866267964671505345112649253161966151436415470365729904021420030893007466208256116862558676391545264000,6
ubercart,2008,12,68353,46988,129,1.,85589,21365,1.3326638017596742555590041738328718981174637660738834755039177141478301772543761823011318356281031353964939330800479737167880630715648600,1
libpcap,2002,12,5725,1196,98,1.5,20799,4529,1.278365089088848327538333730936961286680261969270573113064037336906250744592621812306070400212059127914817390446633600000000,3
OsiriX,2007,12,864175,439899,2315,4.,1085021,424276,1.6478970025392714255378481569335625438194648363545395139844288625993527136895606572063629674716278262977509674893639999046910101787763625984,1
thebuggenie,2011,12,93805,91772,2412,4,124723,977,1.007895204688100643496894294221583680382106298427755281865914677947772737943023477082746378438739112122272,2
ipython,2009,12,153869,136072,558,2.,42699,4481,1.117248416978573660977404002355997084547190766901832798405245920753408389574958611480545835717126523160000000,4
trac-hacks,2010,12,305684,94636,2936,22.,1090501,211048,1.23997643990244028476830754303731376126970254460294336448870196001177169876682754268352134847710703212116176396302040473134332103544094720,6
cheetah,2012,12,16,8,6,0.,12674,4,1.000315706393100000000000,11
ghc,2010,12,23768,18031,1054,8.,178583,5737,1.0331913958132899021243898605686793901523485769874337892460587141593274949613417779988977159221032188050684496869984530085278395815168593839675000,14
Texinfo,2003,12,12101,11044,514,1.,58425,1057,1.018424905876556718395071379205239069903073528314268210850592739193916208197783430648522919272888855260501967424865822323040473196226499297920000,1
sshfs,2005,12,2282,1090,65,1.,2538,1192,2.03203463202550423565323242983663407872780926446694379000010781621998318901551467634461931898152281600000,1
liferea,2007,12,53144,53804,466,1.,94322,-660,0.9927826258230856575073214557660226859670746920483488095158613461828659925574960439172802720000000,4
spidermonkey,2007,12,138496,411238,1587,15.5,765984,-272742,0.63897180385636095125852339557272497806995773613191172282977647108586403453290061314089167659312299079008955729815838854607063384099601086012160,9
kmeleon,2006,12,23914,8495,479,1.,48541,15419,1.465521405676234925894372806543508762674734943630406374711798494843687193817903826468464727915387138399847322829390748660788098521930137600,5
john-the-ripper,2003,12,1390,268,42,1.,17602,1122,1.06808252427686415631054478191813033129560971070704912978499442283151360000000,1
bbdb,2006,12,320,209,66,1.,79510,79,1.00099457390698023943828582602760421088081717037898982937764124268210079235907536000000,9
fontforge,2010,12,31302,24164,250,2.,598136,7138,1.012077875051514249273625828056272334902473978802934382433743688598353296363079960631735172402124554360237959065782815410994583802454485842768472185510235347353600,9
aws,1999,12,35,20,4,1,594,15,1.02590673575,0
jetspeed2,2009,12,126694,130860,1147,4.5,273041,-4166,0.9837409162428533263559349424529163659213844530098912870494847864964674671167757547114628828356116483093218310948992023678624410278400000,1
file,1994,12,141,95,7,0.,1754,46,1.02693208430145295629633878628136395000000000,7
tcpdf,2011,12,22669,118557,252,1.,149604,-95888,0.3433093407058884632596577487328900528542443451000309630351944845375298916068328273934365778850801794984674176005430526554987924936532893056211585280,2
fldigi,2012,12,40740,18188,169,2.,154896,22552,1.1704044006036212751211610282844896841945943802382647213769426127557328276386763043531394793091128798125376512526285369887772442860836014400000,5
swift,2011,12,104718,67876,825,8.,39676,11133,1.390043092836533452668177232795681530466264366596860167370196887508240438808188889107693413247759721790475848555896257584313984614400,1
wesnoth,2007,12,80038,56350,3471,14.,106511,23688,1.28600750998098136564361979431894176942208543306078360107246262982941344872096860255554689159890154646656314221883966376126503778600000,4
cglib,2012,12,131,198,4,0.,14265,-67,0.99530220165491886645606680000000000,10
kismac,2012,12,0,0,0,0.,93342,0,1.000000000000,6
obs,2012,12,99067,81951,2541,12.,191056,17032,1.1104654179458511526643586550867906992742471464266276225964172111494022795762294626360022839469153641801207573658049577373393671129761280000,6
tvbrowser,2008,12,58577,72923,993,3.,157864,-14346,0.905715187079232379897522739982300240674516410904465582875642886946444951426309826708907597449663154786579013054583705822965859972804320,5
telepathy-gabble,2011,12,37834,29424,1145,7.,108940,1719,1.016032307107148467524110121158367748072751043568853508295987936808973688276020353320412023578509289439940470976712214714671691534152326292480000,5
claws-mail,2003,12,64726,43891,1934,8.5,147488,20835,1.1645045912869560808189075568500098736787081551540095226623400501433973342782343838714693683217166950280956335514304274598313949278822400000,2
wrms,2013,12,0,0,0,0,46451,0,1.000,13
libreoffice,2010,12,23300552,25065271,30803,63.,1604545,24090,1.0152424460040440437358611784593637926752271564786614828361855410666569538593331552107055507232498617089188468641647820748849193846325880176267886320000,10
patchutils,2011,12,287,44,21,0.,14484,243,1.01706340847018621697591128450756836255626987130000000000,7
qpsmtpd,2006,12,3513,1935,69,1.5,5891,-595,0.896214896237155726261131142898880000000000,5
redcloth,2006,12,49,26,10,0.,3227,23,1.0071785268410282462340505076535992232000000000,3
textmate_bundles,2007,12,359087,284171,2431,18.5,400267,74916,1.23026208616067547934076982819443286366509828965261434547472622236087211720062505868020264869123900906568847406744170798087258273920000,3
gajim,2005,12,169752,103539,4293,3.,44503,29460,2.9583859602638849405548138061788128435789531543242620399404605675020920382640360486585037255193510168066606768456363051396416000,2
pligg,2012,12,419,117,45,1.,133418,302,1.002268697977611416786854861939628346660,6
mediawiki,2012,12,1821656,1599010,12906,50.,936492,100217,1.119837374067005728685981742545705103810964170105017031362256096811729844570503889807819086281289738607871552778132214303515492573495296000,9
firebug,2007,12,34301,32405,150,1.,31542,1896,1.064483215997860506092704744749151284408537600,0
phpgedview,2011,12,6241,5975,125,1.,361678,266,1.0007360021254464498723812520549436085458462655055870720475699833232316086159811873610192061127794065986904587936563200000,5
compiere,2003,12,320319,180121,1271,3.5,303037,140198,1.860960826408707771189582704333676001330093642506249690267344291555905478146254945028080340374895815152867010491597732617073638195200,2
wordpress,2011,12,54227,40437,5510,8.,153840,13790,1.098464833980615516275235157178780337013965711636250304046227126211846104602803241052142370167302065185484539630233202405741488961866404724736000,8
picocontainer,2009,12,293973,18109,589,2.,1401214,275864,1.2451361798567435957195759843807494772186282618949817658409347748453100894483221181727516234291732916235292336135440930017807849265143380775075840,6
bluez,2013,12,19889,9401,821,15,160148,10488,1.0700788453807168222620691438099875,12
mplayerosx,2008,12,0,0,0,0.,6998,0,1.000000000000,5
mozilla,2000,12,1214399,764201,21166,110.5,2035081,450198,1.284057561324463007205769089685780378412116267137567388031564803834002857926874322313486008233455530481769772716333323550509696204800000,2
tomboy,2004,12,7640,4666,145,3,10737,2974,1.38309931726390955658808172381720,0
calf,2013,12,360,339,7,1,41502,21,1.000506255876253313596215520,5
dwr,2013,12,3203,3159,33,1,164789,44,1.0002670794258155214149674000,9
gsl,2000,12,235632,132828,1385,2.5,529907,102804,1.24871413988418683273645842253038563887374140886645814805014216465052727082852656949656395039728187495815361012760940058912028704837888000,4
axel,2013,12,0,0,0,0,2661,0,1.000,5
lfs,2013,12,17320,11371,265,9,459501,5949,1.013116467351414012307585533759396096,12
cdt,2008,12,585332,382621,2779,16.,750913,131122,1.21155841243756018783702817875596022592108746460370254384196173255185792063670199869605597385778662749403256073545369502674220495247782560000,6
system_data_sqlite,2012,12,0,0,0,0.,199026,0,1.000000000000,7
flotr,2009,12,20585,12594,113,1.,22157,7991,1.56425646092114076414127016460214406925906812765295602035768127784021232790234460808532094986739403866801940821736479184399257600000,1
anope,2011,12,73180,76922,607,3.5,148056,-3738,0.974672222790653064961867613115682587030996930934563953358632608604863430522411512054173292242761992605212319425361616373645892676682770632744960,7
ontowiki,2006,12,169717,128937,386,1.5,83385,40780,2.4212525700380388742188148518865993115331320473138062999187193504516905252177403334861949440000,2
tornadoweb,2011,12,10145,6410,503,4.,13629,2545,1.2296102489876722150645839966404122167281042917265851746603358825885798035760218971274723604974552848621667405372844752257976193920000000,2
anyedittools,2011,12,565,37,12,0.,1249,528,1.73231622750379300557120000000000,2
commons-cli,2003,12,44,9,8,0.,4849,35,1.00727046115532940586944770000000000,1
cairo,2005,12,78197,65127,1093,7.5,55210,13070,1.3101566208382385385429293426492276763473873320282657524471007608901203552914244345800712074985667857810443283816258454412435059200,3
strawberry-perl,2008,12,4791,3113,101,1.,1951,1678,7.14652014519771493716587556805047849974441861948931266008202472000000,1
ubuntu,2002,12,24639,11952,434,5.,72719,12687,1.2146518906582116633638667919533911032418093126397762667963966635463148227215535650344776827866092004988407271139820896256628355598927472000,6
factor,2008,12,2945427,2418845,10961,13.5,240016,64466,1.3672230134057543473971321275541799294592188348756988127750459670301741211791168748279000595880904656382715751888444474151794184806400,1
buildroot,2007,12,32422,11804,1163,4.,56421,20618,1.57634035886399027536297176459705285970989951218770412176902531505648909298790288160937116062299247891909233037581273614295040,5
yakuake,2010,12,804,235,33,1.,5433,569,1.1169819078970622835898481362615287267075084262606696884279622305904394405791761068951508390299417141906866176000,2
rap,2008,12,451892,146209,1191,4.,407590,305683,3.99962711066067455743670358488464075623097892579467282015023061277823843432291162782735592651387370582324868821119647083519474112400000,2
CuteFlow,2010,12,18806,4002,411,0.,778342,14804,1.01938868792427127244751712296920962257483100132528558329016433480000000,4
anjuta,2001,12,90183,65923,257,4.,90185,24260,1.367993932561962989219734780713711415439682224190809370546702212176303939584000,0
tornadoweb,2013,12,3704,4419,193,4,18507,-778,0.955558094370976755735011609226624,4
axis2,2010,12,78359,73829,614,7.5,416085,4530,1.0110655677642064109254471113854580349958449435968638287921916601890249901666255297032311264238875926653559078925841572032629921224962646701671654400,6
auctex,2000,12,554,266,27,1.,13470,288,1.021847974515286728932772862162447076647317919930930519801560649316368000000000,9
wordpress,2005,12,56889,43208,3036,2.,37491,13681,1.574590508230186019430172163424574816373434043123529888522416479448693195030581972239312112643796109992946088364138674729222154240000,2
cups,2008,12,111075,140742,1225,1.,528854,-29667,0.9468829282991908179873508589806930280025240479741851286628674749317399757735162425065738708160762600385410662326109104809732728588485638144000,8
marble,2010,12,102440,60116,1301,9.5,193042,42324,1.280815828236140242361080338921921648556094935906647347013067781880549682867172164545056509658190348140370983689047527011520243415121920,4
tigasexmpp,2012,12,10304,2962,295,3.5,83762,6391,1.08260200849915392183070882813601913606201081554449093104034048144384033155280426446430980452413952802457356502391174657909337000000,7
x264,2007,12,6894,3567,132,2.,47116,3327,1.075977985330376738119500420835907885446090055303813327861989150153743442562973388015695559870673180007440732391862217142564918145020736894992480000,3
pacemaker,2006,12,57117,46467,1257,4.5,50960,7040,1.16307621028121088161400157281212772060482978400000000,3
OpenNMS,2012,12,1332620,788623,3502,11.,2664797,349540,1.15097244063431821759503009019746000017700045108314166129798913467083872276178721401410942329612009719066790157761016453581227620296000000,10
WiiXplorer,2011,12,16664,15311,30,0.,48226,1353,1.02886523159063873665301562437102969759836563096199547786400000000,2
rsyslog,2007,12,51613,42347,809,1.,25069,9361,1.9338587389925321353472154087300970604397139782974734950107369732969682399508087169649929595456000,3
automake,2000,12,5439,2962,138,2.,27919,2477,1.09735869820651382539034480892588865231820392805641246571104651719745266969214564193819153649375717543012511258687503169653815496576000,8
imagemagick,2011,12,415295,376210,2742,3.,778153,39085,1.0528841730368382330138015883335820937105191753660302795199906403201844742570179268151294131502153582029457238335318876426993746389493555200000,2
thin,2011,12,189,164,30,2.,12798,7,1.0005482026784293790948283075629475487271472829081777455201052800000000,4
MacPorts,2013,12,2604,2606,224,12,2201755,-2,0.9999990912990131305343847720033745942530,11
nunit,2007,12,70583,35562,985,2.,191648,35021,1.223620609264258756173806368053419722219476577838815666103576915619799134973719247363098669148619976198626117282832833423685451319663462400000,7
ratpoison,2006,12,1909,1118,62,1.,13744,791,1.061066934307878474950263364940300552195568494321601276899958550423712371569082363886848219684350687814964634786737893760000,6
itext,2005,12,60024,21492,785,3.,114919,38532,1.5044313823463154785397846060785263527990985959240110306439871085061541978110962887564409550501399273059275398025090239149469793628160000,4
dokeos,2004,12,702818,699478,11912,6,454482,3340,1.010664793346428569478175590040407479243543769149859469662251092987579940656336711403115831379175529127370293642212680000,0
awstats,2000,12,250,142,8,1,2654,108,1.04241948154,0
quantaplus,2013,12,0,0,0,0,131726,0,1.000,13
inspector,2004,12,511,364,52,2.,12186,147,1.012211330785496604755399225098911593833145016879998065116811118989592090781481902321765570982064640000000,3
squirrelmail,2005,12,66554,33379,1844,6.5,218274,33175,1.20129728288796325916881963411830126089672711440599971245494368214533311190126481648045206693184235536121215367469814934620775607325811200,6
openlp,2013,12,117656,119605,785,6,142155,1231,1.008735204791159943476751629330247132,6
cacti,2009,12,532031,151903,2165,4.,1766391,380128,1.2742105935109345037071046175815573000131038411095166855316004553039595688406217040053333262045959748434872694121903702185429823774405849260800,2
zsnes,2008,12,3566,3059,32,0.,116760,507,1.0043611777764886123437369224708076054000000000,7
nekovm,2008,12,7430,9263,192,1.,57205,-1833,0.9666763625797492996883746973529647451031275706834503960661534426675009757359364934678301589729363116670045640397257909001732421800359576480831454020000,3
commons-io,2012,12,10038,7604,310,2.,28220,2434,1.09439230589452238253742839650561474267740567252549207069049993533442154512751059400930082053301838379655143597274099589008972800000,5
nltk,2009,12,87049,30153,425,5.5,125428,56896,1.83021070448447417335551041517612807387637777014845865414797993580964758020590355844452788086031408961624218936506309716519901332208889056460800,8
mercurialeclipse,2010,12,61483,32275,827,4.,49144,12898,1.35584616231872073993129703340571938314236043847095329325099436587279933429459344079113977325879641598202273202151530995118896164432936960,5
GDCM,2009,12,105866,55291,1291,1.,281845,22954,1.08956644906020489893695887745899293046671647901485404610321009330966953316647252742746881761863655064534060443903685431299967355416572850500000,4
lams,2009,12,298183,110732,2277,5.,1210990,187451,1.1831400659900164961678999086410502783974675894443490700050225239602829852210074804215511833553458911004580448166021877985737035082393003929157632,5
freeciv,1999,12,106634,50713,972,3.5,99147,55921,2.293688983547671274942813113463553004087253564288363108756772192871326495121808266078467500579667528458600796158374371665644093440,1
libgcrypt,2006,12,12674,4646,134,2.,125058,8028,1.06859779542883068377915596437861828899917212583128283767459226712470429649629344000000,9
mangos,2013,12,11184,11159,9,0,3560046,25,1.00000702243048600,8
mpc-hc,2006,12,179,33,13,0.5,339734,146,1.00042993274205987144048204200273335655952000,0
kolibrios,2008,12,150346,21322,273,3.5,320103,129024,1.6752390372285724172067005063890306480416216794752670179772729581197382290618269162683128015637038374668649414721619820621304650994321348480,3
akregator,2007,12,8958,10046,229,7.,27280,-1088,0.95927229168865574443442225098477657680845678094124677219236861857529257192210357194157398466888473491045081828728640081748151154605404835799040000,2
docutils,2003,12,7429,2994,318,3.5,19481,4435,1.2947627276238024522830308159363147509364665102479056414107089098761192337657316252373554637230956491172954632968843586431011038258783240000,1
qpsmtpd,2007,12,4094,1917,84,3.,6989,1851,1.360256909281322923005504078996165461046568394797759540541477053173709270891543765726623555820613943376989785088000000,6
struts2-jquery,2012,12,21375,18841,230,1,37800,2534,1.071853910281833994530101848931898151415983721575995609031411014260209714710974781583423490836400324382144000,3
libcurl,2010,12,21142,24744,881,10.,105476,-3628,0.96411757720412250551786412914594539759411322301956146955777813990364432353087463082766402758565677906853094693183084462517182537579256995840,10
speex,2006,12,23008,16070,841,2.,57452,6890,1.14026872964445503385970702271719488206633505151547725976089828613160653477471090644423308111163865908120344045525893487868800000,4
slime,2007,12,11874,10128,346,3.,30279,1746,1.06119230364346679632645597864194292475118374526026406988205711977196396570839552642609763195818161536803673249553274476830283005952000,4
tryton,2008,12,176599,95553,4999,3.5,103138,75466,3.72716102918125796681668171718012620923864086400003888706148671569013152377941126935133148411970925582044107363525788175032320000,0
libusb,2004,12,2375,596,54,1.,5146,1779,1.5334332833505948007016356498246590569072218461133766036582580067480779414299668574267570184567175453929284080000,4
nethack,1999,12,34227,19576,13,0.,174538,14651,1.0916334661400000000000,14
maven-scm,2011,12,9485,4139,197,1.5,64673,5346,1.09011074215890822333956818838489965768583435703189449789704801307845496448880901801024795731646971706696458466660563708377156024277000375556470974720000,7
jbpm,2009,12,312059,240591,2050,6.,357138,71468,1.250176777379792408054450166400859687052818297102323776933441570278709712847811243798403506580664586140429036551001083503190374154802976000,1
nhibernate,2010,12,108866,85809,597,3.5,450647,23057,1.053923150679979435811246762011697004791975671542286003246566473060546278816141764602724859072074764118312326982805580977093050879201286662604800,7
qmmp,2008,12,82515,49801,547,2.,60801,32714,2.1647381349823606157000852806913045322327563434665092469545509182907616284029998141574743644726432087937499354878353596343050407116800,1
ree,2007,12,6135,2844,295,1.5,376014,3291,1.00882961341245979569881503519224416948512713006193469261769527504957682684753981053959115960116614105157622641959848465600535040000,9
pyyaml,2010,12,0,0,0,0.,12465,0,1.000000000000,4
lirc,1999,12,12087,4713,142,2.,16291,7374,1.826959739877187168581749583152082520777735704766857721569182851066086008924878566627000,0
intellij-idea-plugins,2007,12,91,152,3,0.,11266,-61,0.99458547843100000000000,3
bottle,2009,12,5104,2412,161,2,3015,2048,3.11789038283278763050594716318889762145920,0
venkman,2002,12,39367,21074,222,2.,62721,18293,1.411744845566586806752630390420304599684469173489711848737125185842055476616932503347970464424801671284087302028288065108222824155259157401600,4
shutter,2012,12,6394,9409,73,1.,24461,-3027,0.8752729820402138227000566061873467448275510866454118132248677849642826256974836330133031824000000,4
yade,2011,12,171008,167472,364,5.5,58327,3391,1.061726372502010512827410193716577050693548755911521763842028451911035029912567641324712966557175833893348687927363226384577714439003215226470400,6
commons-jexl,2010,12,2880,2122,126,1.,12265,758,1.06587294690045863422953583567481231408518471804615200241031747311207395320736000000000,8
pinax,2011,12,8942,15756,195,3.5,11473,314,1.08997134684115918053741607605389495227705982647435934201207344072317986920892450306553292371019500000,0
gimp,2010,12,102452,65378,1942,9.,737890,26264,1.0369070270069761950294050053268375250570872494171456210525242460451101669155432255584101735378552498835503133940956923378119282921426772131164774400,13
flashdevelop,2012,12,9479,3497,286,2.,694555,5982,1.00868958905298291543919300215954150120296114564055593744471848548804673247916325603359877356171691893589567646341012644257109882112185106294609828604620800,4
weberp,2012,12,100416,72565,2892,4.5,380877,27851,1.07904244299302236381287702873153458191142129987565952090033291343396583235857507080207850813400996891500000000,8
colloquy,2012,12,37098,8562,265,1.,337454,28536,1.09237402805991771869554870589134838125150197893958702342847187796293107274646128121604864795763390243649459684653706885037824000,9
ROSorg,2013,12,18092,17905,591,18,250069,896,1.003595895221773577722491290163314280,6
ddd,2013,12,0,0,0,0,160630,0,1.000,18
shogun,2012,12,294126,182544,3505,9.,217451,54749,1.3364986293978893368995855597363800262373277450262427142223741625275028696181768095308268336185243851088382219258540160811029459927100000,6
sauerbraten,2012,12,10938,10647,336,1.,246970,291,1.00118621061241292755160872799280635229335198362218404128985012458877395698563709234920323499229153338653809935285931754492321669328749242343409796600000,8
OpenX,2012,12,102,149,31,0.,1615067,-47,0.9999708990401000000000000,5
scribite,2009,12,329180,497050,172,1.,244937,-167870,0.14763870484923149707217546901070590738518600916116765172681710119258557595062968893131246170112000,1
supervisor,2013,12,149,137,13,1,25881,12,1.000463875681300,7
python-nose,2009,12,7721,16784,256,1.5,42010,-10594,0.747256417568480583503440397114735011841442453888564904802490368379831263729385313190864175055656540190501753839923558400000,2
musescore,2011,12,1205687,1030788,1493,3.5,1952559,174899,1.1053528467046776400951923973746692341693180876060104711695898076940803205863056955398598321602895254926534834268403517848659880009311998400,5
limesurvey,2011,12,2099748,1539602,3846,12.,456959,-19020,0.945558993501983464524683614048208176518188609737938203397847445772215864393706975934248874169621996531473890057858259197336461561134866790504949760,8
privoxy,2002,12,88241,55476,730,3.5,72849,32765,1.8174084422747769992715005303793026592014769418355940414900952886021927561621947371826581920222402213528613118431409859606599054493881728000,1
monit,2002,12,10219,5786,329,4.,10372,4433,1.746421956666069698775280434523862872300596044903110995558882450,0
buzztard,2003,12,0,0,0,0.,1134,0,1.000000000000,1
pysoy,2008,12,36694,34737,215,2.5,5235,1957,1.5970103720789168841823951669899811581624321629250725395205367877202778849688093449020327922154531604991955552230662875545600,1
pyunit,2001,12,952,561,52,1.,1551,391,1.3370689654533708229957720323796395823481614996511523509580571504639473739968000000,1
thunderbird,2011,12,195910,86285,2844,39.,1143765,109216,1.1055687067494502733508622983731402676244164381520897845652132595306292608803243646127943734667358632031630908188392758138676593737701174476800,13
spacewalk,2011,12,1585636,1198103,2310,13.,3148332,260920,1.09189987094302348496991974132059478030457116484749008699381733939572125556585152152009966921202277508842913384527620430867104433251575162780261036359680,8
ac3filter,2011,12,0,0,0,0.,61406,0,1.000000000000,5
pango,2010,12,5563,1966,116,2.,61536,3079,1.0527090644533374568507232584181826318660189809984238943045598548582577668809857114121167396864439002101423928788309797953482102344194909234311231045632000,13
mksh,2010,12,69243,35993,226,1.,146899,33250,1.294169689433485384291631159139489452372389518698410717499876472704305205282613460624103717381668301947741770711326165262983728987943610913713684480000,7
debian-installer,2000,12,13949,4360,294,4.,11856,9589,5.229819144278050005837194184000,0
dcm4che,2006,12,45268,28826,290,1.5,45413,16442,1.5675330502474197187498450203146752304437717090241608636208299371159410065594402253134862678829400021708752159694636040851321497463200000,1
feedparser,2012,12,2539,3198,93,1.,18225,-1189,0.9341055198446488912851597149832652154876136778008258830185274617303726080000000,8
pentadactyl,2008,12,70459,64026,1662,4.,19943,6433,1.476165803102681531999657177950939132319178426057478636573915370704989167276959032017128799581348705522164266512111897583040323479920,1
MacPorts,2006,12,206556,26800,774,10.5,725559,179756,1.330303887808149261200429428072223972946672876660224327388297584489357636869995585930004450616146822374330401365362305842052125991992691756313600,4
n2cms,2009,12,170954,111968,1584,2.,391148,58986,1.1775820232281770078316108708396455853609041092133983753970267832503840278458444158086145526157868457534818608568791206795384565370763200000,3
ankhsvn,2006,12,34626,8717,340,2.,105897,25909,1.32391108664782016072830143323357046661742583833372671222339358390694388366447302898682396715021383866574736016524532817351215650763333674600,3
roundup,2003,12,26506,8191,529,2.,23286,5823,1.333447861192159898816861515470159169926873602072723139172601769701488795645765739965679061619539208986104932865895185513245466733236521340928,2
com,2012,12,40951,17295,25,0.,56683,23656,1.7162624519411240242605780096237383212539025200000000,8
svg-edit,2010,12,47008,30746,865,4.,40547,16262,1.66963145980696873880404775028613073351473189928744779420699853036992376443778506188786810048243867678703671966762496334285912064000,1
quartznet,2008,12,7549,8656,136,1.,47323,-1107,0.97491104412392491879589799205924535209638825387957241478365614907929302029463587932213489747579022741647537575571930332878698055284551771520,1
m4,2010,12,7661,2327,83,1.,72597,5334,1.079300655638670804560030272914005443139238183257541662822168647678546426641307915018465176787256726274508800000,10
Mumble,2012,12,52318,35719,384,6.5,355218,16510,1.04874405092891656478814234742202642107071943678153089625422415289748122622858491523209187455317234159514767587095207546975269065427737262232497920000,7
iproute2,2011,12,3930,894,139,4.,45571,2100,1.048308067452745535734522708639878041130124954374390848469487050751019027288360430800278080162738805583320780650120104267018445381105158400,7
restlet,2006,12,495421,374574,1346,1.,131236,120847,12.6322071401905342700177864116595963267632214859599350499828199139106015513873798535715858126852423581235469743802812781260800,1
reportlab,2003,12,20258,6030,750,4.,215110,14228,1.070827650066114734941802361247357658378261599703756158097038194984517287877191539748315117264866968967726874235677990976470277188252003704173824,3
GeSHi,2005,12,29351,7042,740,2,25302,22309,8.4537253587186484926706457517176313962053747387130002547889715663218278400,0
junit,2003,12,10,10,9,0.5,7769,0,1.000000000000,2
game_0ad,2007,12,467130,326474,743,6.,979061,140656,1.167766175057144887941333436225871645574980460056880162610894153424200377269212771830291900656319365390081887577250163565823668732276244480,4
jabberd2,2011,12,4092,2060,61,1.,47556,1088,1.023413962293233754145811563292873755770416751698560080670259651919751576107649700474683443724738560000,5
projecthamster,2009,12,20429,15369,587,2.5,10685,5060,1.899555555552505224299351182151647259530860450128278028753705898050812018337007766225800489201246983719433109285917975149110472995600192,2
sympy,2012,12,784474,502594,4211,22.5,201129,42187,1.265423865306721564664898248716303785717966067024616006201402187758286561709689580210861159381354484446827558224530453744729835330784000,5
commons-fileupload,2008,12,570,274,28,0.5,12652,296,1.02395597280198296198090032403526000000000000,1
grep,2007,12,21,14,12,0.,23871,7,1.0002933411558064232932381440000000000,9
Intellij-IDEA,2011,12,2424105,1309573,17627,42,2560867,488520,1.235732722374858901846035690263883448978727060863532545962074634239351557764758970189536351953465389047463181360478588129280,6
virtuemart,2012,12,195896,115277,2846,4.,135961,80619,2.4567417150787381757451005999036567282876791633172568797763712407466060746801912701853764002902598125259725903971955196198186582585344,7
tapestry,2006,12,714250,714641,949,2.,209869,-391,0.9977564451902986591545869427040473044811677710825151669063315667548087505858633020006400,0
sozi,2011,12,9632,8068,183,1.,2341,1390,2.461619348010188783539675538868352258462557457739662929600636961446715233856908332185152361584433487367451075059445248000,1
ingres,2011,12,305443,37656,872,14.5,3750002,267787,1.076901340092096001559435658925598219001385027207479240982377975443601659485134268499135247726365683245452747892411529637948922801112896000,3
kmymoney2,2009,12,406716,214504,1681,6.,356871,192212,2.1673337018161165385156192535428926614228402987172182258579121066660154918500656758788105344671592460796823553619577743273846483332390600704000,8
php-gtk,2008,12,2195,561,123,2.,395505,1634,1.00414873493976880545618598334092104102179127538359649905563852470763470913894397263970219123511007400000000,7
commons-jexl,2004,12,2344,850,130,1.,10680,1494,1.16263879817418114906794564973745426760868210547120788788718279172081947929175092963487978898500000000,2
m4,2000,12,60590,103298,112,0.,161680,-42708,0.735848589780463687454400000000,0
sproutcore,2010,12,121803,76684,2330,20.,186064,37279,1.25697072470165834006740152926305722048131261497871494497909053921896748008978268994515527989506330049531245813989621316826944010931200,2
conkeror,2007,12,37815,33130,379,1.5,15258,4606,1.432407059746147779262337771747211668323518748460054667266863983329969733422284800000,3
yaws,2011,12,12002,9039,250,3.,41758,2177,1.05500113691535997845813676008535863049308228990563006923129544740886446356697989173151677077553484585812302146137437451247636225437710417920,9
tomboy,2010,12,2188,1586,193,3.,42405,602,1.01442987607430911797969008585958798339916613606258429497985324080477039706334281854463381436103673192526884218799083130749038574847539200000,6
django,2010,12,59149,15947,1370,9.,121218,43202,1.55375820338937993459472417395874419315383482292474939408361566065038929752204948654556805774981124133367803327335553637662103690977280,5
nethack,2006,12,0,0,0,0.,207455,0,1.000000000000,21
synergy-plus,2011,12,418512,243489,161,1,228961,175023,4.24495244467938745397829351897590190239747897549824371697143080375908284000,2
nlog,2005,12,79326,41150,492,1.,33301,19088,2.34299584893494352076979927613612801667908959472155777639994693673982065316640598566326980257001702354580063942695243118400,1
pciutils,2007,12,947,487,52,1.,7538,94,1.0126276195600000000000,9
quassel,2008,12,104711,48484,1460,5.,66549,53497,5.09875881042902350368060342940850527521420001164994646909156615751119742908327913515720226460600342359101424685740652598400000,2
bootstrap-from-twitter,2013,12,9266,7354,160,6,37329,927,1.0254656337546050652804420,2
quicksilver,2011,12,0,0,0,0.,48104,0,1.000000000000,4
notepad-plus,2011,12,20408,16169,211,1.,235923,4239,1.018296472782976276850670446661896272974684966387104177249610798038231944632287171581657993530060317144462782882005267557242445011417080912878400000,2
openlaszlo,2011,12,29711,32227,308,3.,368404,-2516,0.9931615196908513878339432084721202568182443126953817355989665016297038805996250604212944068414384919266730913946238002249490153163007171696000,5
django-diario,2009,12,527,137,20,0.,1144,390,1.51724137936961122225454351123879816740492800000000,2
kdelibs,2007,12,966592,957934,11099,89.5,870041,6341,1.0077596028385636188719763693049026242125027390462279728062814160403973440594184639643732982931330856299829338844696151176090522280494694400,10
MbUnit,2008,12,1197537,910962,1296,4.5,1362577,286575,1.2893676875836636444898282651854005961799860718511652604573543187012660244643714113792288217886851705957291415643358128532832112494182400000,3
CuteFlow,2013,12,0,0,0,0,778342,0,1.000,7
chdk,2013,12,58341,26708,159,4,707389,31633,1.046811275077865207402440190899242,6
buzztard,2002,12,0,0,0,0.,1134,0,1.000000,0
emma,2006,12,5432,492,61,0.,38912,4940,1.1454138702406521189120000000000,2
tellico,2002,12,54606,11801,26,0.,81849,42805,2.096327220353010428326895906041208767331942016000000000,1
djangobb,2011,12,11185,16215,93,1.,13341,-5030,0.611493009987112234106286878839353216570038016538972493427389107521692929686237451975639902641102793670902261761652797074169856000,2
eraser,2009,12,115831,24324,398,1.,133695,91507,3.1690291073552159619621939573986751714966879963312217140845353073716007543270800406039658744000000,2
ogre,2007,12,200823,76224,861,4.,474856,124599,1.36519697640340965694594390160386507176809843530204502353862685573031561827387604469587500391413097177439719690437630984611698814400000,5
infozip,2008,12,119,108,15,1,786,11,1.014193548391910826643942857646890400,0
pango,2004,12,9950,4716,249,4.,52340,5234,1.11111111110776760827114414265854098875871902279344009490249205919077186285362829526576700338836186813505340154996577519313595906842957117899200,7
pmd,2010,12,21690,12717,126,1.5,188732,8973,1.04991683309314004021266448217995979561221260348570272786430286425644331813053514319101937892447100024798170174903547392000,8
apr,2005,12,11372,4013,404,8.,223108,7359,1.034109080459783849884740139709337832622134742594542654918826715378769842509748979158515288106430214907962280726121747902438623449648010243323600896000,6
Hadoop,2012,12,388839,376703,2334,17.,2250918,12136,1.005597501974815759993842683904399973735500947724013832878308022037714235954828085410924824363210381945820686763043905531269725602234788355072000,6
friendica,2013,12,187329,121957,981,13,584263,16599,1.029240888980160901765466732389416,3
django-extensions,2010,12,498,208,54,2.,7277,284,1.040612040616925962427533002335419837600508336234130333763454623350254545672531162214908168156150975601134651821102604800000,3
bazaar,2012,12,176666,115007,871,5.5,246223,2331,1.009557509061007943193160439124752062007775223343351520492066339129652052102196890201695830033366141114088284315547756769365049745118657095780000,7
eet,2011,12,6640,3950,121,3.,17758,2690,1.1785240243934014051362536349148400367047694792624000669151641254002599712315960589874611225095819491138575256294942118852608000,8
newsbeuter,2006,12,3311,950,72,2,3468,2361,3.132791328,0
openssl,2000,12,61886,46933,1492,6.,172782,14953,1.0951808072419631897375876908727494311944144484695022969823321842446822374737380073396910044393134412206667481579415973163750211995782720,1
NHibernateContrib,2011,12,78200,88992,253,1.,1269439,-10792,0.9914044199752131393171921429881442724026010107292620104699844308645433807725824465947475550895210276360000000,3
liferay,2012,12,5832231,5901939,18785,83.5,5955434,-61589,0.988728945072535372260069792383156150308816609800373955795826068032849815389892869905204590337613508361864276375645837321376293152074400,6
mpc,2003,12,5121,2176,183,2.,7087,2945,1.711009174328992429185095214000247004724258995494463819400555419700625767106295957802529553684921632382663479694327808000,1
unicorn,2010,12,7537,3731,378,1.,10732,3202,1.425232403713113095717223315128702052702744641511746055405624294493837700789883310161367279897907932662412552041429443032012312948040540160,4
activiti,2011,12,157609,140797,1351,7.5,230145,16812,1.120002569547015578218370152867201490389167112544728076101667989755627354349903900679897747089184115491056533078362912618125368636779520,1
spamassassin,2007,12,16004,7279,820,4.,71885,8725,1.138141228631391500702870538677881050738537421845243197322918692859194736182476086883661354598638213258996658765871639428524074322759673446400,3
worldforge,2001,12,745187,711472,5262,19.,1027879,33715,1.04511665563445125679106005657399761172467140045813665027324603461491852087322242679700532192971780209637353427479180662547732137600,3
metacity,2009,12,1245,1500,65,2.,63802,-255,0.9960025082298038175171397167053427113437005916062383514862989008422337101525822651165606018120421763393439033424620129671081808128000,8
sickbeard,2013,12,2264,736,82,4,20086,723,1.037339255276535585737852921262805524,4
horde,2009,12,896136,512088,13531,8.,618406,120730,1.242587546864822407377663584306083284158945580514761357790039553269151871301879304678966956415515348855599439147101476267234035200415150080,11
resourcespace,2013,12,5708,2191,396,8,135922,3517,1.026562440992030131094059492999806860,5
libtool,2009,12,547,163,70,4.,16934,384,1.02320241691769232277243838086611598373573813792403847905926207739044746922671155760750251732096000000,12
squid,2008,12,361143,1345651,3572,6.,865822,-183844,0.7868312241582214647376007570189871686483864005053716709039639968846278196699360072183743023114890742499672166721620704530507432222521489823744000,12
anyedittools,2013,12,0,0,0,0,1615,0,1.000,4
xlib,2006,12,6948,2790,176,3.,110502,1680,1.015438054804766271794710428379848144673209032829205894313680779726871755681624185402934928882949225237557798341058560000,3
gnus,2006,12,10194,3665,566,6.,120019,6529,1.057529297731241202519445982367650057543865983332394305180658538432119160271645499913784039877799152038166334796649703753872370091096605262479360,9
vba,2011,12,0,0,0,0.,179726,0,1.000000000000,9
velocity,2009,12,11622,7580,144,1.,56746,4042,1.076692471170066032528339194494961946914413872694163655676043234720632486853431279466087879250864135667600000000,9
libgd,2006,12,21029,37302,33,1.,79711,-16273,0.75959876495799799434598861834056576463655400000,0
rrdtool,2004,12,1379,91853,80,1.,23046,-90474,0.202394386083983778700201375350975247511515583689828966570846702349807800956186068173805504640000000,3
xoopscube,2004,12,0,0,0,0,63118,0,1.000,0
warsow,2010,12,277,84,30,0.5,999,193,1.23945409430,0
libidn,2008,12,30568,6292,289,1.,59731,24276,1.6846989140843360223703740245880239323698117132886732696948589211952203719802405479301908829600444195141014076113889586671380557204224000000000,6
fontmatrix,2008,12,141093,87892,673,3.,90891,53201,2.411541523037057866515879295397170719981695092094042397877510891417258978019564963455761641112561021450728639095397777767108185292800,1
mako,2009,12,253,100,21,1.,8392,73,1.00877509316143709291006959936684227143106593481687745614742550673582603373239954033011076857973000000000,3
bittorrent,2001,12,4135,4112,78,1,5348,23,1.004384292806483245418276053027680,0
sakai,2013,12,29105,10234,474,19,1489606,18871,1.012830999465531651025836176311381248,7
dotnetopenid,2008,12,361951,72883,1291,1.,121913,111585,11.804124708556542063113385052687274477040511944520199140481280748336549179519577154262373264716272824309236864889127945919007752500000,1
closure-compiler,2011,12,158648,47211,984,16.,391632,111437,1.4057507173406937582723551936337921898249300675722213599723661716398715714008093539231589877196613093725743323021460048569858337280000000,2
swig,1999,12,348,294,18,2.,6020,36,1.00601604278094723209890066541356256040,0
nlog,2008,12,16693,20252,14,0.,69118,0,1.000000000000,4
cmake,2009,12,231312,405674,4620,9.5,840940,-179572,0.782475130913784535916247369590054739228004616447086500490269516974703796994613313009462182872995143088476014575714824890767222732529080320000,9
yakuake,2008,12,455,230,44,2,3416,225,1.070510811657700026740255423176782262678829568298033298606095765199872161287867651197848084125811222641716800000,0
linux-24,2010,12,416,125,36,2.,7249311,291,1.000040143357303846637664212749156459622790325602126357714756116088615216587033716093038887340447444131474213903064765797120000,5
json-lib,2010,12,33,3,1,0.,34204,30,1.000877860361700000000000,4
scala,2007,12,88114,56457,1613,9.5,108006,31657,1.41697290604532148501869063292702955894947043808131126422728322309102160236787853043709552434832016767284231368950041687489349052006400,4
yaf,2005,12,16516,14364,143,1.,43657,2152,1.0518491748064659544220576578555242470990042986519412107566120984428788458675745527247674061486080000,2
nette,2013,12,1043,400,176,9,39584,480,1.012274959082708164280834728935037756,7
drupal,2003,12,323138,308644,20177,2.,295203,14494,1.0528711816642752479689313171429389566000458576657746183279692704500038988401601384904694513205357891560610493509989901043331214217537280,3
httplib2,2009,12,3893,1898,47,1.,8984,1973,1.2814149194210017654094011602164820099410832470624688893733611087106293076681609792000000,3
byobu,2009,12,5696,4061,608,2.,1662,1526,12.38805970187219614192222079603367574138999231944498565793216917506768371743881284864118850798110227344228721816927441331593625600000,0
macfuse,2013,12,0,0,0,0,87745,0,1.000,6
sub-exporter,2012,12,0,0,1,0.,2190,0,1.000000000000,6
postgrey,2008,12,104,26,14,0.,2297,65,1.02912186379690008546280000000000,4
firestats,2010,12,424,63,6,0.,46351,361,1.007849532506978980072719920000000000,4
equinox,2010,12,1031776,466137,4986,27.5,1725866,425738,1.327458527196086773930709501701347282566313939396941322971018883568788825970757841490320514116096156342957959682984138543428924547068234293248,9
lxde,2008,12,250643,188542,1893,7.5,150132,57300,1.617244053591604719422130524420619902415098524028430688569511217890039877635773587111150836190389521177130796279166870803806420992000,2
mephisto,2006,12,153363,72925,2792,2.,84551,80438,20.55701434718988707202658719524047650593989741493486518128259104701198407650071091363535864461898382005387869239267333898240000,0
gnutls,2007,12,39123,23359,675,2.,91609,11485,1.1437997696306308859218768358320790319550728807148420665778870960880030487986804739955076590348939112154190040777030519113577063083976908800,7
Bombus,2007,12,2871,1347,222,1.,18033,1524,1.092313283665072555123916060551580508602864257039265386036495704196805894459192947323272378900442327031006620079317369717479531520,2
spacewalk,2008,12,6981320,2839678,4351,16.5,2895094,2420217,69150.057164760311678027641313962455818433762844295343190374804899542675543065934661211385023471360000,5
gnome,2000,12,1830541,1009118,16608,81.,1426690,821423,2.3571250373722031154171673035407878774846019981980207305768823354249776343774735621907160704874848027900211156852613032634246771200,3
erp5,2009,12,1881273,1727195,5819,21.,7291144,148506,1.02130361372999281423198842090287657820346202749734672718397532755444644915096511735077481051353525634161035743893987447161933315349323448320,6
WiiXplorer,2012,12,6089,4434,41,0.5,49881,1655,1.034317588024968916852832213144526164438566780449300889848394563157087200000000,3
magento,2010,12,1015613,938895,183,0.5,3372764,76718,1.02327576738861843683252956164738941774558924845756259908944163831061280000000,2
thegrinder,2010,12,2018,722,52,1.,138397,902,1.006560238553380339683037373557015295213494932610370474479228428682442562471942337426394152134482811483456000000,9
openembedded,2010,12,302975,9037385,2197,26.,4612224,-3180881,0.5668194136317455891331838780393527744504812786067962899550436591025453945947091078212074725080114155501083208528605452054807180385751241559031808,7
findutils,1999,12,3193,1317,16,0.,20295,1876,1.101851349120643913594720000000000,3
docutils,2007,12,1098,860,72,2.,36762,238,1.006516263278859190109425882211353981424020467069685432334414181631050225511312301575511529845408808517931652815750880000,5
irssi,2001,12,32009,19457,1238,1.,55142,12552,1.29471706973595698231429995312676947205156291440320887895254829098391596599220819165461228087247075511588613410080012906736487087964160000,2
smw,2009,12,11265,6594,935,5.5,25947,4671,1.21954314720958544718414470464569043140788929993024099832101919432108127388842812283340553237283570560691537613027331262034825027200000,3
jspwiki,2008,12,41577,30476,801,3.5,89630,11101,1.141361789913122251958626414381875098938166933725546961020015642771042992075428741501886780130977407012065573199378141675520000000,7
memcached,2013,12,0,0,0,0,57606,0,1.000,10
cfeclipse,2006,12,2818,55,19,0,171235,2763,1.01640035139769743284841000,0
kdevelop,2010,12,133982,68420,3905,14.5,220630,21971,1.110596549871439169608110591660860725812810532671638184643441775977607216165992057332709636323907092238525679406121441244212666129278251952000,11
openjdk,2009,12,3627847,3269944,3308,45.,3813912,-188981,0.9461899662541649796454380124327852609277905019535332741396709200564139024432930555530236407499458398532492795572680454469504403403201931600,1
heidisql,2012,12,12899,4866,262,1.,40586,8033,1.24676681103670309507284051259719413129955747055336636828349207334813645229315370729914798672873400311689945531351747150101209825060580229120,5
wicketpixie,2010,12,6460,37753,164,0.,74212,-31293,0.57832965022117217873678793154422936010801837697024446433280000000,1
desmume,2009,12,685900,432285,2153,8.5,349899,253615,4.2617195037425842851959046179826840457948902503016544525730385555624367719901551067993080552118704760379219250383120808960000,3
zlib,2012,12,1125,649,119,0.,36084,476,1.01336778252063242001654574683050022294575963913600000000,1
flex,2010,12,0,0,0,0.,50822,0,1.000000000000,23
twisted,2003,12,163704,87255,4645,17.,146947,76449,2.0844137423419612958946192239390073510614182496915383614556215425052503280647409330224101566816052164738460361564223309875136000000,2
yard,2013,12,368,108,49,2,28912,259,1.009039193104014654235820662357580160,6
turbogears1,2010,12,8530,4284,211,1.,163831,4246,1.0266065106389213982768357670143848381522685984961875936567110441243724110470465579579884704134469441992611223919414776621136186422811688960000,5
nantcontrib,2005,12,8501,1271,157,2.,31915,7230,1.29289041928687086471208988672957479769562093472346350856782841413646538778423014628457775158608848529348354340305434661886336073155067273600,3
gate,2005,12,34910,30700,398,5.,241908,4210,1.01778885766278626736140804558948674868596510246301095374096643095403703919621731532654532078796637640417648280655813627439536418968079948835066880,6
numpy,2013,12,12538,13076,195,12,228558,-208,0.9990907739783822008230904806149354598,11
gnutls,2012,12,69661,43264,802,3.,140092,26397,1.23217379832154737717476295326442613916621102299734262051374550655156314362825674727885826879256294002763498577652087039691319049416631209600,12
pnp4nagios,2011,12,9288,7754,324,2.,59009,2196,1.039258451458461774145205854086180613983694172380155113896667562289811417431687364056679507728562912295129861546741724190028595200000,2
ntpd,2005,12,7609,3345,122,4.,16371,4264,1.361080531826933391953395263873392970847787618891741269511210107042063162765252380011592123889157033239290374732281274126117529600,10
fuse,2005,12,14591,8045,354,2.5,19463,6546,1.5067740187377397989503541515342187098323984432807185620707271648893091718642317507793933246021918335041072802169349957232599189420800,4
linuxmint,2012,12,23322,15983,177,1.5,440511,6520,1.0150233530200161834785572569483948780773172270526736446745963356591625036667446360936893286719686534535559733196800000,3
eclipse-mdt,2011,12,927755,650830,652,1.5,2543551,276925,1.1221749860802717742023303191473025008983868353721848785994220991215134165191687210688281621889934080000,8
nixpkgs,2013,12,116026,63027,2906,33,167298,18331,1.123054099231715635671212537952850,10
fetchmail,2011,12,1932,14674,113,1.,44241,-12677,0.7134558441338723728495394062814179167171772572000000000,15
chromiumos,2012,12,14987846,11176025,24972,144.,11992112,546252,1.047724854231734341574452755381602961381643533683153687129035798872546883147394970832794595489593987893217663764264691240571851624020194780476211200,12
dvdrip,2004,12,2596,1378,39,0.,24292,1218,1.052786686312192995757919634220355072000000000,3
bitten,2007,12,6142,5877,130,1.,8765,265,1.0311764705834877745429338115940602095746974257912601268839544352940032000000,2
kolibrios,2013,12,18524,14577,152,8,529956,3947,1.007503673891793432575255043804275019,8
sesame,2011,12,180382,89820,886,3.,397342,44715,1.12680537792612759226762359366465431339806014249421405511242589334182010367773745411668510189022252636938513354764201372248861884819482673292800,3
org-mode,2009,12,67297,41647,2420,5.5,70122,21906,1.4543305127021194320665420349897809822471677599494658358727186642396924895704980088644203212708937404077080546135227043133362822604800,1
tuscany,2009,12,647391,963590,4466,9.,735723,-316199,0.654760487912884409901993229626398662473014438745812069601882062181020380780586822242723242928891599431736579345650921700594368716800,3
gtksharp,2011,12,189411,149154,267,2.,529492,31244,1.0627077278804987673308015279634981841076402833579109879184561916440962418128057535153272519850323710106939065796732386602606934618376804456148151296000000,10
pgrouting,2007,12,11682,15214,38,1,9848,-3532,0.59730931481754043646988638577373007906368823319532425012000,0
opencsw,2008,12,203864,185663,770,4.,76164,18201,1.31401066200951572029854936765830258252039067715027156363469247649635571812938419006692400861238895681590437075620000000,3
vegas,2006,12,74626,28206,241,1,60257,46420,4.3547734330230909496485996774096873724439313753230451527904474865763149091900275611296478338700,0
ndoc,2010,12,0,0,0,0.,81137,0,1.000000000000,9
b2evolution,2009,12,127012,79578,2946,5.5,169349,47434,1.38907435508867644869053829785543263665653798579819242542314774306221461428179597024384787387570240107986136241140300094239514410017120,6
apc,2006,12,3766,3144,250,3.5,7974,622,1.1013359400447748739734577484588919941400872832623230513607121967498608413828091363009607388325194278678741947602161995550881368569913600,5
bugzilla,2006,12,22106,17374,769,5.,50503,4732,1.103384238930922477645953571353793505878772533910090156098631040637416086747950964170607218815066930191830971627413183310698789807319859200,8
panda3d,2000,12,47807,20698,611,9.5,233133,27109,1.1315817574577330150983,0
epiphany,2008,12,9699,48220,346,4.5,111716,-38521,0.65336056947808553450407925572874372807127329182046163587826864310285864885382395342900278904394234175626565208861958246207179270467779788800,5
libglade,2005,12,63,45,9,0.,16306,18,1.0011051080549811226697238980490567156832000000000,7
cmake,2012,12,468481,236711,5765,18.5,772398,82676,1.1198685847285950246700580817015537178038386623018484367645522602997066470997405712160520650237428231100783391476330764494309295047094378905600,12
coreutils,2008,12,15444,12145,768,6.5,67518,3293,1.05127286882339490036493738880350433534589853997902753927937977258298916510717442851206783850413685941748926779344481438716166650789630668267520,16
ontowiki,2004,12,75533,49608,1161,2,26612,25925,38.7365356652863031850367717938652446417713721000040633438487878317042952466169244519859807805014347398078106615860000,0
pentaho,2008,12,21632,7082,222,7.,179448,14550,1.08823636429166829366624374848305904594278641841013491645768120615178147904191847748972557562252544496387353205217306326266290550402597172272703949684480,2
axis2,2005,12,577038,489530,3432,10.,160640,87508,2.1965760542666422044258558299897652185558076597415624658496272901799966848755143253416190375873143318038905020756622622720000,1
mypaint,2004,12,244,363,2,0.,846,0,1.0000,0
dotclear,2009,12,0,0,0,0.,22957,0,1.000000000000,2
griffon,2012,12,87984,76753,665,1.,55208,8633,1.1865344309799908827142508185447905059832955168870755296854849970335291160186887845560000000000,4
TrinityCore,2010,12,4064144,3724302,5109,17.5,1399801,145471,1.118501677325679095718988616822556484347164252283998792930788521723285795133540090950762472295635958378292238488748760005458130753920000,2
spectrwm,2010,12,2227,1005,52,1.,7892,1222,1.1832083958108582775901150098244071727713404594689145721362125122758089710819713694319420232084000000,1
greasemonkey,2004,12,1367,385,27,1,1215,982,5.214592275,0
lvm,2004,12,34885,16239,274,1.5,52571,18646,1.5496241709580106585638040813159913042800324210946431530801274408375993501743545582258964049865743350395681233186082634892267979976704000,3
gnumeric,2009,12,116685,139078,1575,4.5,452244,-22445,0.947288449269558153395850785387310833821269721577111484552292143952392957250217040312184519774488380399233647587296503152896356310677119713935360,11
ntfs-3g,2010,12,13919,700,11,0.,33753,13219,1.643761566140393419753950393158898060600964177590041381795078400000000,3
GCstar,2008,12,26353,10422,413,2.,83064,15931,1.23730505116237359899922556180873634865305623520647592515040658106022551832834915164197726923389523777555566899172138966164541595308494720,3
shareaza,2006,12,105130,59922,829,2.5,426361,45208,1.1186085377747387897538778471502173771790811280708898617048871919537338557998131590492559542856254912971100395585475508085600655270027468800,2
PPI-perl,2013,12,2,2,2,0,17926,0,1.000,7
brlcad,1992,12,31668,8109,482,4.5,242942,23559,1.1073875368710587533671514699972578998960280949062719483668086130497991808449549312701341469680078526411511958281293607601867641164051315701760,8
gnuaccounting,2010,12,10189,5094,231,1.,24499,5095,1.2625747268620399880780372097656757386465627944994170471070893087266040182594999703249133659301767709356093376379188648495294941078459776000,3
tortoisecvs,2010,12,1341,485,24,0.,215717,856,1.0039839710328087852706479399023631715093182534286517307456378727500000000,9
sharp-architecture,2012,12,138193,482934,124,1.,719372,-156328,0.77822386726546463156632654932153363899139773362674194429318400000000,4
tuscany,2008,12,1182224,716652,7539,10.5,915883,465572,2.03388991153886984256203059195994802818243314626690818569023735540997094787551733038498614200854099670305420421964612633770522624000,2
libgcrypt,2010,12,1775,381,71,2.,172694,1394,1.0081377699936027249727583979617122989562202232027318599432695374359695468289624633603639335829710721362395772224000000,13
openbravo,2008,12,22845091,16942413,7561,24.5,8014736,5902678,3.794751848784129146929038960441600830263982189681410170570914683374904555086723148230689550472623321504362353459644539992370380800,1
dozer,2011,12,8153,6855,55,0.5,47725,1298,1.0279578693444054167533928307860288171489643929276858163103077421076491584000000,4
wordpress,2010,12,120714,105851,10117,7.5,142939,14863,1.118726385330838824625337869312252933722412192825704607055618028256065472251883008380323143162018696052605955185415215098291179456567296000,7
sourcemage,2003,12,33992,38772,540,7.5,28542,-4780,0.792309363556688398814421582665495413967532660017377450490561598539878148915305679367927402798957481796439155202219454670928814080,1
processing,2003,12,6100,5103,273,1.5,5157,997,1.2396634615146014095849006666124147965402606792006819339753325729910102316606896862777645194359476738285938811128283638788198400,2
jbpm,2013,12,38626,22055,190,8,659182,10765,1.016601970645568796451435938234771456,5
paste,2005,12,39395,23577,796,2.,25606,15818,2.616060482234050946778055854750852451716291163359432592666765853708437540737235200,0
postgis,2005,12,36459,11914,778,2.5,110877,24545,1.28430941016967203895898760431599445219060258573804041086710146510341506027638005022498869708961949323845099629224167332258870031348480000,4
jasig_uportal,2009,12,45437,36919,814,4.,174844,8518,1.051212678716249054374246461068557401213940905141735697403570938410618951308903593940030525020782673031785470639330082936376668380000,9
gnome-commander,2009,12,9685,8681,417,2.,97582,1004,1.01039574230188551941423492941491115264688541568786110466850155119642612981898566590949497770302553779287777935475202064080807285163726866038950170000000,8
python-markdown,2011,12,14696,3401,154,2.,15038,5258,1.5376278118412606403382653187595136781573148284124357101787460085206823831212594388496429432572955480502257324364096000000,5
libidn,2010,12,10067,6554,150,1.,75879,3513,1.04854489676495981173491981839135948120986416195180114020063637497003315937565656630000000,8
gnutls,2002,12,44002,31864,798,2.,31464,12138,1.62806581812809683191469440501924310322456469562412851595647101719891464869372113854568216956635292258001156372359265353380000000,2
nuxeo,2008,12,3301917,13759555,7868,17.5,527548,478677,85.24445618369919519465943271089630675597359278864808352040191082051375916430991772988100306798303767797534063400058880000,3
epiphany,2010,12,7309,8015,324,5.,66488,-706,0.9893213135093504843992776923254151921616204160295380257939459245482155412559709160859222609850153509134280059585216346551258617480586976049100800000,7
anope,2005,12,57297,39816,281,2.,81937,17481,1.271208266081752627886307715949430715097057228992227417274581439748392399546225569934310669712485479560682923741867819226702393122007455744000,1
FluxBB,2012,12,27243,21742,713,1.5,10508,5005,62.7901234641479036462663740160866606002675972171064342696320,0
apache,2009,12,260788,139569,2963,15.5,1398212,121219,1.0949253441444011842262515091745139193656089650349883901286491225586582904613297683623050954165809697883366205404325709460055408113053905920000,13
elmah,2010,12,3415,1170,51,1.,26516,2245,1.092497218901196135183504862771901466976833080327306965464594772708269757473535200000000,3
PyDev,2012,12,394937,262505,406,2.5,671604,103434,1.1820476265834092645846341925950158107426889960740546010773188488505130132117328975750974247806361600000,9
lame,2000,12,139122,103850,1571,6.,52635,35272,3.03144617844642435521050519230006495216909543882763693415684209724435560680726688605575413157277503654800112756115471535196544000,1
ntp-pool,2007,12,32019,26217,441,1.,24084,5802,1.3203047365953457981846413100428319042912670188452149130521037261768835303469967412961265600000,2
kile,2008,12,29176,26480,480,3.5,48637,2458,1.05547530919064882881368456777480524656916029606541035459855149119616224466058563855141119658610443557502535676790111794378449338577634754700800,5
diffutils,2010,12,747,277,62,1.,8784,470,1.056531152276016613255159511501989611884016465657327528511417500135576969601228800000000,18
glob2,2001,12,6573,3528,56,4,18180,3045,1.2011892963,0
opensolaris,2011,12,0,0,0,0,9971584,0,1.00000000000,6
sogo,2009,12,476830,281272,2051,4.,333330,171054,2.054651951433118668565339057043224374659687824363064253189003836618655900448408334243679082245744877921295208634372678242384174194371584000000,5
coppermine,2006,12,95472,15351,1271,5.,279835,80121,1.40117868551671500540227414095651422093333712747831337371877120805838234792767844756373063483511870451725130812497527065029917274112000,3
ruby,2006,12,56096,29223,1173,10.5,409910,26873,1.07015771321903326805708991106473555347335514192430008150473464389252351496399340585795308872021602155343666328185421825373633322081734176537294280000,8
greasemonkey,2007,12,2457,2219,117,1.5,4304,238,1.068331897861766874718902988635652429732042646847631601021646752408560374349293412147200000000,3
nethack,2007,12,0,0,0,0.,207455,0,1.000000000000,22
dd-wrt,2009,12,20307226,70231304,2820,2.,169668406,-49924078,0.69467014807865250254787108555912203866617325039222599992454705900957351346671779817333994511411467352346111374256656265753481369639921101099541826400,3
ffmpeg,2007,12,118032,85152,4116,35.5,284450,32880,1.1306992089646794157353688769824897212425814541538993040973907194843870280895579059619105310966457756587159820498627926988151715286391029760,6
scalacheck,2008,12,2926,2103,89,1.,1959,823,1.7578268876840060468838255354330457739608977216288763518384443458878451411442061960569353282029867892038321828706262630400,1
mcrypt,2009,12,0,0,0,0.,149806,0,1.000000000000,9
php-dropbox,2012,12,0,0,0,0.,563,0,1.000000000000,5
powerdns,2008,12,5520,1741,199,1.,70939,3779,1.056268612266944187885946693032002993848359741314244276733204240549166070903870026255046381632083395999178481522939939562427914177607643166638286407088000,6
ApacheRave,2011,12,73346,39250,888,7,34387,34096,118.168384888500651877335779318932091574580090583060802515586827832876609839309814649769968416,0
sudo,2001,12,18106,13865,160,1.,27687,4241,1.180883732842281800434320512686099231675492411449923263049388735291139255455684938807642980318475512504177354365608384106600000,8
fetchmail,2005,12,7042,6259,318,1.,45771,783,1.0174046412370377571024521641136166263623435812758290901770176811503098468196951709231742403122132928210164834991674199486118400000,9
shogun,2008,12,144363,123303,1123,4.,100896,20057,1.251114282868403708670140332950040040945825816317244059113645462807176519371081502281419125430593691100308271480686756051863060768753664,2
libcurl,2005,12,17581,7469,761,3.,50169,10112,1.25244027261768436183958226836821981647454917024355962316329119465504706278944555117457668911184161542621071714899162918644795086796390400,5
apr,2011,12,2944,3854,190,3.,228013,-910,0.9959990679146086378798460014537323451047615613106864279779292187895014484753099515430873590720,12
binutils,2009,12,387301,284239,2781,27.,2200157,103062,1.049145126947578351126045864219121275186177914619472279827158724383026301294079570347762896076253301285305942918594909108204518006778946803200,10
scipy,2002,12,65916,24941,411,3.,274964,40975,1.175115069519399268060848503645746659758259278366426461788416881437741824970587314600610782616341274599678860593544970300276970153957439360000,1
struts2,2006,12,145958,89140,719,6,166804,56818,1.516593020902971833084656670852417366507574017644912270752,0
cvs2svn,2010,12,9102,2785,300,1.,26767,6317,1.308899755486778467276603036164108237591033056800236069551969302111106432738564568361037575194875859674151123477142421757234997350487834016662005504,9
mojo,2008,12,238548,179964,2699,18.5,450503,58584,1.149479867032012753274020359236812425190069908909002406652990201735086500893785633799103648641948305144416591356562685247719046030295040,4
degrafa,2010,12,1081,319,19,1.,50538,762,1.01530858244949020662052371186927826070578418887329591027202280235643574758392286259150921307387388640000,2
maxima,2003,12,47744,5566,296,3.,239307,42178,1.21396141614377180559365554630455335992527896423979630211129023041852090071563651288043155699819238405914070500863783769501917372251640406160824960000,3
sdl,2001,12,725414,51942,2041,2.,784358,673472,7.07355301900223370267887399661777750784353746439413597792400451202145380737978610464112682203424554494237481764257832546672825003084800000,2
gobject-introspection,2013,12,57321,16377,239,10,104313,40944,1.64612034274226876744197087310443300,8
bitbake,2013,12,7546,4832,148,8,61120,2714,1.0464678286473747786353304899830521,10
premake,2005,12,9058,2704,63,1.,18456,6354,1.5250371838109316673626046367690258947041381254829641349419997284188665275206475763202992522240000,2
tcllib,1999,12,20355,518,43,0.5,20784,19837,21.94720168919691814893776743319120221160034941617803986850208653600000000,1
lucene,2002,12,112894,14966,746,3.5,123633,97928,4.8096868314208524861480892010058597200359376131128548482625329763451879678032475854244515202404780926682168116775288148002108160000,2
strace,2006,12,3543,1575,43,0.,63951,1968,1.03175064129710657333508553185785821694982555639277290998400000000,7
swiftmailer,2008,12,441066,206698,1240,1.,286774,234368,5.472159676795800512118230706566178375338371334377096680324609653011730476409203479186048000000,1
kismet,2009,12,79891,47797,480,1.,71057,20664,1.41005695231705532693372743223920600059394247519377051760360089358835535545223804677154233084077647143895359273432745464252039168000,7
koha,2004,12,46751,24666,591,4.,84851,22085,1.3518624733259746642160994288705527881970235589889964944747568123366074487593114986774282416391728354953799634929814912012788857485969920,5
lyx,2001,12,167625,143639,1870,8.,163411,23986,1.1844410097535264198862532342441557596520832027836092013084307993847858474514206029147706988819301001541150221719942155655164970547200,2
mediawiki,2004,12,138924,89047,6486,11.5,110504,49877,1.8905016960019138875964004639018217989484127031343734031542416985504277074661671660081018516112021224662438830421509185914214400000,1
commons-fileupload,2009,12,194,42,34,0.,12804,152,1.0120139108400000000000,2
qvm86,2005,12,688,310,12,0.,2416,378,1.185475956837922668304927666530664000000,0
theunarchiver,2013,12,212,136,23,1,437322,76,1.000173815197801949519589548589575971654854,6
ArcEmu,2010,12,1385200,1236710,917,4.,498633,148490,1.4515157965108496369613733948739189978742196534091095996745917504736582667724938000767732951270878135189959843768967411888680925846054046400000,2
sharpsvn,2012,12,1660,961,180,1.,74101,699,1.00952290128235601640748064692723945809011777751482258814342147794021994152978191594445685667726134387967772669700000000,5
freebsd-ports,1997,12,46053,20151,3383,26.,63130,25902,1.69576662722770869265301564066464613171219721193532912936263743992929766971759056007642152766508146320370163919212401609393766400000,3
libvirt,2006,12,39121,18431,488,2.,33497,20690,2.61552276106774603644924884110020554402653912493785849656475726271952880143500104631873586350882483654460251805103327235334144000,1
libpng,2003,12,0,0,0,0.,228367,0,1.000000000000,8
panda3d,2002,12,131604,144572,1862,6.,340292,-12968,0.956569208611316873705781710072085760789723645646850572445472254912794128873439890098383882108202884147197281010729490949757428965867520,2
cvblob,2012,12,4,1,2,0.,2632,3,1.00114111829600000000000,4
freetype,2002,12,54280,28603,571,4.,209732,25677,1.13950721252331889463660047470719110091830604574791370962528977664433271794343659590817710498110823501434862319011857996057966759167322593750,5
sitemesh,2006,12,47,17,8,0.,12312,30,1.00244259892504168159357749156944983297148505791250000000000,3
emacs,1987,12,1571,0,4,0.,1998,1571,4.6791569088453276429063167604600000000000,2
L2JBrasil,2011,12,95789,91970,75,2.,627384,3819,1.006129966854590709370197500,1
gstreamer,2011,12,697579,509723,9515,44.,1347644,91523,1.072861611258496392432972392298804576823916450594147498756450661719950034540871330360116818168545735605382074240143142237869556923468247040000,11
cinelerra,2006,12,42559,19476,317,2.,586687,22725,1.04029991292779244498320892717916955091862089206638791847179677197587923083983155731243408653526094212230342726824591441238163905129676800,3
sparse,2013,12,1014,550,12,1,28347,281,1.0100121143000,10
jackrabbit,2008,12,85361,51191,869,9.,239533,34170,1.1663882977951606409014145191037833107338315767403293791211407250640685448274356228062723650428142057445396256144791358731282382163144870400,4
kerberos,1989,12,722,94,37,0.,636,628,79.49999999700000000000,2
msn-pecan,2010,12,1086,651,147,0.5,22773,435,1.01947354283805008335913306558333474800547464390274561972143847439149843520000000,3
freecol,2004,12,15449,5676,249,3.,24765,9773,1.6518810031246128750483319057678170039801830011402347817384609068328279082336522501760000,0
statcvs,2011,12,0,0,0,0.,19970,0,1.000000000000,9
archlinux,2010,12,31872,17483,1734,10.5,52308,13449,1.3460974291421130595680978776068154124472929420843305918972565902972582483979312589365388437368625028501183999336568933287934012106000,8
netsnmp,2002,12,112545,98199,1409,5.,169863,14346,1.092247149838723801435862702637699019069689918644411435941401998597479515582711354239329771932372965961021521608982159853332240699252390400000,8
sdl_image,2011,12,0,0,0,0.,23418,0,1.000000000000,11
macfuse,2011,12,0,0,0,0.,87745,0,1.000000000000,4
zsnes,2004,12,13719,3365,219,2.,145348,10354,1.0766997051690051431443132407360696165506637252923153067584723581271450265323749051810472637039287303218948955041424542084497062882499600000,3
openbabel,2005,12,154735,53809,45,1.,204326,100926,1.9760735010108028190491685632503808414806327831912364757789044936159684714885526450243178583341072000000,4
sparse,2011,12,2442,816,120,1.,26606,119,1.004492770038554350285701272894861619222002703619071519038931521836906436003124156153241152000000,8
authlogic,2009,12,6927,5464,197,2.5,4373,1415,1.4783637593323103737613205151043541675726144444714974376638858971166325036747595132248052420927303447686886414170119602783027200,1
rdflib,2009,12,31892,24385,185,1.,38307,7507,1.24373376618530444844192799506757453367668452981528531341769111209849362985205678895126019254021417200000,5
qbittorrent,2006,12,54951,8081,89,1,53619,46870,7.9447325534170271761192817936800,0
maxima,2004,12,65801,76112,386,5.,239982,-10311,0.956913086534975590518951137452873750604354608680829135389248829255465676676128413475669540500511499425041063345267633682186952582745778948669440,4
gcc,2003,12,922931,511011,9667,73.5,2186128,411920,1.23217119979906591461521525620631045860698881790236136648651082209454962701039632034362117429027931368873075638646904457438656436671591731200,15
manialive,2011,12,43162,34351,343,1.5,19512,8811,1.8233809923920745498379963479448260587244740144230710459087677060943793113263763474510330478472432153913519657664512000000,0
qt5,2011,12,8500702,4424046,13986,93.,4570199,4168970,18.6187658752180568581770453748306520168643145261757985380613823775846928543316892184132693129394188089572999562195792181101913491712000,2
objectify-appengine,2013,12,0,0,0,0,83769,0,1.000,4
kismet,2013,12,3612,3101,17,1,79850,511,1.00644071641976073236557500,11
meego,2007,12,178128,51635,1796,5.,327742,126493,1.6285397692179255959037348153506325406028724854551242085350024023451740396008026170279080319757228483820744573128189911913430882713600,4
eggdrop,2007,12,2592,937,33,1.,207980,1655,1.0080213255785022560298717315750321668038730338924114802143459172905051199278648059287913559521985200000000,8
themanaworld,2007,12,11031,6971,133,2.,12063,4060,1.5073097589593719332360611619181168897133208936635802223723206625430994077825941961135588735328968668334668228963832894216865018544128,2
pitivi,2006,12,8190,3520,183,1.,9916,4670,1.890202058807160823523186667780090151293019622428137048906258957901818121930055847239734328593067559518867477357211266580480000,2
pidgin,2004,12,92324,58892,2181,25.,152715,33432,1.283574367006415196831926903629153989822162738188430706182184028246694729078032849969912239073035513686312331454458567179564821691559680,4
thunderbird,1999,12,391704,226073,6469,26.5,168445,165631,95.97190366360434110525555903433907520033351277606222370644846797237170664254139550769773469755111385914416132293571450634240000,1
port389,2010,12,331602,324498,870,4.,654740,7057,1.0112123369024783097130681842605435990137434116077268619344054993471081068088106412675084253864451147099082070363145766038238771476385156300800,5
commons-logging,2009,12,26,26,6,0.,20084,0,1.000000000000,7
sox,2010,12,1186,183,32,1.,52518,1003,1.01947005726633395578620266513088379346745775230878194338606440511418811125372177195159470000000,11
dtach,2007,12,0,9,1,0.,5639,-9,0.99840397233600000000000,6
fbreader,2010,12,43264,30517,573,0.5,414715,12747,1.031711479519116062090340251537468593588141092788150812289812097476513700000000,5
ekiga,2013,12,3234,3656,206,3,86768,-422,0.995122233139296210971617596109984746,12
phpundercontrol,2009,12,4480,5284,162,1.,102560,-1006,0.9901482656642580663081237372777987266306362919598623315275359759576000000000,2
evolution,2002,12,247031,166159,3981,18.,587072,80872,1.159762939550608274133587138257769934439821639278847153423605950240949354080497536493751766121557141477448898272088828027599525030064650240,4
colloquy,2011,12,92806,4718,183,2.,308918,88088,1.3988950776807930346117898777593825023943432943761526320785439549814767389997401496976562116073972070609968000,8
pootle,2013,12,4683,1934,233,4,36828,2749,1.080665512485644775741126279907435860,7
rrdtool,2002,12,103180,89549,140,1.,110067,13631,1.14134762951337317917746148037522533256091801674850299625040111182394934401191653909632742774168623796956653600000,1
conkeror,2004,12,5540,2323,156,0.5,7980,3217,1.67541465460,0
adonthell,2011,12,18176,7302,234,1.,139260,9743,1.07522680771002172306770987359902657950709847844151700346057362201357871123804477893270690746348463278367221055969833977161152880640000,11
antlr,2013,12,2862,2686,133,3,40335,69,1.0017136045293597377965857160405431280,3
php,2013,12,72958,45377,897,28,3778071,13538,1.00359619639382461006941210767595499260,16
nltk,2011,12,16621,15046,195,2.5,216151,1134,1.005299288288241556468660294981184954371651593348012101219045933524549861808341518326557709884153744614188223406346072813019794688000,10
riak,2012,12,187922,76018,1243,13.,96021,45274,1.8921512601997317032381478336460018135083904528523915497312660081290372626924495150813408395379216768505024064914695423238297600,3
clutter,2008,12,81920,39002,1035,6.,79327,37409,1.892432844927075598995562475794415436237630112250491687509731957051295527544864294176246189427806324960423269344452542921836875059200,3
jtds,2005,12,79298,11204,22,0.,118121,68094,2.6678260017618008550550661482830000000000,1
zim,2009,12,27795,8992,227,1.,18631,13136,3.39053685163851823729310789765166356111712951498553368048395223784636877642438802200462825053850013904410311380940579566958880000,1
uClibc,2003,12,40338,20982,776,4.,151913,19356,1.1460202026396038996573654393434026187920645548404449034748451261216826113404112052127953914756610645264406326027389788456598827533599054480000,3
libtorrent,2009,12,843,212,37,0.5,22751,631,1.02852622061421909573473355701242168344557139393794983684590000000000,5
perian,2011,12,3424,5106,83,1.,32633,-1682,0.94686799128149926025505796312658272814828043556500563163720894340285900253938224828383491758288000000000,5
freepbx,2012,12,36343,43310,1015,1.,175552,-6967,0.960743324301991453257517729831958738713426443523908157316729056285198896916183030358331584567132160000000,8
monit,2012,12,0,0,0,0.,26658,0,1.000000000000,10
rmagick,2013,12,10,7,1,0,56609,3,1.0000529979154200,10
gnus,2008,12,8704,5116,269,3.5,126771,3588,1.0291273958266907738859101297301670562776369955584285733545746524497542588721582943406401416522024758105134409455410102696135622779067542497273600000,11
conky,2012,12,473,186,57,1.,35513,287,1.0081473911319707474162611484214819047269373984758016386019756172092078112000000000,7
specflow,2013,12,1607,411,30,2,993028,654,1.000659025730200,4
commons-codec,2012,12,5657,3200,256,1.5,17845,2457,1.15966987261995104565410130254323470074395096294728482662702540609911301901678480491646571461682011834880000000,9
kid,2005,12,4648,2408,164,2,4397,2240,2.03847936952991887254805311915567787181350985595277123250647671643274489817300910075401479652139080000,0
stepmania,2003,12,196272,160717,5959,8.5,189785,35555,1.230532321894951091245164573581369786308419853519463050481727174601090863144717698642880262207688245403637154570491443526595447080000,2
adminer,2007,12,16638,8154,2667,1.,9768,8484,7.68557919642191030902956553744996712771376000,0
opensips,2012,12,30417,11191,570,6.5,370916,19226,1.0546674628268259446872103062261295743642034583069414367055216676437121178557968271572781473355753540283367878736355334577451523678451654762004480,7
busybox,2003,12,38046,26739,699,3.,106523,11307,1.11875105023669566311410302837160101460585771855818322262454981807495505699347247012703865653528451336819328114958827783165138414230029205504,4
factor,2009,12,2135108,1444038,9808,17.,341628,101612,1.42335510964257115178758170220288167181010032267484299583052043305389074642682693977341249973280196855403716762442820743522478414730240,2
binutils,2000,12,563978,115023,1870,19.,988917,448955,1.83340139811749700531536392564909099263760665480881941894858830617054519006466089299633360572491141999301336182117729929190811625554564247296,1
opensips,2010,12,25136,16088,661,5.5,311622,9048,1.0299034285824970087219248694938544846672050278830033947343592587404048118979981373558134864629843901245311171426007691307758856675016944492123648000,5
transmission,2009,12,328152,168058,2202,4.,493934,160094,1.4795530793504003456070035149374890184767220603321288562500133813525610304457341303460258144217580821270451642840356111042699901733864063303680,3
MozillaCalendar,2010,12,196255,165944,2939,43.,854171,30230,1.039488878343930195403176677481091722601237151752652328042329123816157859109517808510972904216165173327106769925781639603577304190317578436608000,12
vim-ruby,2011,12,573,345,53,1.,2483,177,1.07675628794394969558380642305614204007439152076587215212440599621471589824000000,8
bison,2008,12,11565,14650,405,3.,33084,-403,0.98656577105072720975798186026062192499757108086250377451043180778583492462405811905687716920513393291797652882894755906419654656000,17
djbdns,2007,12,1,1,1,0.,3534,0,1.000000000000,4
commons-io,2010,12,30778,26824,252,1.,24194,3954,1.195355731206887641561301329559392488068691989209795761850966532142500517390087688940028672000000,3
pacemaker,2012,12,70107,50073,1929,5.,99701,6164,1.0658990559857481710363741117369020782527459776113951672373393942063770566497536945912294451814611471862970188980349749445025947458560000,9
jobsworth,2012,12,121760,156846,851,2.,96548,-24901,0.73029557987643747764175323046639533608671329106737445593303879976278413613123756674714874283261292881680002683051523321398343241212416000,5
knockoutjs,2012,12,29271,26659,441,4.,13017,1024,1.0891753026262298883890519802264596138208449428587499526839422530613102209817840403378930909799155931567903184241370622870545539014328320,2
brlcad,2006,12,45593,29566,976,5.,898563,16027,1.01816016570539270652953686351470391751428691346670721104915797347352316306514167806301243467726082341600945072777093462420080730193210956766522944000,22
masstransit,2012,12,279289,209760,383,4.,533969,69529,1.1786739443319148971759979468965907420401509408787937723131476366716312586210409058645449680231434603190699523858450455811009146545141401600,4
geeklog,2009,12,199244,151334,1848,3.,275372,17269,1.066907397437411578288008819978987955048753484142907009592572009724374947717154654788601547745600000,8
jmonkeyengine,2004,12,110826,77609,1746,5.,61110,33217,2.190872261986421897701544785055968900829246243871758016028266449374256279299873957648512372562193596227257440916021518500000000,1
frascati,2010,12,156989,111731,1189,4.5,94754,45258,1.9143769194791667904859382346354066041235188732236838679133524960986728790073643885864511244544953817447371173849009869041169952000,3
vtk,1997,12,190317,151827,1644,8.,175579,36598,1.26333095891537728180220479078246569999752776351114878253248423482141109437141637454990004029846165167857258502193036793258376298822033920000,3
asterisk,2012,12,102516,121015,898,17.,855230,-18499,0.97807255649581921042008167837174724949927937807648319323185328592000,13
hibernate-validator,2011,12,32420,28352,591,3.,32923,3889,1.133946407693423549280912854207113795600299477204585812767977799542168452864432924013318978189653045875070980186671598385207676518400000,4
socat,2012,12,43,10,2,0.,39974,33,1.000826218672500000000000,4
jetty,2007,12,93928,32590,1693,3.,315457,41555,1.151714846912537152562169968270545028340646376617141365790545700801658875275813223440370755701858809110824946251515799740488531243860449524940800,9
kajona,2013,12,6029,10760,173,2,87549,-4731,0.9456849936305544648077677797080994,6
gksu,2004,12,0,0,0,0,35924,0,1.000000000,0
xoops,2006,12,1167772,329908,1407,2.,1270570,837864,2.93636685058902261449087803504987722542806176191890597274479424285387951642019739728453323850059463947495527960184503977981615567289424200560000,1
dibi,2010,12,4331,3518,279,1.,7209,813,1.12711069418089674497828885483000743895998833658341735238205699852331316874880536632175195516534177783322825945418229820259872153600,4
roundup,2008,12,596,252,56,1.,32773,344,1.010607789325071999245949551751200346471547927051188828738222828728282618000000000,7
bash,2003,12,0,0,0,0.,120730,0,1.000000000000,7
kompare,2011,12,2338,930,45,1.,10749,1408,1.1507333262058429709178266700737459257364048388394184085732000000000,6
irssi,2004,12,3600,1063,134,1.,65499,2537,1.04029414567152658665742962586841695155310061248173165810799920340075688971175469692828264175563219469015991671494308557960000,5
Foswiki,2010,12,3916070,3758744,15172,16.,11890428,157326,1.015037361126920697627668227114459415314820366315724115578156785024649318493785466031770900738035227071652935872931777619475293709768600000,2
cyrus-imap,2010,12,91573,95473,964,2.,868220,4106,1.004751687855469279398731068421695870959846073506249639914530247784254133429240629075763505635717453597951968196000000,17
clip,2010,12,55600,62259,763,1.5,9549,-6674,0.58420036135907496085952341659530939222795418856590744073930892281943670977792441493281883758462391868208338888067033819174851200000,2
lua,2012,12,148,100,3,0.,21067,48,1.00228364812800000000000,4
jpos,2000,12,14204,4514,427,1.,15625,9690,2.6326874473917113409744815190297481349973219614911637256373534873549839625422523787513010029687267919142080757588935685042176000000,2
mksh,2007,12,58104,5095,576,3.5,138038,53009,1.62342259698112896812967062401483788858865097108477477980095098546120036192130111944539546156857067838841445276446720000,4
cs,2008,12,1326223,621772,2151,10.,2442783,704451,1.405245373177286543708391054021828122068996566267910723857033987179530732143036510383609187030172026466952549095153813197274970531952127305120,9
sling,2011,12,40039,17342,1155,5.,186464,22697,1.1385932452676271152863577336482676024085593421745901905886739581717714617075477259231345088378028666729571507827198178903507881653417984000,4
metro,2012,12,293783,205577,273,5.5,928639,88206,1.104953042074425634708020894895480104314910934728789231272735688891772848,6
xerces2-j,1999,12,8492,260,24,4,46042,8232,1.2177201798,0
MyGUI,2011,12,51687,28933,357,2.,170671,22754,1.1542633608748181778677720205783197233818567387832427753891231189343536153860720699648529224776219391605660911725320455760571831068400800000,3
kino,2006,12,20360,14423,204,1.,93318,5937,1.0691257116890111640358796525210187011988050803159636698930732022342455751530807940851744156675061977589443520227515439174381209323080920787676800,5
apache-axiom,2011,12,22850,14392,425,1.,78740,8458,1.1203437579923283833267195628851468164770009336993374217574820644034452261914799595476010836399521959869252277789608940459990238194362269696000,5
pango,2013,12,808,411,55,3,46029,397,1.008700035062276444967850471924667664,16
linux-24,2006,12,7180,5006,560,7.5,7213887,1838,1.000254851291243608042490341600573729665301667255216750229352664899448540834400845889920670634565417558392742699008616693425721025783357608873549315996806119936000000,1
celestia,2005,12,13510,6662,240,3.,144377,6848,1.0497931345412407501996539902541603092357906635003022171586717638675135219758922918978133952177721100022729795415530933703319048552000000,4
prosody,2011,12,5983,4284,415,4.,23290,1397,1.0638103503308934165770962610940363916596024025042520206226448586042947410293361376698221506301454779221031822387361471515515241333109800719360,3
sqlalchemy-migrate,2013,12,13,8,3,0,10517,5,1.000475646879800,5
grails,2006,12,506574,207753,3294,2.5,409983,298821,5.314419370709015982929864520564433513536406263908016105573028020264266306438309313491114918462606295712882181640087782591385600,1
freemarker,2012,12,890,323,26,1.,163662,567,1.0034765014258252521976177199980364834594953341658967858057559971325933554952462336000000,12
mpd,2004,12,24544,11965,655,1.,33307,12579,1.6068602856482225446996024746170433929346023730113938001496165187322136628493674774320587051401076088000,0
zabbix,2009,12,130165,104023,2367,6.,207073,26142,1.144486019525910685221049533919785181968026887586824840740972355972312708186480871083812332064536886073078739032658108521934787404759040000,8
magpierss,2005,12,363,75,20,0.,2259,288,1.1461187214645161922269320767016320000000000,3
backuppc,2008,12,1915,1100,3,0.,31405,815,1.0266426936900000000000,6
calligra,2000,12,237849,165170,2755,16.5,297315,72679,1.323541195549863084921507172369760545191896417352217635524530521060249646340131615125823765869885714264862445962705157425413202714296320,2
GeSHi,2012,12,9412,4363,167,0.5,84186,5049,1.063800750599885816066865532798151004702755394475045836005608520821785600000000,7
aion-unique,2009,12,1833937,1347265,723,8,709128,486672,3.18772251559231744957573450560,0
ispconfig,2012,12,107998,56809,954,3.,312844,51189,1.195635474195243929202935096749772457052410202184438043735779074098395097340636380448507991264212802085835869836173932070595788800,7
freebsd-ports,2007,12,347948,313732,23751,114.,1218437,34216,1.028893255562869319182162871764049008562522025854253154500714522661057051198904398384223700865962850081418264847719025046770676953002530386739200,13
banshee,2010,12,277414,133809,2197,14.,284293,73168,1.3465624630071997042024355000041356518620481482656301031272521536783406707494934521213533086515590247370630604199262666280960000,5
gnome-planner,2010,12,161,535,22,0.,89531,-374,0.995822862568171498274377396095466460580000000000,6
mc,1997,12,0,0,0,0,1498,0,1.00000000000,0
morphia,2012,12,885,117,28,0.,20158,768,1.0396080453852630429590815638743460576542352825600000000,2
lighttpd,2013,12,21,13,3,0,82041,8,1.0000975217290600,8
xml-commons,2005,12,77352,28881,218,1.,277764,48471,1.211399736603907226309234513669389459010614335918003602200305728476762930618716569152193060646027366720000000,4
turbogears2,2008,12,28199,21548,599,5.5,8136,6651,8.86170212747058518791712867566770099805926414344577016593078397906548428271604794680080195782073114225799168521547980800000,1
sugar,2009,12,74945,65049,1321,5.5,71302,6458,1.099592869038500011123036496085541646527953053508205971818640430372293204897901679380509230971016885071572134603715632633895393867575281660108800,3
rst2pdf,2011,12,351,121,13,0.,22089,230,1.0105219817918832417240278057491692800000000000,3
jmonkeyengine,2013,12,90256,46387,556,15,1289122,43869,1.03522898559206198597229644281275750,10
silverstripe,2013,12,12457,5408,768,23,134659,2256,1.01703888885129248339372185531781580,6
gajim,2008,12,68707,56177,1601,5.,79337,3659,1.04899702722966359614318590816406096656381038595692513472724733121546992682951195114412189458102402008842534204486410858057628806778596000000,5
tkabber,2005,12,8516,4896,44,1.,44558,3620,1.08842640090567410754214869279147058460785987958713776581942467312142498802086543455313679255870246825244637620642299150175855872000,3
wget,2005,12,15937,22541,477,2.,44171,-6604,0.84296754253322462598321236790827707624386564317346124658469649151014044859747733466166537458746679631182892878090157166288131378298880000000,5
tcpdump,1999,12,7645,1525,84,3.,35496,6120,1.208333333322249524320,0
qt,2010,12,13739462,6993889,29561,111.5,2968152,468292,1.1873272903303175725147992103944077859257436068468288407890234867890487601727873490152949506825829583031967942050063450034878207739279595929600,2
calligra,2008,12,798665,737401,6618,29.5,1380831,58810,1.0450683458657894520528493580516557077119367774273355971847457355067134831494585694537553769682232074321930046508542565315697088088823748457929920,10
sound-juicer,2013,12,106,106,2,0,10162,0,1.000,10
genshi,2012,12,110,25,11,0.,17109,85,1.004992951127969965004057500000000000,6
SHFB,2012,12,333801,167787,114,1.,295816,166014,2.27897875236609915625631813434430849466329135288943242358383786419414504137305349941885031701805810365924350793034498048000,2
three20,2013,12,0,0,0,0,54673,0,1.000,4
seashore,2008,12,3003,511,25,0.5,29108,2492,1.0937194433954762309917009654026292505407023381993703506864000000000,2
portableapps,2013,12,18,13,4,0,30976,5,1.000161441348400,6
ArcEmu,2013,12,231,93,8,1,363528,138,1.0003797572855520432784110520,5
django-simple-captcha,2008,12,0,0,0,0,277,0,1.0,0
pf,2012,12,2589,1819,136,5.5,59467,770,1.013133208256511041633139207564149368808040602744728164827728897608924424331125657998998577053783446243653469201693441051400773767793207624680000,17
ganglia,2013,12,2933,1980,70,6,326295,473,1.001451730720950001535324956856116113296,11
clutter,2012,12,47890,31441,1138,8.5,155268,16454,1.11853271282481469216614095523445545089454875505975002891418491133590913748268055896329539605410610897553966802936765986376976093502116467200000,7
php_beautifier,2013,12,0,0,0,0,6410,0,1.000,8
jquery-ui,2012,12,121533,95122,1252,12.,141312,30865,1.279455304343207723013518986654677741312982018889833404497706201555300257377972039271606174470108238926612082304207315405066842945587200,4
epsilon,2011,12,2160144,86977,640,2.,2340629,2073167,8.75125812200988019993149179743998844695770486449748591000758800413801848073943543112066603294916797758316050496483828255220235189985840853505600,3
twiki,2005,12,541372,382716,4298,10.5,553334,158656,1.401988456401027631851866029778956132280124057865363039082934646170562228984676033579783968136703153993170395462588814832342522515962500,5
lilith,2011,12,21360,7076,159,1.,93782,14284,1.179677476138109011668346212719634646312287628441468748248026506570562141022941907340416024438717116181516749874868085150727185987993600,3
cvsweb,2008,12,0,0,0,0.,3923,0,1.000000000000,8
grub,2011,12,593351,127130,1455,4.,235745,34482,1.171328063279584396741223293026007501317470210790495133136790934952581650988969532973901908158962219731173493875241775392690776116248383078400,8
textpattern,2011,12,7081,6651,244,1.,64890,430,1.007324884160131942680161832457495591819487090101132444548135983504942876321028439537916010893107236585648901692784429168848785770139463043826917440000,7
shrinkwrap,2010,12,73564,37397,527,2.5,37423,29247,4.5771771039666317773138708671560098698280351605041868110451270479554212630003847413553728471908520896324520095778503659727891988480,1
sqlobject,2005,12,3029,2395,114,3.,11674,634,1.057427536226733710128757002985649968429984340,0
dotproject,2004,12,217125,31422,4323,5.,301512,185703,2.60352822319798295373589730552073390931202273171228001410199427885325429678439629072588082137823535705166874361759531089234178867200000,3
zimbra,2013,12,0,0,0,0,1741452,0,1.000,7
asm,2013,12,75,15,11,1,93570,60,1.00064164260507584330526442083362453484710,11
wsdl4j,2001,12,3813,2839,22,0.5,8201,974,1.13477238136080924070652748020576000,0
log4perl,2012,12,0,0,0,0.,11473,0,1.000000000000,10
freeradius,2001,12,45937,12695,637,4.,69460,33242,1.9178309128410295387324519612209213427248422227117418489053250844662605920813135151348752994835906796232287311216117932603264204800,2
bzr-svn,2011,12,16340,12161,820,1.,27290,3224,1.1339649297801818145495714119103382815651375370816330749386439878716261909028496744003426599659607253623592871582969487222488143801804871680,6
oprofile,2000,12,4762,2735,187,1,5635,2027,1.561807095385133398125779010829323894056032028808118800,0
strongswan,2005,12,11054,3926,168,2,22885,7128,1.4523703751,0
fabric,2009,12,24050,15673,412,2.,7959,4407,2.240709459380346904171076888819708606101831627793062821565169903102890601482060363291128410654710172873013165130779119551200,1
ravendb,2013,12,3224,1805,100,11,1074640,1195,1.001113238219,4
ingres,2013,12,0,0,0,0,3750222,0,1.000,5
e107,2009,12,567011,180819,5732,5.,980974,386192,1.64930007970592642094231066337678317801324693566452317697270025458394700338803834697564909422246347253240963653913141591464605520426639360000,5
NHibernateContrib,2010,12,2220549,1629383,452,3.,1553782,591166,1.8898237863893617414236791909407507932753664771542784074297750060959412516447121463054165833870732164180038658918810217123563315728025600,2
octave,2011,12,622254,313433,4204,20.5,810652,86687,1.1197392139124421700327698084062574514694760804624645678633012365413495652770159698756697675075249260595649623651205052695285742121979262441974400,18
Pcsx2,2012,12,73704,18051,427,4.,452807,55653,1.140129521567852595067871628407565009331402720875164788460610948052026342466543646545752474394953168508697972848741042847642748785185124793001032000000000,5
openocd,2008,12,175718,128335,1050,3.5,91956,47383,2.0630426492637458976557753364626842847156369778864523669484546234093748537565524320738164779613120227894141834294385051297382400000,2
compiz-fusion,2007,12,345450,136917,4987,9.,220729,208533,18.098474910499777019848541556211528504531180321370416293984512371080738810584826331324334194444415474081669964697174761570365184000,1
cmake,2013,12,104118,43204,1318,12,782870,10472,1.0135577772082796495781057930029748168,13
pygame,2005,12,28500,41817,315,3.,105732,-13317,0.87108671661703369672198840483646006386017307469558989506632128129167092462119699261157739092644044525477888000,5
Test-More,2002,12,2174,766,160,1.,5430,1408,1.3500745897437206441345739423231075191185191472877033504790067523270155748939297431087561052428800000000,1
subversion,2000,12,115402,78951,1800,5,52564,36451,71.09807692634158431736799988146729758112625194561091927819972342163533084628425746812416000,0
php,1999,12,449848,175066,6791,27.,287849,274782,22.0286982513332763608039662096360405413682051374520257615230149901704678470263929931315336243163590791304183084793276415195891968000,2
struts,2006,12,362,224,4,0.,302637,138,1.0004561998552405960020469720000000000,4
openocd,2006,12,6754,2546,38,1.,23493,4208,1.218200674095713142088679887425905734257296921694991626240,0
v8-js,2009,12,169806,87013,313,3.,393879,82793,1.266141838561558292118813007021560996984864459831167139421690923428433147227813795955620770801369220747760509909792608933662876764160,1
jfreechart,2004,12,3740,2032,56,1,25140,1708,1.07289177193864919246609748076437073277700557442068609274300,0
cobertura,2003,12,0,0,0,0,78,0,1.00000,0
lucene,2011,12,167448,187461,1257,10.,198053,-20013,0.90088845306981916188164203293219555916785703273400042426804042392912819325012583169687905728595676675032641913960259039030500480122880,11
ddd,1998,12,97125,31264,2336,1.,155821,65861,1.73211427301605531481407029108932256768240851179669797371271037231894899150824574067409475418760468231369582875159431480900634214400000,3
xemacs,2003,12,30037,26611,657,5.,44286,3426,1.08384728339679803870391905960450894062811046871428638976822443937635312175844720136933884799752989612433843635117133426518688811041467310080000,2
ubiquity,2010,12,13062,15219,282,1.,39497,-2157,0.940879813653392183863268657905284420495381508585545874354892360807670549992230643399745917563891749467690089744670417448564480000,2
tramp,2002,12,5897,3512,268,2.,9240,2385,1.3479212253408409832358231670417614983319817956054665245845020745627984778432665343039593982798540546264986427077609970127295580450848768,4
cvs,2008,12,32013,19340,152,1.,266747,12673,1.0498791690642608136209796225399970318645866765055363389067230701377708111290101542843746140597649994803600000,13
eyeos,2010,12,7557,13465,20,0.,405721,-5908,0.9856472697452879450505704688189150388176000000000,3
btrfs,2013,12,1788,1054,102,13.,21559553,510,1.00002365596655249384897735535,8
wampserver,2012,12,0,0,0,0.,2467,0,1.000000000000,4
telepathy-gabble,2008,12,205475,119427,3270,5.5,61681,19552,1.46409836458185455889361845955632850236617714855703343368883469100444850491467011920955509670926447074608540761765956838627764994048000,2
pyflakes,2005,12,212,208,2,0.5,570,4,1.0070671378090,0
buzztard,2010,12,19408,13517,514,1.,153694,5891,1.03985710709778165709008074930321328764594405920827798260993338907000794659897876629481976385829532961954079734238097044004584208170113543961600000,8
luntbuild,2009,12,111,77,17,0.,147115,34,1.0002311792863271912967930419352607031736438069380314587000000000,3
piwik,2010,12,389864,333644,5628,6.,220280,56220,1.34267950749539906405516374518758592997193514184816024385213346608412742955765428141745828892853777793338384193326948008256292519757312,3
rosegarden,2002,12,103772,90774,112,2.,74923,12998,2.6581196578714458326759029404962506452992092473112148723545165905798493437585851623914163880118461521974973440000,1
pysoy,2012,12,29465,12891,898,3.,35499,12760,1.561150446379745400722139321817459609664471864855062179842885489940595711132653572769508542087988992000000,5
unicorn,2006,12,16333,6874,369,3,12947,9459,3.7118692659290451599680881171098236579987154846413107146629406764501057450379536610304892362993628609391593599122584320,0
pfSense,2008,12,125045,51423,6566,8.,283510,73622,1.35076802867757725373099851114802984257137609522066722097400747391492731265793773190678261120387523032973472908814225983450591458099430400,4
pitivi,2007,12,20476,16317,152,1.,14076,4159,1.41942315450431948916349595052464700799320657153683069130064046730282557388674832749775662267202640814100782262210747563520000000,3
sqlite,2005,12,18803,11540,675,2.,97005,7263,1.0809320050805532794913826618649713464143582049128816069616571051942263613767324652813578221914758347037379122477148391936779043002985197248000,5
wings3d,2006,12,122008,14550,230,2.,200996,107458,2.1488165240153376589758677830095139096457406733959694875408729777010342641373603244547368006456635028075079843374020140431305843967054708736000,5
qcad,2003,12,7882,639,21,0.,131333,7243,1.0583689257825577100054378166607327699167640824360000000000,3
heimdal,2003,12,26126,8043,823,2.,164265,18083,1.12370196055610020304340309742756918859280559546934155442797642175767977237556436363970760018427800739088335348591497986123324913099117440000,11
nitrogen,2007,12,1200,1622,34,0.,4201,234,1.07063084816745580285650778816344429894701149000000000,1
ubuntu,2001,12,18050,9418,167,2.5,59105,8632,1.1710221306349868449839571546604927018991498554919749379964644386250788613391258086022025171500875118254336437006160000000,5
tortoisesvn,2011,12,39664,23679,1336,3.5,260544,15985,1.0653625505509034754073433418835186242141785283450103071105117897745977521148303083319169565096067055901222253793686413487348857354189760468172800,8
moodle,2001,12,630,112,24,1,10555,518,1.05160904653,0
obm,2003,12,130814,65910,2075,2.,38102,15761,1.7054742402172199999355281760452668808476982871014740016416218893675894562619352584696932749446990673193959073842074790672485613568000,1
chrome,2010,12,5636202,3482662,28294,205.,4572638,2153540,1.890224372949523079511648417491579436011137970861344010609697167854163086192466016097969713998374755942570911472903667781545979931648,2
trac-hacks,2007,12,180745,55744,1535,17.5,343838,125001,1.571205966050657711963952550896057725093005950834426843303378834521219035241553046044536428192987041382725067748898057029288073842688,3
tika,2008,12,11054,6972,155,1.,10417,4082,1.6443567482080157663437859090272617536901878910705083867427212019683200599077607219644678942091358386573320880580399065000000,1
xapian,2009,12,33638,13878,971,2.,122847,19760,1.1916827533716795147515743498218646958760286401756487635215543165645644829200133061287143402998797450298301064486974702357796382916488960000,10
librsvg,2006,12,4040,2322,256,2.,38422,1718,1.0468068875320996678870470849784090253127538699920500512525597730349276146824806191693272106085667702324262400000,5
junit,2002,12,1730,1299,78,1.,7769,431,1.0587353502353014010494719262174194200580696069858418063511379029357034840054877286400000,1
grails,2013,12,14105,8648,426,8,325777,3271,1.01014244696131967543779187948234843820,8
cups,2003,12,0,0,0,0.,155566,0,1.000000000000,3
cheetah,2002,12,8446,9458,315,2.,12150,-1012,0.89866826880196542018134197558281157423896952208822315508032245659485840763265582575134669863440703700187352802238856851399248438784000,1
hurd,1997,12,289263,23507,1382,2.,345562,247354,3.5186746502317666789397917570433605348008066533089778008459729420015301260327590617886382037817912038956800000,6
pylast,2012,12,0,0,0,0,1960,0,1.0,4
passwordsafe,2006,12,104222,73954,542,2.,57473,30268,2.11258959744979697595726233129435293195912875815082400997011147998933267933854946881505555354949196582778903555942030330449742600000000,5
cygwin,2004,12,30023,26791,777,5.,1455151,3232,1.002239298722564868654506035139096616395266765554635644196892623602446070761109075797378458458422112791023246638114795748779617508986521726880526962048307200,4
kajona,2009,12,43038,62899,1121,2.,101643,-19861,0.78953893759844916642664094799694931512874722678326329378660153324054320760722387904406612673362463592825443947077913389952629074129846272,2
coreutils,1994,12,11962,3927,351,1.,41829,8035,1.23776410011963519272291657853010711209959631408336522237751389904129933531915609783635370520014700823628455786563965670265002209259468881920,2
jhbuild,2004,12,11684,7440,350,10.,11080,4244,1.62083089517403386641307266438085748941089057037990309859361706217575303929975453153905936993184467433477395607780208417280,3
infinitas,2012,12,189655,188412,2489,1.,83344,447,1.005392233699462986129749754646490085484390230525223485255306085002564117717171012812205063765364566365329728454744400294400000,2
pitivi,2004,12,37532,21758,613,5,22415,15774,3.3752446921832062010365313278929503954731852691614759308700270800,0
nethack,2000,12,17609,4672,6,0.,187475,12937,1.0741213947700000000000,15
amanda,2003,12,5406,817,170,2.,86366,4589,1.056116022846421495528198251255542722575456541708044434796411330930811278046159836921149731595837618590042943172075511187724895202886336000,6
Vienna,2008,12,44268,43004,54,1.,302799,1264,1.004191940463772729658945755741961605231596129053042141731529988370232734261791892611467822138880000000,3
zsh,2002,12,4883,1746,164,4.,81084,3137,1.0402452948797529770348621066353875352972287210269087026969886868930366332575383566872394695524457473706190833120115836173473977337356862653416393600,3
anaconda,2000,12,32590,19004,1950,5.,57772,13586,1.3074729552393000812344074526281057888285790533895008954518870486737789750104406416020984273973680813598048089472356886247854759058022400,1
konsole,2005,12,4270,2796,167,3.,23858,1474,1.066131275511672027173750399372906220221254228420751591756167968914350040568874011855037159464790284421930292938095086016000,7
mojo,2009,12,168327,148164,3064,18.,474007,20163,1.04475663868822947766115484028540774901589940550989394472621516025035345435109677033852992427095882944920709989763955028918839265532491264,5
libvorbis,2008,12,17826,17730,168,2.5,146014,96,1.0006589785836692716262692903249993472331971364047304899440998742659618642043753753102211680030687120071894363775308858242317030727909195201446218400900500480,9
workrave,2011,12,31219,42082,375,1.,85603,-10878,0.86600477937992174951347709301347168342324667546534014207038235185513056966699695972898606671840245675031924674046168938014171285210702136500000,9
libtool,1999,12,9917,6375,581,5.,9672,3542,1.57781402938343173470908452170906322648249731174525613830918624010467513979040646623073965229491918196926670022784178791987464429874880,2
topcased,2013,12,28311,13835,98,4,3586847,14476,1.00405340208885631510116721046518050195,9
pkgsrc,2000,12,48501,26321,5558,36.5,61453,22180,1.56476459657041477856637384049718891349766076144103409517582996077437497666291975997914658131187085289902231309630893869667767787840,3
glade,2011,12,35740,27491,460,2.,63572,5912,1.1026317616780718845351091667342992797084314250195411784071725370475688607555863464242501477565787636342779563255863946037820532224000,10
libogg,2006,12,5707,1121,21,1.,40900,4586,1.1264057331501677528403377296449006223024386574728463767737527235976821860161911008778563344000000,6
py2exe,2008,12,335,124,15,0.,7267,211,1.0299036281202021183481120221368451086978928384000000000,7
free-download-manager,2009,12,105326,15053,15,0.,320282,90273,1.392475946555682620187840000000000,2
spring_net,2008,12,507246,191187,775,4.,595777,316059,2.12992013386046743965158306732253572535945376448610219224977486590962622368052336150367091943308558379199578962870450687060251225482424151040,4
re2c,2006,12,273683,156777,331,1.,147342,116906,4.8410435009325192450191667205485080859175220861515777272560677947111775067493549200002359714454561301760000000,2
asciidoc,2009,12,6489,5559,199,1.,9582,930,1.1121968874521426324071231794193950011320748164422365195692520084507057793677579869634128484922766008765694978765983938614649590734710562240000,2
mule,2012,12,95009,56422,980,6.,1354979,38587,1.0293126971347349614331820237234568216958114551781614364053479361594955903319321665566302381377463547255239215364580786094103903937690763033978880000,7
olat,2012,12,106078,77925,1997,7.5,3767745,11145,1.0029669688121175149287944297231180281496898117589688987343854418667163731195452404874165243481941467907937064900705153270000,1
atl,2011,12,138573,30846,389,1.,871545,107727,1.1410375246472473233183598155647873287769896187061120305507686188773886861610666198052791941869622371318667968181654266136576000,7
sudo,2007,12,137409,79005,553,1.,60255,3388,1.05957761090758387341973112440163131865992328682417278809737432899085569176118171034557934885681517982400000000,14
oxideshop,2009,12,235682,205790,426,1.,383054,29892,1.1203749939015065504801596972526069349144625089946146147835227323010017736710724197672780935164525191862774957657628732838508869180771923200,0
pisg,2001,12,8282,6129,316,2,3855,2153,2.2649823737564673074839097860042239063312116553909420,0
filebot,2013,12,2580,1217,222,1,35558,1363,1.0398596286015019420160902643374251,5
YaST,2003,12,102841,82153,1689,14.5,199529,20688,1.116160113199403663856713218487352147522495639028133780633984268101044940024550341627531014292039544026720613758205347168271281463402268800,3
spring,2004,12,45811,24235,517,2,35274,21576,2.5751204555318241172558129022982446033267891105307395642389524627344860401791147586313157757523200,0
musescore,2006,12,11457,5512,76,2,76458,5945,1.0843106944799592163450115577239292,0
netsnmp,2008,12,147726,132645,728,4.5,347068,10228,1.0303645647857569069341606042909190655687152538400801161640164799807270983788639118254221816160997656887473608221485324035608748258929235876800000,14
glib,2007,12,61687,14227,628,8.,188814,47460,1.3357527908643132038970743133818622130574332743717596826325226889772679025693800539862440821566044784951449616766295077879816247263996000000000,9
bzr-svn,2007,12,34339,16616,615,1.,11295,5940,2.10924369753707850533555741345091369520037413760008532908363355354659390601504286083100158671754635393460678201928004964941873152000,2
fbc,2008,12,194098,132714,1248,4.,1033212,61518,1.06331005439538845797181343887660146824666842262497028579581874755761401812457248070208727361149521640420297992184374367390103252274696387080000000,3
perl,2005,12,786547,382475,15111,26.,3222245,404071,1.14338043002898304536402373938888235357849967245992969709825122205412960277879405336322595812089659803603360881285433314884078519760000000000,17
xapian,2001,12,59215,29918,1074,4.,94971,29297,1.4460973900800454166650263572503498660395153573526582328610396647109525758041118523613426409217689174311773619901731694570032664837160960000,2
pentaho-reporting,2002,12,56237,36137,442,2.,25150,20100,4.980198018932635448204120490521232275644056616417344065320686764064010551892754073600,0
cdash,2012,12,2829,1341,294,1.5,229215,1488,1.006534139562074785851553961604975431797711678798796991286287870821425381987680000,5
hsqldb,2003,12,62631,44955,253,1.,92426,17676,1.236468227436644927331594136283001635916592071410757102525919835850088221481610272175111180896201551899917418434651040846350905993667176000,1
json-lib,2008,12,2856,723,67,1.,33688,2133,1.0675962604821651506123822524462345573540865434051469611475926121058241305632899806251723827918283626329000000,2
hugs,2001,12,31746,17026,297,3.,60675,14720,1.32031335002961237595017218314596911206369119222675262650939415957203516758519931148174035320201368083519360190648984126698323544169401600000,2
konversation,2011,12,4090,3862,289,4.,60263,322,1.00540458886575009951908780306907958716927097043291123418895686767492940774248772478079253982700645056866867207281335232027736961083602393366557900800,9
v8-js,2013,12,42829,33493,93,5,963525,9336,1.0097842251382360065631563492930059545,5
easytag,2013,12,2041,1744,125,4,43762,297,1.006833084091421388024717607554755780,3
gEDA,2001,12,20236,110150,170,1.5,128432,-89914,0.29327338753446540801550355916836728512071396223120300455461268379576971578767223481088567987522227197440000,2
guile,2007,12,7215,3698,154,2.,124050,3565,1.0295887454867278092551999784162872902883403582888621748282969737846296073528755508825666245076985750527588673009684531231909162587448320000,11
nant,2003,12,56740,32093,1399,4.,37777,24647,2.877151561367065625766186073063726412813382942215888609894995621030395467347997126351849932617003806421278787456115790905650063360,2
tortoisegit,2010,12,15106,4671,545,1.5,423668,9288,1.0224142091805926565233054522906788690065290290582566228677706412857067292656375731512872959246151477452261028247107862700138307628351916943877760000,2
lvm,2003,12,8490,3194,170,1.,33925,5296,1.1849872506892429923793211554901846291502359493328917188531693267718469821939172506926706945896658063469503401204199418387948646400,2
madwifi,2008,12,13539,8975,429,3.,80174,4564,1.06073833542373264265091713353768917201707459655488088500478057630333083969952469009017167116054443939679253112731161359360000,5
wget,2003,12,20268,15090,337,0.,41925,5178,1.140909462003842751439869305696724063916457270084991110169600000000,3
gedit,2011,12,12324,12108,452,5.,81748,216,1.0026926289400887074186795077756693988911693087855620906246172401706596994923014770348063416299704861107737692267007108724220562002051637286220800,13
stardict,2006,12,6179,9960,74,2.,52833,-3781,0.933214399312387146326056599190804980786010248,0
kettle,2005,12,8335,1459,81,2,138536,6876,1.05222542914,0
kstars,2006,12,113002,23278,611,8.,203899,89724,1.785846288540891597569127266088472790154195997860548524165877332775088137907891339088742231309294693303527489058624056343606934765245923000320,5
yate,2011,12,49514,11682,784,3.,245474,37832,1.1821982065214308328102625439014728600670065847648742345936854796821454025744578772948658271485261032110554068106406907198805727366050816000,7
android-vnc-viewer,2013,12,0,0,0,0,10800,0,1.000,5
fluent-nhibernate,2009,12,179475,84366,1021,3.5,66274,54160,5.47086016209200990731340111029318389436739672216581159173705600162656782300717853013986340425776099288204396739884556759702016000,1
rosegarden,2006,12,430258,217519,554,4.,217232,212739,48.348987316998440580170194695536928317831251903032417313362831577075008661213912036204593382323077186217733338351534471011662392149015040,5
launchpad,2010,12,16419573,10720287,28061,39.,513730,87129,1.20424002757210558652997888807969803051347345493947176174000766570364273213976922174047903610271426088716107092693494920299324938939289600,6
gstreamer,2012,12,376760,381181,8879,39.5,1358721,-20761,0.98459459620272141877606448203295195472124224817549893694360180659764376548038251400721573241965071435985400942616312312812989629827593240410368000,12
mintty,2013,12,213,221,13,0,12436,-8,0.999356706336400,4
libxml2,2012,12,13075,6111,282,4.,491389,6964,1.0143758063672713316026167619177373963414791695920907872145589975391509768134233004990754983077244173442681949910778935056700543703013310226432000,14
fail2ban,2005,12,1175,652,52,1.,1046,523,2.00000000006832169709286557098964558157301397760000000,1
sling,2007,12,142302,127446,591,3,93582,14856,1.2564917126653147977379410976204,0
krumo,2010,12,0,0,0,0.,4339,0,1.000000000000,3
snehasrinivas,2009,12,281,263,8,0.,47959,18,1.00037546150479363291861076996491808634756000000000,6
ubuntu,2003,12,18318,11223,529,6.,78883,7091,1.09877145085859209061625905285870064725618598430293449856637623528021258441999657861228635323977751122275032938116341216689392145007639740000000,7
xoopscube,2012,12,7290,6127,315,2.,635505,1061,1.0016745131519699195477306772308766955462197449152784450778146149569652470223307322274780997643342833281915185747676592673888578105681390388149372477077030133760,8
opscode-cookbooks,2010,12,31705,9732,639,4.,13830,7239,2.09831588519855588186029845495366355821726217278499281306928429781973806966361016699521104790947856000,1
viewgit,2011,12,60,3,15,0.,2595,57,1.0224586288421950609122854481778274025498428730618439781858250000000,3
vegastrike,2008,12,356737,1025434,533,4.,1335598,-668697,0.493109533391716628332531061354419792940218004654375237336518634611033263651925996824286612485952680093499843802297179988740145347937938958400000,7
commons-beanutils,2008,12,2516,912,49,1.,34865,1604,1.0482246474754647588022276535869476167477601246208865683836551006829711996000000,1
ffmpeg,2002,12,88466,42570,1273,11.5,88467,45896,2.078104813127454107044443655802747371370685164775759453170449719572524079603795774539593723827942157151431094711443401524401285120,1
projecthamster,2011,12,831,389,54,1.,12520,424,1.035052910052838683532117166078654530581247194260947632710101118512329486000000000,4
chromiumos,2002,12,286506,1632,307,1.,303958,283550,14.894061150530076041865262469997116444185070348603737947617580322678483320212904766162335412775141356399126799302855422451384320,2
asciidoc,2012,12,613,366,35,1.,13926,247,1.01805687550560377895833779846802781130570200467509776865992983381649485715818087249781127719695136000000,5
zynaddsubfx,2004,12,14200,9082,394,1.,30076,5118,1.22979525854943790059446573046410998838463900857863115679895484434482426387939738592276289342686063845945718210560000,1
bbpress,2012,12,99219,88336,2013,1.,32542,10883,1.50247010479910315655200197112634411089907796269805965271220298582243716442116818745049825525088635229273140208867920623191756492800,2
flashrom,2006,12,538,162,40,1.,2719,376,1.160478019635295544356302299362475564118910596379361507142884288224646853277803818529337007582620481845555930223020800000,3
luxrender,2010,12,381859,270839,2664,9.,312769,105232,1.50705175461280494689276184102027573491228006795438710244615833362295700620963151163169553525026856180997192700900476314604239280439800,3
kdepim,2011,12,382758,928782,6132,18,2493792,-589597,0.7624774501747137036399481844339911753337654079449596425495182848369329469611362536404818784397004992663701675494742737881561548042240,14
Bombus,2013,12,0,0,0,0,19073,0,1.000,8
ddd,2010,12,0,0,0,0.,160630,0,1.000000000000,15
powertop,2010,12,15322,4029,453,1,10461,10013,23.35044642968597789353223116508349972394065920690880,0
biojava,2011,12,162286,140919,629,5.,363931,21367,1.0841405979008835040201042157947882524374168020980634582835944530352182252630794803621865427258838112873919953739925600268946040053350400000,11
vlc,1999,12,4141,2206,58,3.,14273,1935,1.156832549797918927628535584470326221762166992,0
mojo,2012,12,133852,70422,2087,14.,588633,52766,1.0984684632540118813123055678710034057754570293310511058384051371443070556833280586801589747521493279591311015692379887516391913076757872640000,8
deadbeef,2010,12,338249,270718,1912,2.5,135170,-72229,0.651738918696609699131829078823733067691060845021124431562091693478249760336577116281849427524869525763168686418415053299050822717440,1
web2project,2013,12,943,563,117,1.,91359,329,1.0036141931235260586745165,5
empathy,2011,12,69944,44591,1949,12.,116652,14945,1.1532867677923597139335144872477575945286820621501167123864086973050589562521785189495287016500019006375220252264996874178708784896718274560,4
cucumber,2010,12,16147,20192,537,6.,14219,-649,0.95169333833015879651809772327028103814415447775950805290139485175518635583521307392387864473424861953901510330204160000,2
mc,2004,12,12934,10714,838,1.5,187692,2220,1.011969461697474087894707449610110911793125532171147003553556207271873147397690629676083677912824397370217170141776609822289920000000,7
zope-cmf,2002,12,12511,6471,392,6.,24343,6040,1.3300005464080538349452955386790288064275403298405405649659125904007034707175677957603065166772071193566486998066755771267863124707532800,1
postgres,2010,12,58330,34209,1595,10.5,586458,24121,1.042894207566699130494224534891460475971858760797393070993810390714375016375255769007801616801092426424978664275803708340404908244898017951209062400,14
prism,2007,12,1634,370,52,1,1749,1264,3.606185567056865338186391240661827412677760,0
gvsig-desktop,2006,12,672890,264684,4847,11.5,869326,408206,1.8852489591209032354331147637399504209208161919737492152062863078120951815282022490483663021058446891425850922940970018615024000000,2
ffado,2009,12,21290,13460,235,2.,136553,7830,1.06082829020674686214887950753339819322379391705055504879707675612530999383521896256480755028705575706220462130481611001603944930437600,3
ecore,2005,12,19487,9231,556,7.,41614,10256,1.32706167486203396437676397464197861118790058653659471657195919396161555471034660325615700566282537510528781975149021488483264296630845200,2
sage,2013,12,3062,1164,85,4,629125,1513,1.00241072509761329399074709221304861904,4
gate,2002,12,33302,12380,999,5.5,139400,20922,1.17658974663009882623232417858518638397174927706757961791318358991228618215609695541449106791998953801907010533971148876471368327766650265600,3
panda3d,2007,12,85946,46415,1898,13.5,525901,39531,1.081277628140705424650738353039993785022896998252608112850953883900728292170865388513079794617829811726419135552671813854615271185649841950000,7
vegastrike,2003,12,504052,239406,2060,6.,502471,264646,2.11277620102583879978017035064065641536337558291962597431582132242449587353622837744588410466347101805453455390124953196715741858181939200,2
android-astrid,2011,12,128727,29587,1048,4.,93928,47381,2.0179173737956708769860087958373155390713247517183614833848027985272157621904799979275542783383869312788956416042710715435448320000,2
eclipse-gmp,2010,12,10088,8304,150,1.,491267,1784,1.0036458833609794100836277777470526730270908200627938534534649283943840356517457193915380200000000,5
digikam,2004,12,81489,30080,1018,6,70076,51409,3.7540043934702667517693913653882619484717678648441629644536570322914358400,0
moc,2007,12,2612,281,70,1.,35007,2331,1.07133676092974498064221998770204281265149034094830464381559156818661936488791539463861765374884063941340882954036930304000,3
dosbox,2010,12,2522,1085,144,2.,117790,1437,1.0123503476490158218186942273332014839114384542163142710154279339457024539334375630184112446722630812248629942046030369230159714900590572032000,8
thrift,2009,12,23376,23814,544,4.,71890,-438,0.99394425396180183448042674715629562351505549425257344746140492902673947758330324949918619320106099567081302777500975861532428598832478464000,3
blackbox,2010,12,0,0,0,0.,31532,0,1.000000000000,9
wrms,2003,12,1275,862,122,1.,6932,413,1.0633532750408435513268690935686230982783720347035315688797982738021666807849042930135880634005601036799883573966641600000000,3
bash,2002,12,18698,9417,5,0.,120730,9281,1.0832757584200000000000,6
vagalume,2010,12,2955,1505,40,1.,14281,1450,1.113095702411171353001598771754518266627178407066341439904517125112017223851700523534446764841600800000,3
abcl,2008,12,124544,121017,230,1.,109152,3527,1.03339171597200555163894974414655668348435635086085916279421107230079135002216879112480000000,6
packetfence,2008,12,10250,28132,443,2.,54331,-18489,0.6584649487365265349639383109798758964198163719844397073845235860791160093467870938932177920,0
lams,2008,12,1647860,1175831,3149,7.,1099939,472029,1.8558847527481946919376221318659607883365139178838309398243543996809386611039747886698412453875751411886486502941390445297278771200,4
hyperic,2011,12,1730569,1423725,2249,10.5,1688283,234807,1.161548591110782527536470530834455482583272248338576590337875303102725084136383623376647497526921849184727159382661410857020855701664957954546880,5
Mumble,2008,12,167205,144135,528,2.,73975,23070,1.453197131946276579931233309718059271030064394287626750403560991157066580031202050795850590349155861698266100299741654540466914864347520,3
eclipse-mdt,2008,12,719321,258330,1261,6.5,1729331,460991,1.363460113277211540812825065691604530518260488095397663480401312625987787025605235858173278086055810161041765363976358586642520473600,5
piwik,2012,12,514338,337767,7165,13.,681086,171050,1.33536848380332633250561310323614547085532140330720748310851038445576924537362783672076107518592793941364264880707747377084241003645120,5
osCommerce,2006,12,173384,83052,699,2.5,143325,90332,2.7046346617608171063674093463519864039651190839126406687526494550185243069705698169951694742203445924079913267303101931954611422626211840000,1
gforge,2006,12,275243,266219,888,3.5,250638,9024,1.0522936418734538866271854013770041496663106393857850783532061515581186161342493279064332545279241716045231428240933238390231190737064675673413376,5
orchard,2013,12,22574,8927,238,4,195089,10616,1.057547717011957063660279596597899232,4
openssh,2007,12,1792,826,94,3.,40815,966,1.02424151170877117825255544542731665331679732371004196461244717998875489439408238519299450781429435521346539910261776716470256907103237925075138579884146688,8
nifty-gui,2012,12,29818,13920,157,3.5,325982,5273,1.016441696365770939949460770371611715795560461820000,4
kate,2010,12,315148,25782,1517,14.,273623,272929,394.26945240441825983958913394765085820120957502466498472508432700480000000,5
specflow,2012,12,267565,46496,363,1.5,995627,181870,1.224391242974831285667938676585344429049622846938488879508870635395685356525482128278505424463983849119496120732185981397120000,3
gupnp,2009,12,16909,10014,543,3.,37872,6895,1.222584498171807413148263779439342687397262758482876407127446526622396784343415556143741582674175762438988477631787511822766449428069679104000,3
privoxy,2009,12,9672,9402,377,2.,94245,270,1.002873899672706637702758819581570468708376959876605786342631534238963401279534659474534882887524105094361284061523348635192282139370934087680000,8
sdl_image,2006,12,2656,1101,34,0.,18585,1555,1.091309453902141645535224941169577079096122820000000000,6
dwr,2012,12,481,6367,75,1.,164745,-5886,0.9655045097352816103531382210239350542974028565219559566301280414730528858045446477275806797930878269777620554934084215401630183929520498524353966080,8
django-mptt,2013,12,38,7,5,0,2460,31,1.0127624536800,5
npgsql,2005,12,6054,948,110,1.,20622,5106,1.3290796596704734108178098637669914163205026723760455175457283588499566728547256480870240109913232555683404008448170277776129633373188172800000,3
dolphin,2003,12,472,420,34,1.,608,52,1.0982986767475150747054270423433512174136508946131954804924570353664000000,2
openttd,2006,12,76131,57564,2500,8.5,122614,18567,1.17844820130047872105713334118326175522555329411798472771685067215550806700518194558109584377314724027995482543587909437341774256327055008000,2
make,2007,12,1451,1273,30,1.,30414,178,1.005887022092853332452671407072888501603120605597425595881948102635609307046078097003112028386396418560000,18
puredata,2004,12,201010,103072,660,7.,464156,97938,1.26743087450350546225522186044095926550943370974776599460105397107523802116549037911513032338882651970233526542196815254895220647586160000,3
perlbal,2010,12,224,60,39,1.5,10317,164,1.016152861223804337862411689659437992005487276048892839834458731193666778448512391821000000000,6
lame,2010,12,10737,12799,113,1.,131105,-2062,0.983743554974390245512669965644880620609802441991378149213869293866847274467804427551874266232598000138994367647364572114870032525329920000,11
cglib,2013,12,0,0,0,0,14195,0,1.000,11
cmsmadesimple,2009,12,133259,68069,5332,5.,532546,65190,1.13948681520556532855565201518428365660579583739046764164730614234350046091024095564680989952107112606871256612342601170761002719441500751997322621440,5
scim,2006,12,49521,47400,506,3.,356478,2121,1.006206799681181983225190480762058294481179962551151660566655355130256543085523735797524934558133268560567621316418385890668698390137489563138881344000,4
mypaint,2013,12,1719,766,97,2,29511,953,1.03337068421868419544831026552974968,9
phpexcel,2013,12,0,0,0,0,60750,0,1.000,3
sdl_mixer,2001,12,4585,1410,89,1.,29173,3175,1.12212477881722718252411198271728325904601757985368837356976871126455152172605103395399542789091836109578416469924979200000,2
openidm,2011,12,208111,82507,1782,6,127800,125604,58.1967213118087310346380413818293924044115014637477446558042516813652256830303995451419622400,0
geany,2008,12,62098,46092,1391,3.,120331,14380,1.13572311729660861894023420594816766973168314071175202898891855470257810093467766291683530619384630990110820000089095991392350731740370698240,3
izpack,2004,12,495815,17660,1093,4.5,1060112,478155,1.82163286976168724022077562153714120816203423906535977377402531841684862705033784512266764913771909763788080208001180422651833534054400,2
smolder,2011,12,0,0,0,0.,9769,0,1.000000000000,5
premake,2012,12,24039,25562,305,1.,101730,-548,0.9942642425799547079999439154176433856069340063819898485579473964371217053301878781066443303499258335523921686887330867035457675856061633630720,9
kdevelop,2012,12,142605,73742,2777,12.,283530,34372,1.1379526244309865312467183550911163830587484647301976468480134383590595881246708749277267705171850650254289581630286679344409822369536668652011520,13
simpletest,2011,12,0,0,0,0,119187,0,1.0,8
groff,2010,12,52416,32531,44,1.,170406,19885,1.1321078121560122734270417766728498907239211044252381261334457396866805640007016435110506360000000,10
phusion-passenger,2008,12,411469,575959,1227,2,196931,79344,26.7109526911914371296847329892548747564068059999881708155432999528784361792432837162677269680843989405954599185230299006950400,0
gqview,2013,12,0,0,0,0,67757,0,1.000,13
adblock-plus,2006,12,13078,6185,524,1,9869,6893,3.35819363657940339109089119201718459286512894056059900186592091625521026128846790325065315990384055062557602047728570859520,0
celery,2010,12,152186,85620,3004,5.5,83117,56236,3.0920352665634272306056486334046457895328103619219562810651207780157219992754439473264503969375742895807119327836757779454213632000000,1
go,1978,12,0,0,0,0.,3,0,1.000000000000,6
otrs,2012,12,126197,77239,1841,9.5,486649,48958,1.11673537708086718656170086330583179955519341060966635516642555902993283272568679234381229719666818538276535308057176473244478860619486593024,10
postgis,2011,12,115622,82270,2367,6.,234828,33352,1.16553832715183199872271835358651781835908338095740097058661889754583690197376134641203895723085775245336142338682614397774031969837056,10
kmobiletools,2004,12,574,236,34,1.5,4505,338,1.081113510914605580092020,0
jvcl,2007,12,67798,439558,472,6.,2521367,-371760,0.85252757171742380184410516567670625085770064406011889125059381351856498570251569150024157285937418747313601769050388624751299616551821521245233687347200000,5
memcached,2011,12,4146,1278,225,1.,56205,2868,1.0537713032178179555920781720729332965755996404176345425232052754186336949984816000000000,8
selenium,2013,12,2488,1523,69,0,401936,965,1.00240665783800,3
slitaz,2012,12,60583,62421,1134,2,106924,-1925,0.98116585786354321763015492831697212782121353488006032059595205403795762053538785532528493944750092288000,5
perl,1993,12,362700,209586,156,0.,468352,153114,1.48714636603680540122626150347463927245984048000000000,5
prado,2010,12,16972,12403,200,1.5,280249,4569,1.01657356355113291864007420219255541120363037035336637084303825035994650951464790048768330750932144050470754713600000,5
zabbix,2012,12,179033,165870,2065,8,234616,13163,1.059439248951613401624088390604772203238571696909429398206245879189192651389328395647885427829164280538413237946090435983747276185600,11
geos,2009,12,74129,46185,599,3.,131418,27944,1.27005817887101869075314386344964503323025761499802421429262156906232717259051432349251597803678024271932779494252809953618713600,7
strongswan,2013,12,20207,6372,400,5,261660,10333,1.04111376811894353264505727812500,8
mason,1999,12,7658,5237,314,1,7919,2421,1.440341942448433842525635351403156437258779343754121477929898327380315042459240,0
orientdb,2010,12,79203,46519,1110,1.,62971,32684,2.079142866533587188098146693283476241110001015634319728847253388372517464811210777821360,0
shogun,2011,12,444261,379409,2895,3.5,162702,3632,1.02283271513468234497222427938564317945358553777549933155317787377396061155370629287945757945535006671370209680706435672031516715120640000,5
eZPublish,2003,12,700638,453590,4396,8.,335021,247048,3.8082252509945762828588344412906339435120670443977714339688845361350134518693831115761310632793451605075701995721588534246400000,1
qtwitter,2009,12,177593,121428,928,2.,32989,31541,22.7824585575438195978463150779164936608324502793437253947909217418570591315757657794105868679090264171028765632000,1
pytils,2008,12,916,203,39,0.,2959,474,1.1907444667577881678560000000000,2
YaST,2007,12,160320,62209,1285,18.5,479239,97141,1.25423059007330123704130642851221979236186659039504815137836643530294686581849288866996354505212338054881804145363208657892145186696800000000,7
ixthemes,2011,12,1937125,458326,169,0.,12409238,1478799,1.1352918212994377728200000000000,2
powermock,2011,12,14734,4388,82,1.,40842,10346,1.3392576075165075391298733041269259421747287662193240247726331225255195829703312716436431996966545174796696605762344751104000,3
gnugo,2009,12,246,224,52,0.,86138,12,1.000139330748000000000000,8
milkthecow,2009,12,2717,1675,169,1.,3277,893,1.3745805369121686173407385939643842036007070402087717005030431185175582396952962481908736000000,1
fwbuilder,2003,12,62718,34510,645,1.,120286,28208,1.30634896499562515143479603648299084458880403472178817412343475144005315531394992642570429260307221568153779946360459288008655745031680,3
Titan,2012,12,36343,12471,245,2.5,251377,11444,1.047696648653408129244470695187173147181436251975260311646070497472616928556668170202043654160206639811373274407178503466292240000,2
cmsmadesimple,2006,12,418683,265907,13914,6.,441534,152776,1.5755705749919680016364407449091540980247868937613140767870861432189937792171344922969079276728639251763157188992246994656230978617344000,2
mh-e,2008,12,207,127,39,1.,17594,80,1.004567774352200487087694002998801475889144439609268658272272095757956108013834932128000000000000,8
ibus-cloud-pinyin,2013,12,0,0,0,0,3785,0,1.000,3
freebsd,2012,12,690039,266637,6704,70.,4805885,423402,1.096612354227028978162684850308682211667042687485293311980229204659205585262055869786816608661966858786286041807245124577845326040417374745839104,19
cyberduck,2008,12,35579,29430,968,1.,82039,6149,1.08102516800585501137046198918197637818530191805844178689742745870917277945958791255917889883988199309522151138511718138198999994535484560179200000,5
jbossportal,2007,12,888659,510157,3887,6.,873137,378502,1.77020061740167983881092447370831500351211681559435711859404320548471618328798931875460658014845732229649653598261879509963998594855731200,2
freshmeat_batik,2009,12,419,179,31,1.,223757,240,1.001073743831567542686331700981888943589808778744810992469772773403452607043609663111191211246294457673674604800000,4
tellico,2001,12,0,0,0,0,39044,0,1.0,0
scorched3d,2013,12,0,0,0,0,507591,0,1.000,10
kalzium,2009,12,69194,24357,259,5.5,53431,15167,1.4360714183265897732148384598504977525467992075940548293785312224777221725772657278064042412669610084218365366854888130560000,7
opentk,2010,12,211037,35915,252,0.5,854761,175122,1.2576691449023509776962804485965038894721704236870102064273053617574385104000000,3
OpenDS,2009,12,176131,119207,966,12.,804238,56924,1.0773830805032395061124643668359589513070183249700535622861344172560342580047548472245226037713865385195122164705837116657773376296197120000,3
lastfm,2009,12,0,0,0,0.,6650931,0,1.000000000000,3
nclass,2011,12,1532,1509,11,1.,49190,23,1.0004682982445101620847796672587649042302685907997750727773328742037918943615625000000,2
Open_ACS,2012,12,101,80,3,0.5,107567,21,1.00019526528180017838130570200,0
mdadm,2009,12,7359,2647,295,2.5,26472,3314,1.14310389497300016590055587272255053112474935791874545967094048074558482615892113209042523679953435090035598257152000,8
calligra,2010,12,2149783,2004513,10825,37.5,1433470,129393,1.10249892267026751000176379986394398918804044272676649587432802094885862383854224439853255506040083170903226579962440143283486861312000,12
Darwin,2007,12,135,71,9,0.,9334,64,1.0069039913692204266176322661065406569597475623187200000000,2
emf_compare,2013,12,37687,34166,210,5,523350,2480,1.0047807136766735614424362567263742599,6
xfardic,2009,12,1712,1809,12,0.,16183,-97,0.9939993813793686894857970000000000,2
netbeans,2013,12,2865158,1648412,6472,57,9940208,123811,1.012612672450415350707110527867915620,14
kerberos,1996,12,114372,75724,1525,7.,241370,38648,1.198870009938423153962516297791856992773945640326806494323874265716223632803753917778287015247543557437746650861875296864031837421895350400,9
Vienna,2013,12,26475,20649,133,3,241514,2769,1.0115981486491028386502030774689719648,8
checkstyle,2006,12,8352,4461,178,1.,197389,3891,1.02010873497394866478762113131675242007644865514464231489509651755948686439218283088358589493301470464521018089241014171605120000,5
vba,2003,12,51818,30607,225,1.,98433,21211,1.274675610610338373932226825958195969642938990814210339663333413993563910983002407779966890552033280000000,1
textmate_bundles,2013,12,0,0,0,0,346514,0,1.000,9
diaspora,2012,12,108939,91365,2828,11.5,54204,6212,1.13823490141220443435179034632713818598473462633068848875593172444365093516837018481062023674117149205603843857103847262720000000,2
jruby,2001,12,40023,28630,228,3,28645,11393,1.6603872015675766148485795843500,0
claws-mail,2007,12,7,0,1,0.,151955,7,1.0000460683918200000000000,6
nasm,2005,12,8449,7241,17,0.5,31925,1208,1.039326757172980236494263168092630798803172675000000000,3
freeswitch,2007,12,749550,1559618,4109,6.,2242925,-851340,0.59893758543847907291666110802461558236713004140323808174682884985271441953626172191035532749020173197962173294891107796279636460656250000,2
semantic-forms,2012,12,8544,8887,705,5.,23288,-592,0.974331179831261496264715915134844171916757989118934513851748010930417141265579724836562617620489080031304299535511864575796454500546350000,5
ccache,2011,12,7202,2830,314,1.,30821,3705,1.13674614305150043802359477686650531772877918572297090828092109730620627459986895046599133856560000000,9
facter,2009,12,2114,26173,107,3.,4192,-24122,0.1478131844236328087798906244252185888993653559571005229432699412237560900830527557449018916399206400000,4
poco,2006,12,170816,151531,88,1.,168864,19285,1.1289285260719888917365726714118370576198158426,0
dragonflybsd,2011,12,9867034,2601170,2667,12.,7500653,-241048,0.96640948797637777484693641257684983864853438586510022520552402271981758743226539503094442540192868387264014739929690372109837415265770431012200000,8
perian,2012,12,4636,924,52,0.,33687,3712,1.12383653040543279516967926741250071402257835417600000000,6
devhelp,2006,12,1753,696,59,2.,7357,1057,1.16833890747307279855288121980984851409621377756345090769816522831464230292280800607100881920000,5
aquamacs,1988,12,6882,0,12,0.5,10878,6882,2.72222222243172113706791256134270965992942778349278317047236300800000000,3
alsa,2002,12,8988,7794,301,2.,71625,1194,1.017533297111331901328029254294309671078209037530318508800461807545741071075771598661004356861102239858002197257288008384013563700369637083380800,4
game_0ad,2008,12,1480344,1410427,586,5.,1454281,69917,1.07141230215223562087026605248372577657904190128818989377916093098897045834371868977570440131117840258165268151631663204191408473449267200,5
distcc,2010,12,322,100,16,1.,37207,222,1.00600243341911176713724853668375852473627175706406696626487687373160710522963355657616000000000,2
cairo,2003,12,46304,27144,262,2.5,27296,19160,3.354965585729467186499733222968279523604415104954805445877311249051135109973780127023955368455092651805909259000112045744084338688000,1
dotnetopenid,2009,12,335,157,47,1.,122056,143,1.0011729676079600018485619023826030145576444296206209156309575838682761710381616339070101260471494068525969408000000,2
ghc,2013,12,19572,13601,478,14,192283,3710,1.01970228833514837945351684438304041,17
hurd,1995,12,118020,31842,4240,3.,75295,43089,2.33791840032056836465623519438980599410361041698351966436540690564675647932336337064147630059043193123180508085215583424627071920712000,4
poe,2013,12,0,0,0,0,23157,0,1.000,15
lfs,2007,12,272778,61261,1534,8.,380406,211517,2.266895068806012252393532878143466826575846663390372009155335993215657460464042112638304556572524760817256674864894153786251636840294900795392,6
gnus,2013,12,189,80,31,7,126668,109,1.0008612583853930625776146543700601768000,16
serendipity,2006,12,190029,90196,2355,8.,388109,99833,1.346310480235280630927419510021184248835524040905228349942650097871713146751680466063191224129301712265200983228744895649846921792307200,3
vba,2010,12,0,0,0,0.,179726,0,1.000000000000,8
specs,2009,12,29076,19750,175,1.,20666,9326,1.822398589149008509613276198480112042382408150184565542323335477044374432322257891558573311468413732053622965167548895937058036110572,2
upx,2001,12,6250,3975,155,1.,4568,2275,1.99215002180976894524880800960122224520712572157128556621190232697596711756486125000000,1
mutt,2007,12,31797,15474,415,5.,90650,14087,1.19104902690101393497790157944985628976138979596124828176220716030945955304853661228269119364778387550143000000,9
backbonejs,2011,12,38764,30050,423,7.5,17258,4471,1.3496519902303222601709586030175950063324026598330945993208233520999728746078797257255080369792327163632774182485729990513791361148236800,1
postgrey,2005,12,24,24,24,0.,864,0,1.000000000000,1
awstats,2011,12,699,409,24,1.,48657,290,1.005995823598985281789106396080178514995155884339993938365380151114592285132500000000,11
taoframework,2009,12,121,49,18,0.,233860,72,1.00030797132439818651719375972908250261456000000000,3
tkabber,2006,12,19310,12005,181,1.,51863,7305,1.163943624029897215875270165506683002489710365132505404816835763280059819623169410145069811132922044826844596770345717232594197617182469120000,4
xmms2-scrobbler,2009,12,397,170,20,1.,1256,227,1.2206025267141786902246076249892764149630204861537992081866629474352000000000,4
com,2007,12,2471,1896,23,0.,21316,575,1.027722867747602326479863448426306212131272800000000000,3
portupgrade,2011,12,38,80,20,0.,8703,-42,0.9951718588336545682934649375579312900000000000,5
WebKit,2003,12,236471,79611,2711,8.,316096,156860,1.997431071339272711447363508657447167573707033171753407169871469535119460531724798226993093005256420928439307487535676226506160992000000,2
Apache-OFBiz,2013,12,4283,667,73,6,1462826,3616,1.002478053193306001840769739479076250480,7
amsn,2010,12,3543,2283,221,3.,297823,1260,1.00424867566129011397941342935738790408482486347040348279052954567490907896160488841691268132191506957170973008891385400296131775382063430515101300213440512000,8
lokalize,2012,12,1878,337,57,1.5,26803,1541,1.0610007125322711423222653978631128094862711920209750388456239625596584899190958867777583970107815835620505600000,4
lisppaste,2009,12,1036,641,24,0.,4349,395,1.09989883662151108690657151619797726316456756000000000,6
jfire,2009,12,512869,306842,3723,8.5,762749,206027,1.383002494838336754268801014453232287229560207876940320971997162151047019920668429009758034300571528882840861044689895990681969395200,5
jbosscache,2009,12,12315,7017,376,2.,302005,5298,1.017855999353458961319619609016181658088276246880459470451818934148872269778711146002414287525507546682017607675600373444441958731604644047065216000,4
file,1991,12,137,74,8,0.,1102,63,1.060635226182703325536120000000000,4
epsilon,2012,12,104508,59682,476,3.,2385455,44826,1.01915126233206047402625273148192598920768964903775364012253785195429882675539301963667089725687258926292572323813276632795011248518877944155544849979200000,4
testng,2006,12,27790,14414,552,4.,104326,13376,1.147069818582979326745541444004926430977842944,0
rhino,2002,12,13933,12022,266,2.,53994,1911,1.036764140055059093163705057297701372270661883026371842723562982295459687344808255713963916035467313505698173593468604407629594762733322877665280000,3
pdfcreator,2008,12,16626,18913,24,1.,62863,-2287,0.96320015447272500348411411428764185069719879564106976812636211807055931292718904649784242761101051520000,4
akregator,2009,12,3418,2671,155,3.,28975,747,1.0264630862906854200269109825829479117808013903389864735183682218907944293343263012684501827455216618670416706627726284323011729967792000000,4
u-boot,2003,12,171539,48470,466,2.,427027,123069,1.4048881753390084362564008225460660329203742503096115095229966530910173845659443223227802017392481376853735265067448048009160542083328000,3
archlinux-packages,2012,12,133705,137293,3467,29.5,65219,-3588,0.942116895468074103521585196625200344803405249466284903315926314578878515204988572236867128861426887498554876114336529424807606774787500,4
wesnoth,2009,12,145305,126292,4722,19.5,211480,19013,1.10562777778510959257499786331855278558239878948521154080117828919957090372490762406775591655036533135391243721282097349755508201280000000,6
pdepend,2011,12,99577,91697,433,1.,55226,5515,1.110941240366561013185230193751033587778370607766575014430789309813292638564602155333433239208971788280470424686400000000,3
cython,2007,12,8791,4112,146,4,2378,112,1.04942630185226605285566000,0
unrealircd,2013,12,381,1157,46,4,109819,-781,0.99293851717931737469711520,13
haml,2012,12,0,0,0,0.,7818,0,1.0000,6
xchataqua,2009,12,9667700,9173528,211,2.,3695685,1681334,6.6086531562671134531435078288389640180393567226092320000000000,7
cocoon,2008,12,605088,518965,1761,7.,1285708,86123,1.0717939954254102087456893181310595184968542243792934057499621472525583529966689488601490046339457960016032841576519238625471665469008392042729600,9
svk,2010,12,688,616,6,0.,38817,72,1.00185830429700000000000,7
hal,2010,12,980,278,72,3.,83531,633,1.00763588988852891027207416598164209398329227972501793716603922033846921472000000000,7
bittorrent,2013,12,0,0,0,0,8633,0,1.000,12
ratpoison,2012,12,71,38,7,0.,14822,33,1.00223138819413735311373500000000000,12
acceleo,2010,12,27148,13902,132,1.,715149,13246,1.0188715534726828782748582262775857566049622876110817265112960644351888130379771393978160651130809360674569414367360000,4
kde-playground,2011,12,93331,378547,749,20.5,2747564,-285216,0.896198274917398453829129654158837115317550854656,6
bricolage,2006,12,52597,26093,923,3.,127685,10194,1.0867640925720761358639281998858309086983780549063405653014282270525931354713894680654028293910159638431557295814652000000,5
adminer,2012,12,8086,3212,1004,1.5,42569,4874,1.129300968299305383607836763416061662666880966998359629888982780474062284570901703028411591303639664538739786703205007588227499638625024000000,5
py2exe,2003,12,5367,2187,169,1.,8635,3180,1.611303344767290865954054447749952854041176617240626537631633611300496940279927712647200000,2
xfce-terminal,2005,12,6031,46457,95,1.,12160,-40426,0.2312402540333879775618282260559331497589490776010386772596315452665048958865535276574765363840000,1
MediaPortal,2006,12,3617876,2962422,5690,17.5,1299812,655454,2.017220240936151521289389738409491783957555972661630811989554961098610353670213286117627509438222633082831428573359850278652887385600,2
make,1996,12,10786,3349,125,2.,25056,7437,1.422101140783510717207216939102035836047899224208594673749311614868357827105555605400484361154240640836494753067929600000,7
mono,2002,12,924701,844362,7267,26.,655064,466927,4.420510153168121596745846530716061265300174073415569868289974377283872097928074519048523992207263604334727042418473907200000,1
devhelp,2010,12,8373,3410,122,1.5,11267,2533,1.290016029351643487373562147894401012191814102563595705600000000000,9
rekonq,2013,12,4676,2443,125,7,26781,2222,1.090475996575962525754049337387380,4
PackageKit,2010,12,81358,64437,961,8.,109467,6087,1.066283362204996048109240269629053954755563940304421896228416910250872553123149682808859881017805184346869720924091012881280000,3
IrrlichtEngine,2011,12,35794,15772,405,2.,685704,20022,1.03007742435438871688615554571338338393487784583794260759496136097525099116303391936052957467086955981466480904758538915711066195206987405911935997440000,5
sword,2003,12,340126,270086,560,5.,402346,70040,1.2107695918661493815861692249212301280151696311817954055382546355980637284732215555877535602757185932895558797146902968179144283138188902400000,4
libtorrent,2008,12,1295,933,46,1.,22120,362,1.016637558602951406099718629600051858620183372986430400728308175041749583076778495494801624600127827795691000000000,4
cucumber,2012,12,4183,2697,119,3.,14023,581,1.04322273471798845828227385221006662324183741240749870208461119384139307669829928901170554506067857986095022100000,4
wesnoth,2011,12,229089,183857,2739,14.5,308024,45232,1.172120916927390297600128619431028270520813594998490814106419381878122461945195837644184833134585203248959670535295686267619833766251193600,8
thrift,2006,12,36614,20548,304,2,18428,16066,7.80186282835546469119841805814271317129891339598582170443260776910400000,0
latex,1999,12,107,6,5,0.,1410,101,1.077158135987040068863256245651750000000000,2
xine,2008,12,167116,432441,2320,8.5,1832513,-269859,0.85007924951622553766222786304935195073688521574280285067092606581975282785731418257743404921878514212329439075311409828950825767012512972901377310720000,7
L2Emu,2008,12,299230,250077,1128,4,793886,49153,1.066442097520703336017387672812816681037820020363249453500,0
i18n-zh,2008,12,697768,935380,191,1.,1109385,-237612,0.77026670343322624606554452309363945975766170839070983335064091945112167597078159282523720597282500511298656000000,2
illumos,2006,12,1254968,409692,2978,111.,6862408,845276,1.140478221192330615587213015050122601284614494787791407694799300096232684825656849819079142074271333910784505693045016033988800811894041664,1
fillets,2010,12,825,387,100,1.,115292,438,1.00381353718686362765059704262032059574684417849402951326725254300000000,6
simple-linkedin,2010,12,9272,3980,56,1,5573,5292,19.83274021175737063880257333187879446272000,0
ckeditor,2013,12,2162,1400,81,3,100658,760,1.00760791222826050402949734767462574462,2
openlp,2012,12,920381,765612,1808,9.,152822,4250,1.0310958924058141600885744081072336523720714727751120242901019204032203285001989424776736887765079233334647691605104877393222917937523378872483840,5
miranda,2007,12,459854,295068,2388,9.,664605,164786,1.3552027176389473577793015895145674979730903916135071541625396787312340971485186936726573187500234273917183427117799861380393856395520000,6
gnugo,2013,12,0,0,0,0,85894,0,1.000,12
adempiere,2009,12,4886981,3000818,3890,11.5,6547241,1886163,1.404662397880545800796094947158432542563586029296054044921112945430567112390308178318220780226091038895970314295956421732342999749337740001280,3
qcad,2001,12,0,0,0,0.,58891,0,1.000000000000,1
xtext,2009,12,3268360,2128709,3692,8.,735718,613776,6.03334372093691175435565480015302612023488418770430272077432486382230083832846164501416724303851569297744052339418975798226607200,1
arquillian,2013,12,13221,7462,161,11,193288,5759,1.0307099168663556166298124856170948,12
pciutils,2001,12,10,7,2,0.,3452,3,1.000869817338400000000000,3
gtk-gnutella,2002,12,159378,74407,2136,2.,107236,84971,4.8163485286397074384161418146768864550290091030133053888435362883938697801512393167090690671270335384175582501285984030740987840,2
xournal,2009,12,19838,1775,40,0.,37106,18063,1.9485375203853116030697832221202474661372675500000000,3
adonthell,2007,12,7509,3291,162,1.,92921,4218,1.047551942999496730206004440991486562221016634571856962848603774506887594901031479838522519851806322183450334541897739473920000,7
geronimo,2012,12,9218,3794,118,1.,523824,5424,1.0104629629630226243396635857597871759976803755122146244408461759256930491968000000,6
html-template,2013,12,0,0,0,0,18633,0,1.000,14
greasemonkey,2012,12,2176,2288,203,1.,5534,-211,0.9605090773082084936835589526690627751307748491658850705554023900767172442021003148581868651086761446077345426549436794072273087673089341440,8
john-the-ripper,2012,12,678,328,37,0.,28126,350,1.0126008064507323706482900000000000,10
maxima,2005,12,65299,48689,555,6.,245970,16610,1.0725340180569354524250334981753837663623438341157540070703876149633254835887229390834746218678847854134898297699345660304308183339307386880,5
simple-invoices,2010,12,414326,336757,1929,4.,262415,63217,1.31735760402281572552850614924972602284579193073450037062509946800386481326918505906155385262568099121959027374203959277835194938880,4
quartz,2011,12,9556,4821,217,3.,41828,4735,1.127652117650954838576647242490153856876679623385290685871743642276540882267642157354549335024478607537262012733441374130112000000000,7
keychain,2008,12,0,0,0,0.,1855,0,1.000000000000,7
bulletphysics,2008,12,280166,178626,813,3.,708889,101540,1.1671855885081231640073807836909645671753223502767551691024197748026402154811735718282864753017795624279235554945902143851661837558891178880000,2
kvirc,2013,12,22,12,11,1,1564384,10,1.0000063923332909877731269786010,6
winscp,2005,12,69290,13152,34,0.5,179541,56138,1.454916006917932637572102511833855959533414531649190148043277309760000000,2
chromiumos,2005,12,16420695,6964541,20374,292.5,5386074,4815023,9.431861602712865767802390237912845873721189274009021726015676928898960429185401396025982999293154508714926894103238965254371405028715151360,5
lxde,2007,12,6204,1897,52,0.,92832,4307,1.048652922905636828322476899506420000000000,1
scorched3d,2011,12,11041,8977,83,1.,485599,2064,1.00426856380589272083460976448346917153410310040103215988137063829828051459262005530013991674340652957074564969762750000,8
mambo,2008,12,0,0,0,0.,130527,0,1.000000000000,2
glibc,1992,12,3902,412,236,1.,2736,1745,2.760847628810241811523983206245512458511610463244984241066611857955773823838647878710387197995685503026457600000000,3
gutenprint,2012,12,25814,11531,409,2.,216663,14283,1.0705751556488816247799065012665067988165199422921940810242087103272908263355971598984315645184459290184363827749671017836950165497203720655049736678400,13
pidgin,2002,12,37611,25396,1036,14.,89287,12215,1.159039125069252952399783903587159397649284063459259596466038544057526493597416886532647508416953485092048020557519696694665802886717440000,2
grml,2013,12,712,1319,61,5,117150,-601,0.9948687299893862032796908257346300260,8
roller,2004,12,78481,75637,886,3.,60552,2844,1.055605521402117700471346832971245606999658381686393159506620850358072594926549757294578522089760243134224712772019256592000,2
EasyCreator,2013,12,0,0,0,0,153336,0,1.000,5
xvidcap,2012,12,0,0,0,0.,277145,0,1.000000000000,9
amavisd-new,2004,12,37,28,12,0.,7773,9,1.001159196290523551825174700000000000,3
phpunit,2011,12,15475,11991,1022,5.,21568,1532,1.079246844598075292181669116686722958279702536206175891665637921591428895277453886721266206647285183187523086177475321667054734349906739200,5
homebrew,2011,12,34850,15203,4322,149.,54141,19151,1.547327807957228626171781382994674843494523199047633249008760084916980248776549677323542373712027351478986845899399351282237532160000,2
freemarker,2013,12,0,0,0,0,163662,0,1.000,13
libogg,2011,12,1098,440,10,0.,43640,658,1.015308733890356687687460000000000,11
geoserver,2013,12,105272,39601,410,12,701232,31717,1.04737309843648196121065871315170049,11
jmonkeyengine,2005,12,55881,48659,691,3.,68332,7222,1.118180330518583709301349257379979927126318069114615635049234004927268065809972445209662777161475367854124190569868890166205347691504640,2
rake,2004,12,1230,321,99,1.,2933,909,1.449110671957345350573620605113059514751194184837318573370470590406339378612188851391567600000000,1
mojolicious,2008,12,3089,2053,225,6.,8851,1036,1.132565578970931573091,0
coreboot,2003,12,71727,13876,311,3.5,82759,57851,3.322587120864865166708947343165749821292815896251842071727914408891720962366401147648,0
gqview,2008,12,0,0,0,0.,67757,0,1.000000000000,8
libogg,2000,12,1971,849,102,2,8001,1122,1.16310510249415426512300,0
openshot-video-editor,2011,12,5546,1416,215,1.,38390,3822,1.11056788266120677595678414784190874858423090106151870734817560600754666938290618895611056232878613319750923050000000,3
netsurf,2013,12,25819,19250,407,6,194413,6430,1.03420522068032290713177322095669612,11
gst,2004,12,12,12,1,1,268963,0,1.0,0
nlog,2012,12,34148,5055,133,0.,189126,28226,1.175425730306682106389144331459024890000000000,8
typo3,2013,12,23438,21901,312,23,495215,1537,1.0031133653925723379807802823849385324,10
opentk,2007,12,347399,311018,412,1,164564,36381,1.9389129758949553806996965385758077698068721743712221232839888541996120787968,0
KazooPlatform,2011,12,1546644,1097532,4383,3.5,155514,102655,2.94205338732577361707579694699764125298996827527234593291473275656084566554630188982535871161053942319151710987278745600,1
ipcop,2008,12,26917,78558,744,4.,225349,-51641,0.81356366656436439691475210934348956747977827808573747355254654297237376101908131766712880607688642490408933367986246543602480311138481127580991488,7
spree,2009,12,564538,882086,2596,8.,162992,-61806,0.571101426846715443181111817960900556890149425815868354358319822343730474620365711168226453181342217980651563053006416592942778000,1
msmtp,2013,12,81,51,1,0,12663,30,1.00237473284300,7
eclemma,2006,12,4305,2242,153,1.,8065,2063,1.34912844813401760204107900717399299215866880,0
swift,2010,12,55692,17503,577,8,28543,7890,1.3820268242031752782088817878039717274801959622273879600,0
monit,2004,12,17452,14944,411,2.,21986,2508,1.12876065303292974878944357328782594098488181994141092709650460586996094471572376072737541234200409376588675149160901809387394708429437992960,2
acegisecurity,2013,12,0,0,0,0,16,0,1.000,9
haiku,2011,12,481439,325815,3805,21.,7249643,154090,1.021716418718236931552383751052368572514974174417092508807730917307537708506906613493563563423284260465163055237927397039327627126323324465532928000,9
qbittorrent,2008,12,131194,107481,434,1.,149733,23713,1.188168544672689925159809118823329728511576856182661432271215849884880184261477966629560883604175060316561022564538369440336454860044549448167040000,2
ganglia,2006,12,106255,58267,253,1.,700659,47988,1.07352555882182717688570732195087740007168462856979800539283808458964771016536922524979449769039834821745715498078368000,4
typo3,2005,12,85316,14238,653,5.,166402,71078,1.745646426901740965869419539815051161076247043693632765904294962596840244443232057232430090660578925819798944726771636769159584213175691800590960,2
nethack,1993,12,125262,67869,31,0.,133730,57393,1.75183724798784135968064527866422248445186576000000000,8
lazarus,2003,12,320261,43832,1070,2.5,489443,276429,2.2977034372610501335486566522704681936751666301349630338736061550930449517682506683984207948479924474450162624353962702882293396505600,3
dbix-class,2009,12,150474,149009,1793,12.,34238,-489,0.98487332567960562223899992287085905034640247735417625795608015861209939381293486743963254687834351702646944915963563397977542525877760,4
fillets,2012,12,185,99,42,1.,115407,86,1.000745744487100000000000,8
dapper-dot-net,2012,12,43415,2266,139,4.,82166,14493,1.214162221302490449367961815724567268931585038019659411879683276190839588877618927937054244627615573179584000000,1
ikiwiki,2010,12,22467,10159,859,4.,25716,3394,1.1520473076084762863329765440215139540006782083918152392314344894194244300514908005125758549030660519432916350887321083001734364553400032000,4
kismet,2010,12,4581,6226,91,1.,72845,-1645,0.976849571475186545518022887390636484799660755957611230346695463802827113288186833227495848338760468933042338813719534365906502388779200,8
openlayers,2009,12,39435,11112,650,6.,87191,28323,1.4988551501466759795947385444192920057171607526830190980026472722245181496391290179884132113593932326801245509572539461987725920313600000,3
kismet,2012,12,10089,6563,154,1.,79455,3526,1.046509173894922976293177774958895838436715147640342422465785348554878169547080835362428424388962949023499716518191815629540111360000,10
netbsd,2002,12,1205796,745378,15225,91.5,7531613,460418,1.0651117668195160388329139696807022342257439730399390910436725873596101782208961136956306300496794927423482268369081198926209944616624801710080,16
apache-james,2001,12,81992,0,27,0.,103354,81992,4.83821739462342105260000000000,2
wxmaxima,2007,12,1988,779,84,1.,20087,1209,1.064042801137546421839940033796671701736088134731294877917933341699044806401483847229234021285955133874440444674293814342072069978910473014994960000,2
moc,2011,12,4096,2631,125,1.,32355,1465,1.047426351572588288675542786460423416180597636962666711921936007498631766811331344558614629354977773105986499098677944192000,7
moose,2008,12,27432,15214,847,8.,17518,7004,1.66615940651244322328488097980104141926568571411692782531709379494330324638632563868543974798733806544391358408145462462574655000000,2
freecol,2013,12,1057,798,31,0,128484,259,1.00201988691800,9
fop,2012,12,92072,27073,407,4.,372537,64999,1.2113527434313259003092347589258879361690317527835490205749486087621275120002484692478945602325151487711090214266002137632892664732711022720000,13
upx,2000,12,4857,2671,260,2,2293,2186,21.4299065423923785192460774376758857507080599322805873273103701575188081600,0
defender,2005,12,3142,1341,53,0.,6596,1801,1.37559958286350592731046637230657519821665612652943794800000000,1
AndroMDA,2012,12,231986,103158,107,1.,651278,128828,1.246584362142210658424506980638368599031671769211858917431368582801416251506210950040495143186826501064290716101134965461583183872000000,9
debian,2010,12,61965974,49232564,51614,328.,56345863,6120703,1.1218652763221394317061224427039340371355290273824931162284287850486309422887637436899833549184104762415793154247879275781475773926000,14
freeswitch,2006,12,2552315,639916,2760,3.,2122712,1912399,10.093108843070732098712283064543921584587037508592898626639037291469418944682064632526012216872668116112994264127344309080429052160,1
mifos,2006,12,437245,203356,1900,11.5,240663,233889,1671.63571441101596279451886245335289884244696815493791585547829502334672240,0
awstats,2002,12,25217,18121,588,1.,12632,7096,2.281791907477242178236702108379739237803662536760823395141261449798898262842694014420088698237522092526807975458967015901418058547200,2
curl,2010,12,27873,26275,1080,10.5,144666,1560,1.011139515286691093051555953899777783687890745471038772216860462079139462459764844425803700555678919926606213367765638262313116931388561600,10
planeshift,2013,12,5359,2236,157,5,1086672,3123,1.00288219545206640021991064310401766632,12
phing,2009,12,37372,32222,398,1.,41629,4672,1.13429146306368078788058374010432341631669810262597114383637823861760000000,3
xunit,2013,12,6,6,2,0,26892,0,1.000,1
logicaldoc,2012,12,1260660,124809,845,2.,2809705,1135851,1.678584273246527952227989640141452873530333289718593918969899906635689563110882401408248965834521038623532319886436102148967330414592000000,4
squirrel-sql,2005,12,117970,100003,1266,4.,487075,17967,1.0383003487474561042700556959054334621344804032577381584084514496777262494597250565764314446856054834109801900847322279754874880000,4
cherokee,2013,12,1407,5375,56,1,139492,-3355,0.97651333244738880576754200,7
sonata,2010,12,2457,1330,49,0.,29355,0,1.000000000000,4
typo3,2008,12,210442,141493,2255,9.,301309,68949,1.3365861517787954493194067027422602490571360368894648995023084858843689703675344616245539221156178227202503863597806581078787889010408161280,5
ghostscript,2009,12,1175951,492061,1921,17.,3091598,407106,1.151651038642735208285157868976550084286036477909844677143107656243795024304379714869027749569693010238513035497137661222923091598356543355304652119040,11
dpkg,2004,12,13972,2468,56,0.5,45365,11504,1.339741885915519878698080522875010152432134905732094104553380000000000,8
libpng,2011,12,84370,130048,3508,2.,426267,-45678,0.889330916948051459077923600191592063119096854627662496010978698094352197947192355370726456176686583619428545945081597240526296586931934694521383936,16
fvwm,2008,12,796,366,56,1.,249612,430,1.001725646314717010574487262861274628199556162819290703712618667240328913920776301420412754176000000,10
bluefish,2007,12,22816,51664,431,2.,416939,-28848,0.930802720109784377749133991388742077324416300013607784549381924441698625147198140661478871909802664240715846968855978607564129340000,5
squirrel-sql,2004,12,152055,50295,1339,5.5,469108,101760,1.277012533055452549325125040811164417848824484662017597223633623219445695572649730548192468960428198708873303472366998342103040,3
mapfish,2008,12,49871,34502,371,4.5,109443,15369,1.1633713884830455294486812421792041716670665718742107412550490006008846586481705838389612859539840195394484808362302790141516554397544780800000,1
tekir,2011,12,382842,140657,969,4,414673,242185,2.4040686888461381545418619724135842855711060042581829192322006190848037645222102917857266670380201174254569498006808808079360,2
seamonkey,2005,12,218,90,16,0.5,5551,128,1.02360752489846520269746276433819406623481697073326310636896200000000,6
nant,2004,12,47170,25195,1433,4.5,59752,21975,1.581703152651493070851197997025329236001511376761813619293038271330664889681908896233252117417661001362358168795042350212932648960000,3
spirit,2007,12,116708,34797,680,2.,332541,81911,1.326862145692427197052477852380590682039981366858518494355726023688311864111443844244736158217312383630301130626772019194101573576131191448825000,6
cvs,2001,12,20538,14441,425,2.,114351,6097,1.0563212444822404224922127273685945325787598043272126174660885757256338397975513078222216852057097829286051541210944221959127953600000,6
libvirt,2007,12,93505,36215,871,3.,90787,57290,2.7103024151291867606289151356011012575095505369164376067011034838147014627653473222824605690490011361184518648188315839338636280000,2
ktorrent,2008,12,35170,13829,681,5.,71146,21341,1.4284911153405961854645005696213790272443394517924894424062857742673370468764386883981492338416078721134848846508660021869859281920000,1
windirstat,2008,12,5095,1691,31,0.,55720,3404,1.0650661365568482785356674842733696168015491432774400000000,5
mksh,2011,12,57202,13222,436,2.5,190260,43980,1.3006562756106470184937730266534598869275304983455959394277965857894577655766959862644296650320838523571223079649371372683405354812260204088000000,8
ocaml,2002,12,66035,33325,995,6.5,209549,32710,1.18680647169917885569349995649459180788436889606677538341489979059961564650965954672212812066075665566082636639050597908974033544705702323200,7
ace,2011,12,11633,33970,468,5.5,515093,-22337,0.95649599666461617749772903417726292360235804707783792671910973461289201056772214629635837189340900551747481643323448616543776552256106544399969386496000,15
dtango,2006,12,1228082,1091069,1009,8,314121,137013,3.814737966289346356119197352162685743352598868565004482305144512519581960800,0
pylint,2010,12,5110,3586,386,2.5,18790,1512,1.0875101284777293988121793413995485088603986192318962638730281490615197915300140635351941633664707068369810931867975680000,4
groovy,2003,12,41014,10990,705,2.5,30257,30024,129.85836911596268499834040961354708674560,0
habari,2013,12,12249,10708,352,6,49977,1268,1.026032150111929664380066522995095808,7
util-linux-ng,2008,12,13389,4472,362,5.5,60178,8917,1.1739529076664967761517074231959860239189394418329770439161825742628332050279954917046039186976604954601099339084159255837238904534432530944000,1
factor,2012,12,18056,9589,1106,3.5,731327,8467,1.011713194809799846216814137075389747452624317104459897504238016137334967873775817951091257838187493940641128606984444543608546375607384879349966770176000,5
emacs,1986,12,387,0,3,0.,427,387,10.67500000000000,1
bitbake,2007,12,5630,2442,380,1.,16300,3188,1.24313605852989682080013153415417948833405200029341129001523704265807351089118775990918984725345502528917992090899794343446281536804243579699200,4
fetchmail,1999,12,5693,2788,397,1.,18350,2905,1.1880867594559721876465221263601695891337633657019287386211147905704865070806891348004249426521897127495122510855791595518598631589068800000,3
pyflakes,2010,12,209,118,2,0,1109,91,1.089390962670000,5
matplotlib,2006,12,134575,79237,1302,12.,492098,55338,1.1269371576479246865518001022364011411341009113703786010268223384896842874330316503123411808071791907339437851057053092035064834429574169600000,3
swfobject,2007,12,11,6,8,1.,585,5,1.0086206896550,0
openal,2012,12,20776,14739,578,1.,29346,6037,1.2599689949245416607176231985695205112738602023113415344915763881106729727426520491614603295270592780693521726176130774924979709005760000000,5
coreutils,1999,12,24532,16207,1108,1.,99267,8325,1.09154186184005629658192631311804653472245586549222690693899771351088025375202212834406700081685661521487412123476615806268174909440000,7
musicbrainz-server,2009,12,322464,424920,1450,3.,331200,-125504,0.6211909015834765830831209930920727290542578209240945101069508016392697388138944296670207601361963494300277338762153105235255546675200,9
wsdl4j,2010,12,44,24,8,0.,14628,20,1.001369112814861617670204991300872194125000000000,9
hoogle,2007,12,3783,2561,160,1.,5284,1222,1.300837026072339435343389603531723933944616763212288222505212480000000000,2
jbosscache,2007,12,402770,402724,2034,5.,276599,46,1.0001745200730732653018650153830050388875713936193886164873863032923014547881240556313607632168815024763423499821908503133306814192579840,2
taoframework,2007,12,255487,124607,116,2.,249996,130880,2.09876087150897358464306525069007627347243304377596716302615413825791969010730012722367428475166911764974934761779200000,1
krita,2012,12,701006,169693,1518,11.5,393210,163638,1.71279598553486780168071575737582388712875708266401039050701044283737242650769806550511560003737962414080000,14
mozilla,2007,12,6266565,3048168,24784,89.,5828927,3294095,2.29953188179192660534763432564482753850522121762581105115685933539022971234597031781515700686181472602808117117067188425536408334260992000,9
vanillaforums,2010,12,47269,17255,172,0.,77125,30014,1.6370911251947572627394509515128000000000,4
SubtextProject,2006,12,929783,573017,1891,4.,433451,356766,5.65235704614361028062621793410303879806058497792732485960864107978275797787630117252995642999166746665427030986258852068111110400,1
virtaal,2012,12,317,299,17,0.,22373,18,1.0008051889957474621220534200000000000,4
joram,2008,12,77947,66065,601,3.,144261,11882,1.0911280179131386094614238506461702932936856875517244160435616941121551690224814033091479848772491966543831242595969099131158039940519234816000,8
aquamacs,2000,12,1118910,619810,19300,15.,1727696,249550,1.1688263541013096423269125817857259848497850724839770979479196993488945991550171559804910810335840916227439246229730899577158225829077279744,15
umbrello,2010,12,9957,9704,43,1.,198821,253,1.0012759669350419123475082285417194204129278409697221638856510133212287075146060114221836329813234090880599471742159500888706859725470835883998423040000,7
maven-license-plugin,2010,12,0,0,0,0.,5129,0,1.000000000000,2
fltk,2005,12,151981,78193,1395,4.,796700,73788,1.1020705148062248476676193661792638004631179865790829948781715563352959932850011560333015761665596839119283463632012857613221593981370035814400,7
mp3gain,2013,12,0,0,0,0,26938,0,1.000,11
clansphere,2010,12,43298,65092,2051,4.,116095,-21794,0.810052554950164115731299857886298679570343812761289417174687566765284701112427965944472906397666583909202860438281934195444426834928599040,1
DAV,2009,12,281278,109569,594,1.,419077,171709,1.69414394750898165156189398439511406128594639687656835868499459117242140517872204274421720201641639048162795210478100027554376800000,3
cscope,2001,12,3394,1283,73,1.,16354,2111,1.1482131573899832219238235922110098684739676536460454767047884810493725795668803623397508388182540956364581414784719232000,1
python-ldap,2004,12,505,550,80,1.,6128,-45,0.9927101895376032316150731334811238718399093652738895312999846196930214479345458219689539740628820722584297360000,4
songbird,2012,12,27673,15821,267,3.5,432001,11852,1.028225835263250807117140657476611314382358525619103105213593022897351508900258768213725103281013738310806863140135064432191673600000,6
thousand-parsec,2012,12,0,0,0,0.,58729,0,1.000000000000,9
gEDA,2013,12,1,3,2,0,149702,-2,0.9999866401250500,14
forrest,2007,12,76780,57801,833,5.,232188,18979,1.0938806199056457846431219092545536864396778801349779273528706740787395049043796832661891881023755135465000410721124712742180737562393496000,3
bitten,2011,12,274,61,24,0.5,15459,213,1.013970877607209163967225689661179786063354974656000000000,6
bochs,2003,12,120121,87924,721,5.,257704,32197,1.14277605573032703724486244331361322491832437626948815156051312711145920360154119413458131313261206155816966573912327166030110180588290048000,2
gv,2009,12,538,231,43,1.,29270,307,1.01060705524685940974623421015862077046433586478461957673542883003414062061028666836407040000000,5
plone,2011,12,318798,162509,4717,33.5,420332,50512,1.13658536585661232039611670473545950051475014422682260593532692596448429543489027266618723045329350524953612211047725915179484963226927661056,9
bpython,2011,12,428,101,53,2.,4985,263,1.05569673867043859843780505865602288778139122463582819750328178436308760498572896520226666071215398982345913057448827200000,2
supybot,2012,12,852,6224,56,1.5,36062,-5399,0.85004860431826521224086915443721830195204155424677870988220480000000,9
visualnunit,2011,12,3749,3471,16,0.,6546,278,1.0443522654800000000000,2
ravendb,2011,12,2224782,1349774,6415,11.,377772,147246,1.63873923112229705359798636313852493458883473478475476445963374587689657679949135771607853145860948917765184820597916361993024000,2
netcat,2011,12,0,0,0,0.,14433,0,1.000000000000,9
cups,2002,12,39592,548,23,0.,155566,39044,1.335078354351651781210906750722871200000000000,2
CodeIgniter,2013,12,0,0,0,0,45895,0,1.000,7
kismac,2013,12,0,0,0,0,93342,0,1.000,7
moc,2009,12,3119,5425,114,1.,30590,-2306,0.92990029184228627177184496586558969779704838124026555108633460688076465379648888518100447728947253805500546296961113600000,5
piwigo,2012,12,531603,279448,12577,13.,1410217,252155,1.2177387739313521904840090908585057751097573643920701399904663393712209091255481293846990147716511352314631365666206913888631166724320000,9
OcamlBatteries,2008,12,433588,396432,1038,1.5,104314,34494,3.141154563080118102602144345535173929525185123517218724691581667882188800,0
jain-sip,2008,12,11712,4429,169,2.,88791,7283,1.08935757752506373583458045523429792107558773483457972161229438097912977832039662343469453550106162895965615307373562202597601440662945750220800,5
MozillaCalendar,2005,12,139031,103482,966,7.,90453,35549,1.692301700123592170960031941932328162290292963208374094214209197121121979348825402931017179079728502801334968051350991334101656128286126848,7
firebird,2012,12,64478,45943,1193,9.5,3721684,18535,1.00500519962857881968618712442494358540684221448242515149858203209920621881806000109589213642364795462147730751910120929990071718936958806868204058172639902720000,12
mc,2013,12,16153,8346,194,3,234169,3989,1.01732991571855151047713568407426508416,16
mesa,2004,12,245189,127662,1655,10.,601114,117527,1.2430317605788699009606537819685497565280379861462699996310504270808220729848756158123920868894807912501264137002046202709810542542848000,5
gtg,2008,12,15716,13234,294,2.,2131,1336,2.6805031442432051769,0
gnome-terminator,2008,12,12619,7804,555,4.,3400,2914,6.995884774046549203850716938524011642244548712438910654297098811907717943470748533764432570222913902436630371321511617768000000,2
castleproject,2010,12,3038422,2144442,3804,9.,908397,506712,2.26146607402169821320476713283424056470094398103119331169473178910550598771926662153331360177953483535709034370089624177457085119040,6
xmms2,2008,12,52030,20861,609,7.,107887,31169,1.406280142820199400890816639247832705819094555668599810287739577145084722632972327920089709660462126872059099062253204601314621324116287815680,5
eyeos,2008,12,814446,552031,3647,5.,381658,262415,3.20067425308789097154141349054557363607132502576118725138315839502854539638374499016765343127932657717534997571838323934971494400,1
openkore,2011,12,32165,33589,240,3.,267373,-1424,0.99469954141962724358404637540555831283449708513774067652863657273881755001459202433396572959357938383228002344375308705060891676003791598940703962803200,8
illumos,2005,12,301999,136783,1410,108.5,6017132,165216,1.0282328044370500838594453825565969569730653702444539406811101448704915520,0
php-doc-translations,2013,12,61799,6705,386,12,4313838,55094,1.012936678044778941854004906551370120,13
waf,2011,12,61824,6957,872,3.5,94849,54852,2.371402855209350033461312191308014917297709875277235096920136180295751936269709292461865522625383196089268646709523675997662552391680000,1
puredata,2005,12,252321,154642,1122,10.5,581229,97679,1.210444333356260257661934233341871541357355811154192042860965072433966705831764848441555863292904538117720590862854504359950196607371456000,4
MicroB,2010,12,0,0,0,0,74744,0,1.0,3
mule,2005,12,689484,353088,5228,3.,572344,336396,2.42572092165776282687291594983166448085971189798713670129625933560593557587751790366374644011810551704883200,0
dragonflybsd,2004,12,4928001,618536,3422,8.,6790064,2073778,1.439705734512466787092399079235216955479113932604525222656284785524174569321820873293385716357166622815795135281473139774486288153600,1
mailman,1999,12,17001,10259,1193,3.,33931,6742,1.24796792820780741461629425263892513261847143602739443211010189742674736378613999105564721505758371966827416517218533117267701982803661120,2
gparted,2008,12,2904,1351,147,1.5,262423,1553,1.00595315674505087184160550927070344112965773347228804207832582031584550856626634892157764048055376543495691287029760000,7
pulse,2008,12,0,0,0,0,63,0,1.000,0
auctex,2009,12,2084,454,56,1.,33029,1630,1.05191248129218679431541451928698566357928075652630370963611052450819865048670517181875185400800000000,18
archlinux,2006,12,10007,5736,252,3.,10007,4271,1.7445955370098268398923349744376606211392631863146936464353570952892255784026275118830548168939651343586322576585046127570241456519654400,4
compass,2011,12,21433,15119,605,6.,24409,5663,1.302091112722819912918710152300206195421994419142883597219628294980145619860120858977063301446248019138433310371354336657271180026504000,3
oro,2001,12,2067,614,69,1.,7802,1453,1.2288549377764304400282272434768299548194422178367517280578045008869606209872391984940493898496806098595840000,1
viewgit,2012,12,157,44,40,0.,2708,113,1.043545279383204945051420000000000,4
hugin,2011,12,119166,152092,876,7.,213117,7176,1.035348012418040111872653630013011576322207543190223474048175440450748482664833810874513723282460437947951039754690560,8
mozilla-addons,2004,12,11117,5992,215,1.5,8720,5125,2.448558508016038963410744904004101007719296,0
jslint,2013,12,262,2105,20,1,6995,-1843,0.732510885318134462740717049538735,3
blender,2010,12,285490,327940,6421,31.,770736,-42450,0.94405817423025741083027956564511952176752565447548819305945192472671914011551847155492261796657240034447509866773668715047736941793689344,8
lfs,2001,12,19342,18259,1107,3.5,11037,1083,1.10880048228818087281765865756586747088596294648381197714587125116698617874325550756885473112100966784711808000,0
upx,2012,12,0,0,0,0.,129039,0,1.000000000000,12
zathura-pdf-viewer,2012,12,20850,9645,575,3.,8117,5378,2.9634903249682517588435012786439415257627000000000,3
bacula,2005,12,93245,39434,862,3.,181133,53811,1.4226370933832710968108864590630765202816741296548024932868770074065495513245899924058950498436918793524916344107666702959279622250823680,3
postgis,2006,12,21830,11595,277,2.5,121112,10235,1.092309496106337998929024912929069287486365701216872937773933129571755996457687176396708790668191434767846910541973124333771281414215972794547200000,5
konversation,2008,12,4985,3778,225,2.,41537,1207,1.02992809322915443144604574869861131412523248762720879819944776746138264407168290019210046541201686045018461440786864393166080000,6
libtool,2012,12,15006,5243,137,1.,28128,10158,1.565275459141960090710123714067037775620832210100349174474959458228556800000000,15
thegrinder,2012,12,18065,15427,308,1.,94522,2516,1.027346042649973320509779144510383468149593432548693160829415934412479951283984452902106847192938279937216991091115576956081841253463485962952192000,11
qgit,2011,12,0,0,0,0,26128,0,1.000000000,6
busybox,2002,12,51985,25272,664,4.,95216,26713,1.389953724613044069695151436685214477546861373379038995405610271880573634285211460744903408401271716558691828397000212869284466368512000,3
openezx,2010,12,1304504,678577,29688,606.5,9068008,625927,1.074143685664798739023288762536898815818551061312384178371968768615257501960119723139546929281230782550034439861133445680000,8
kde-playground,2007,12,3387152,3082657,11298,66.,1616054,304495,1.23216263998692484548069412384729690119016743099842564706205428149761661175670087421752035444500436484843914895484108228147596492800,2
automapperhome,2011,12,10951,115297,93,2.,92048,-104346,0.2290710818728475506391732992190898325846066407815106045250749101324642783417768213991266777041012309459030362584330417103360000,2
nevow,2009,12,309,251,21,0.5,34801,58,1.00167533217740860448856102802603168587833110471535168548013696069755673628864000000,4
htop,2006,12,3520,3075,70,1,6509,445,1.073383905023319186611481634827311161073709965593795318681114136332089004585680000,0
cppunit,2008,12,29158,177,23,0.,104463,28981,1.3839458413561142254737759670992536710734469761962404632409920000000000,8
werkzeug,2013,12,19,0,2,1,18532,19,1.001026305839,6
logicaldoc,2009,12,815522,381051,1778,3.5,588706,434471,5.79633268495507483419286201790139848843639123648613558007297216295008394437407366793269126709345128712213849506707496287942400,1
opencms,2012,12,578159,327538,2335,6.,1389873,183917,1.15385767264018431933068597390123933556629986504246360130833119296869958628676733679205060825665165446483349811245572848410146353482135552000,12
wxpython,2009,12,747263,42540,237,2.,2217228,704723,1.4659310217323695259033129644419466905148023740373603785935691352010078933039053504030013915426713625722914118588457851916800000,2
dcmtk,1997,12,28493,15969,336,2.,62172,12524,1.255832005570869461577518784931924056943559702688199511215906039437574642375072504575588064850165087121029270785501249208016000000,2
jpos,2012,12,24196,18340,152,2.5,88273,3962,1.0474530798931835439487934452322872337503535028121131625097461370545906143436395293684249173693294379914204352423665391455492997510355119499116544000,14
moodle_contrib,2008,12,667965,187047,2289,20.5,1142045,480918,1.727421509051003602892812649955764454985761715419019458194975324951537913537407876288618999853437930221617580453746024291313260503040,6
heimdal,1997,12,71348,29967,2683,3.,94541,41381,1.7784236267755126150731402918158022600747639045229937079530050316676402242710030537458485409039451951164918618181526382752066423132160,5
stxxl,2013,12,0,0,0,0,52749,0,1.000,8
cruisecontrol,2008,12,91568,11494,279,3.,213767,79641,1.59377749279535229987575615183489440090260879622688761431462763301402216885226314834483343638160593335379522191508168362110407082664326552543559680,5
evas,2004,12,5881,3221,186,2.,40478,2660,1.0703480376560081536811820466848982642362797110848350750771806291436319318191590148617512150191406042025441861631117414461878426996265225946914652160,2
hsqldb,2005,12,37328,26032,318,2.,120520,11296,1.10355322504191982681467017003718850422704914129556174995971385159953580793888406780138513630037694708213669566742096288300585239971887562240000,3
anaconda,2009,12,57030,43491,2140,12.,66480,10700,1.1918250268827990550251628591405258154236473526744799469512906118080791251819468870293839120494311202892073214808851505740145777774661520000,10
etckeeper,2008,12,1157,698,110,2.,631,446,3.423913043413229540880509504157130910026079125793115949950031579874883664040745017022281104250365440000,1
ubercart,2007,12,72698,34732,114,1,69852,37966,2.4458831598406276521715417569084452309948649861705424129106365713369600000,0
mapserver,2004,12,51501,33085,1157,7.,88133,18416,1.26415364976492889065832907869762941608770623422920863021729385783464765140435017594556944201894287760768640676527576768847114903552000,4
GeSHi,2008,12,62512,47825,1308,2.,56378,14687,1.3522822671973966320188348289669309780780731334542475532314018377336164742246213407326850256005812310139873410626259124050173271437312000,3
rpm,2011,12,5333,6521,576,3.,61723,-1188,0.9807399241292717546820087153274756641750911740913298346666684777105763380261393625884607767466547819835337688889438427865242635327580160,16
game_0ad,2003,12,26377,7072,156,2,24659,19305,4.6057153530824379763215282180648,0
log4j,2008,12,4064,1212,182,2.,69906,2852,1.042532883947553909036876605786668845718673601955991355481060439268624028136806637568000000,7
dolphin,2011,12,21683,16814,489,5.5,25766,4740,1.225435175507803830112731069001243367382515456813722604367989097419334594808918500224907548216796065667848682743483919214297604372126165760,10
swift,2013,12,10319,2653,175,16,49097,4971,1.112654670719897438960197572460840,3
KumbiaPHP_framework,2004,12,0,0,0,0.,126,0,1.000000000000,2
xinetd,2003,12,4512,4598,122,1.5,30089,-86,0.997125860565337410132739203852350303475508365169805460058539751082671760595739496419308840316122608181281806387091152324800,0
brlcad,2013,12,21868,18018,660,8,1094956,3850,1.0035285297667678652139801918795842505,29
grass_gis,2013,12,23212,12392,636,11,1286353,10820,1.0084827283966367201663411218527367584,13
olv,2011,12,24714,13384,422,2.,19569,11330,2.3751668891040611681969595758430750680026071200809297858446375067119318466482109785494146708270153622333477433655149739186961879040,1
dtach,2006,12,43,15,3,0.,5639,28,1.0049901978266134082233180000000000,5
fwbuilder,2005,12,22528,14070,310,1.,215836,8458,1.0407854256494212465964694272301670591202661121276658894305485613164433258721221330805532229645591364420556654534756240151890298837497815808000,5
luxrender,2008,12,299712,212614,1291,6.5,188478,86809,1.8538394202103892837264134136510344241609417799422792946089120896843961072723136418950339831057911953685397431086009416893348708352,1
mp3gain,2002,12,0,0,0,0,5747,0,1.000000000,0
qbittorrent,2012,12,141479,114320,434,3.,279640,25529,1.1004639704751269675655851049190468126195811384225796673425776980542111575772763049881210214379695283061801366548891507278366969041103676408791040,6
nagios,2004,12,7627,3679,141,1.,98445,3948,1.0417791040937374436718168861253131313961067451784068630359500321593355269182730020605480204352256470142602639893790219102512979063744000,3
itk,2008,12,100754,30397,2626,14.5,1033132,70329,1.073046095621354843402100504255679150533943886596830901118892019737333626952906963320737298292418116057235407790416060889702068464367842304000000,8
gnugo,2006,12,1571,1727,74,1.,78146,-156,0.9980032511176646804576391386009155034324908601459653550588073496043068564224000000,5
MbUnit,2009,12,463840,217010,1117,4.,1523754,246830,1.19330046265843432476048191111051985823553452782572921246035394540849021536051578128288431757021314662135945028499163484983191032858641100800,4
firestarter,2000,12,511,179,9,2,22950,332,1.01467857459,0
putty,2000,12,19207,9076,295,1.,19318,10131,2.1027538913410063883601677394005392014189060245633124517211127772311264952619446437654669183205523235414453858271012381925586724606503813120,1
spring,2005,12,42793,24439,743,5.,53628,18354,1.5203265861120149590545244755147006407681291244640229992557878557503238416556173330761547808412335076114509329077939602471050347212800,1
snort,2001,12,107060,103999,617,4.,113922,3061,1.0613943600134289744516028631861091259742458624820113228801890287205351339417267727045134033884892524805350126088866477802167992320,1
ode,2013,12,203,103,9,1,137454,100,1.0007280457794742122322847984905067830656,7
nsis,2009,12,484362,3813,193,2.,5263433,480549,1.10047264369918296427455274999236608234013629735774002375763531993944523062198034481402307422150942801217425162240000,7
tika,2009,12,39250,29891,335,1.,19821,9359,1.898435250043610762799492336589482068910379505739064954995310648651886805760253462481845347692812085632395781883389907432588639360000,2
Skim,2010,12,238210,641896,2064,1.,677000,-403686,0.40377508971098445161545597448761158066313982195984170406976058274584443215536462027805104727775317537945623349734716423841636125607773212010000,3
rhodecode,2012,12,235034,82526,3550,3.,144421,79130,2.2119587692689186021745285619268828189044777959252312062054276023755181737103455849806496508255612140230537447198241199780659200000,2
mojolicious,2009,12,16506,10783,716,4.,14574,5723,1.6465936053328524453438979609078034032231609438976072803070563677577483892149604050134727749388207051345352414531152831463759539200000,1
gparted,2002,12,57,13,5,0.,218,44,1.252873563200000000000,1
lunar-linux,2013,12,522,527,40,3,19373,11,1.00056812312748447987947760,11
CloudStack,2011,12,2444098,1412181,8004,20.,1151875,362216,2.343870115495418393568845543833007447681886514021688713738127158786750707358025996710399724510402404318286564874861560369999185920,1
xfce-terminal,2013,12,14,14,6,0,12715,0,1.000,9
eclipsetrader,2006,12,196177,51011,536,1.,180407,145166,5.11923611726922387106289040049538414916527063286069188887684109218880896372476104056755666428963925859755384000,2
gajim,2003,12,7995,5837,52,2.,7010,2158,1.6764890282323237292,0
servicemix,2012,12,97653,20587,1969,5.,578192,77066,1.15378567465112161107158163183679251019260078148617622192000059884984575163801460441233376758442391618472622431196271356941948831882834608128,4
django-extensions,2007,12,45,2,3,3,161,43,1.3644067797,0
tcllib,2000,12,29771,10348,318,5.,40207,19423,1.9345169360865025219790838828369089426349584195478864627788607511953715784704210553968228015412447322469840081739665450057614216192000,2
magit,2009,12,3954,1804,360,2.,5556,1532,1.38071570569433472898527430104232278278473373416629466148201908840186743723768652479342353708602980677417457279959040000,1
dotclear2,2012,12,1589,143,68,2,76795,742,1.0097563541218557259115734657221620595533563591477160,1
HAProxy,2012,12,31234,22618,790,4.,82165,8616,1.117146392205040452726091861016257903427058229575655676521593362821984826687781569259678332698960029022992632536281779190799845240198364459200,6
PyPi,2002,12,57,29,3,1,1232,28,1.02325581395,0
ankhsvn,2013,12,63,20,8,1,124857,43,1.0003445126348317637352311610,10
ejabberd,2007,12,23255,16051,425,3.,61721,7204,1.132142267547487046177903655399886784271468153644609770786638836955434116492245175140732790974499800521849645628160312194243804960254054400000,5
Centreon,2008,12,411681,254758,4478,5.,327496,156923,1.9841394275860636893485097224350446041348714794039810697077427975358087679887315386067606758988855647939967750027639571039493838650880,1
dune-project,2008,12,48407,39465,1339,6.,213396,8942,1.043735999295737472403427704398358931151918886586530152567525467580846872050665091039365450913073492985980756211790471218993393199777888706400,5
taskjuggler,2005,12,39338,54072,415,2.,97334,-14734,0.84922226766688100959261470103283017842255300138200278454512886130175219701196166719927596477789202159750417478077267058652871882775189040000,4
f-spot,2003,12,636,58,3,2,15156,578,1.03964878584,0
nethack,1992,12,0,0,0,0.,76337,0,1.000000000000,7
xmoto,2009,12,166046,9379,271,2.,557178,156667,1.3911677831099452335116616419976553165193479249422880433833029877100540259640060077522471692460020413941618241836404273699205340624409678775875328,2
ireport,2004,12,63970,32617,507,3.5,77960,31353,1.672710107922296964051389812233009291719043207280800795905833199106944094865624120852897674726517724901839260171737683520000,1
slime,2011,12,5438,3412,257,3.,42929,2026,1.04953181917734889224560666854895772464234028981578118888050715110504147733446803918108403615719611929940601814740033849216067466894185600809635840,8
vpnc,2010,12,5,0,3,0.,8769,5,1.000570515746200000000000,6
gconf,2008,12,1703,704,61,2.,37892,999,1.0270783075348469237942274250463643812392351717198374922007387768045255092559587557396168390701526543700362318210843824556000000,9
zotero,2010,12,139286,64461,1458,3.,251287,74819,1.4239805517311725198117735185775595909332465100823413467793349065762509998312899021352870829319522698989384679125405191104165908209679360,4
tidy,2010,12,0,0,0,0.,42503,0,1.000000000000,9
CanooWebTest,2008,12,9960,3080,297,1.,183530,6880,1.038947070482465170692388360171034565262456922555870412328300574019892059661990010511603592191783229817037826776355188669881240688232068977647712501760,7
pdepend,2012,12,9904,7170,247,2,57817,2590,1.046898200116891230593134511326679964,4
dvdrtools,2004,12,18,17,3,0.,95823,1,1.0000104360167800000000000,2
tmux,2013,12,4730,3686,207,2,32892,961,1.0300961448141289634753755825718080,6
php,2012,12,665183,368847,5428,34.5,3764533,150118,1.041533138835091685981892853901798070191332559083905938190890017724132228404434357881692238587677930132939308198899017543081420765973966850909721244800,15
gdc,2007,12,310127,171985,190,1.,273341,138142,2.0217679124292905839095346841573340178773911602380702084562791377721957399076730012812032705683987941400865278903727033339722880000,1
mantis,2002,12,89694,76061,1984,4.5,35744,13633,1.6165709375806510636962668399315204779990379776586002653232185965987571713726674495226367972559744767633671906423849850675284733077760,1
forrest,2013,12,296,73,23,1,234506,223,1.000951840295700,9
byteflow,2010,12,337,301,14,1,24792,36,1.0014541929229708298327806276820063485905343616090047091177941166400000000,3
weechat,2005,12,67506,32026,473,3.,63696,35480,2.2574425858221624424761768947749227840468795853607963645178402599183479867218688606265042735872660846350383401115626282923880058880,2
groovy,2013,12,8803,1571,310,9,255941,5740,1.02294155499416093883697254733327400,10
ankhsvn,2003,12,69874,14389,741,3,59938,55485,13.46013923241505292125534518266989020467551583364313561790593207027737585535303694705992189819440743806549611659384136000,0
hurd,1999,12,235019,105719,1226,2.5,468686,122277,1.35306193746971984776531449971242088944138922122222785286207746821625324276526688335937790381841947993410869395962322209245094704188699860757120000000,8
easymock,2010,12,26709,7209,89,1.,120639,19500,1.1928039628422300089576507501952643357166847859439230995733719314405595260375411566861824000000,1
maven3,2006,12,111345,137273,2368,12.,136048,-25928,0.7798943954950034502091302604075828618247977081651160254258630737693681259146437568442657467967115757014440574817600363894107915271413760,3
compiz-fusion,2008,12,22638,9128,810,9.,234239,13510,1.06120627557106086884055024743104800,2
freetype,2012,12,7011,4122,259,3.,294541,2964,1.0101678170072187025690134798797621936657901289338411964135891872300633161750557610814324597289631715510006183649400968479928075839371144193091914587272740,15
synergy-plus,2013,12,1,10,1,0,113476,-9,0.9999206943648900,4
strigi,2010,12,57576,125351,159,3.5,68835,-67775,0.00081085063832038537995752724152750514319345529886784262360361405490633910300977153516413889068798183816569483723293816026353719478709257927073792,4
amule,2013,12,1,3,2,1,198482,-2,0.999989923468745022084336652290,5
vegas,2010,12,1855919,1404960,1467,2.,2051677,450959,1.28172295182564321636630870884964156004556732101105045844211922796937263686009935652890822715895088223246057792990169974887040012678407168000,4
ogre,2006,12,165844,83808,909,5.,341183,82036,1.31656164266071265209787818636323475088363771619631220638562352190210826215879752959520818554933233229310226361864920220595763730342500000,4
ubuntu,2000,12,39413,20310,420,2.,50473,19103,1.6089576027797993654951149609146508332776277248635044269588632099815248173870757713797963042081331849406038900240489199707215792739200000,4
fontforge,2005,12,149837,115778,1008,2.,477840,34059,1.07963887873845774651327982986993664890846668968596944021627087517073610939476103203401087250066504591807702948873275730722989277171960000,4
editra,2011,12,18300,7347,375,1.,89969,10953,1.1386174951972711230027138409142840532110872838224315096041601727034110226641383656358829201802474529551437505472922539343473091148933286930956288,4
wine,2004,12,335422,222867,4137,50.5,1044663,112555,1.120845094308719139947460076553131712349922449218624554162280497938600125969722682234115429238594327888987829733691336381562337361920000,11
redis,2013,12,2869,865,279,8,98933,1997,1.02060122142605705651394758592838080,4
gkrellm,2008,12,3880,3534,70,1.,60514,346,1.00584005671547899991932212304951034697950629301183357724000000000,0
cygwin,2007,12,17610,13128,503,4.,1536981,4482,1.0029246348610554375535642212596037218779065727644818774343111768585333485225519140452191231697061028128244890978618290007667083003884715025906554158960048000000,7
clojure,2010,12,19529,7799,474,7.,52985,10799,1.25598539798031912115600871294701465502970446513261115797610595344599816755119153894711333169503706128654210788945615520153600000,4
adodb,2007,12,0,0,0,0.,7930,0,1.000000000000,5
commons-digester,2006,12,2342,444,192,1.,34654,1898,1.0579435828552999351340314280459047981497092039488932439186546362414377043111153122607319040210304000000,5
vi,2008,12,0,0,0,0.,18135,0,1.000000000000,3
gksu,2005,12,0,0,0,0.,35924,0,1.000000000000,1
aquamacs,1999,12,823752,359044,9990,12.,1478146,232354,1.186511070873184881535754365100575243052662662313154163621208499580187687613729185317193244970032841033662388901281734712435542218952722399641600,14
enigmail,2006,12,1446,1205,96,1.,30553,241,1.007998937900298380696006423017218793283102395027448392657350969008222061735725071306803505567869726602679467785450162701679560000,5
ZenTest,2011,12,0,0,0,0.,4007,0,1.000000000000,3
arduino,2006,12,37751,44405,126,1.,58019,-6654,0.8775938189669260172441349495495279023864078044337370188054060180247080419451478096614478392817158135789122393179859200,1
libxslt,2003,12,24317,49725,519,2.,259500,-25408,0.9014047341891058393688678867755482126513713835192989284308450269966076916260592941739773607113912796358318212064957524087812065445548310731520000,6
sdcc,2005,12,70688,40008,423,6.,1045583,30680,1.0302294899109155407522902270380726022197165107099179000857860186777699274959888078825099137101614585445145660245055762256877550276970855200000000,5
YoctoProject,2012,12,138054,85450,2475,25.,198427,52604,1.3607387037925972504103482902033256951796694694537753504137252051043717057105049089389721644513344273342366750563113947134270994350080,7
phpgedview,2006,12,197946,153737,1389,8,292005,44209,1.2290206438826313469632890036154878825434854501259710023113696129242966969600,0
virtuawin,2002,12,9,8,2,0.,256,1,1.00392156862700000000000,2
parrot,2001,12,39057,16015,711,7.5,24351,23042,18.602750192090934667000639567905796332564,0
vpnc,2004,12,1159,670,28,1,5267,489,1.102344077016746526380402396948787236526173911031145206271744000,0
zope-cmf,2011,12,6061,4746,233,2.5,58211,1315,1.023112345331887472182104771213859905392027230142479272701440301330709469576047655592794749883560745066639352750117145248345529684898697011200,10
pygtk,2013,12,0,0,0,0,274664,0,1.000,14
bzr-svn,2006,12,14609,9320,406,1.,5355,5012,15.612244898202446170915428604720937767038824547879611172711387095322895560987936813600000,1
squashfs,2010,12,4527,2471,397,1.,17510,2056,1.1330399896396598680419470463210369747775626839663432633467502864970924072802309399404893157614698703606640000,5
gtksharp,2005,12,313309,190462,691,5.,485350,122847,1.35722967942507796176272239300370525674489044372647755044088257888591423956764208829779479154200019494479383263030051739615899923559148421120,4
haxe,2009,12,8239,2181,332,3.,52050,6058,1.131718559754517825368867774980789422644211510462272976633892557407915538374008834498065371683705619987110123370244162076217763288231029363000000,4
boost,2011,12,6575920,4995778,8300,38.5,18140744,1580142,1.09541573428292837666228575987749931012451843939670699679469741275224951404833036008282926681203627880911132412237964192496749561398167474853760,9
gnome,1998,12,465814,222609,5119,38.,345969,243205,3.3666361762232311133185664246737995570534098722392675311049612784163625795945925860560412326018627529050015754633358321063446240,1
jtds,2004,12,28,199,6,0.,40828,-171,0.99582916656500000,0
yum,2002,12,4580,2632,268,1.,15388,1948,1.14494047619635314547696211942164424499791031410163596807600,0
redis,2011,12,110272,35823,864,3.,84521,54224,2.7897481600364180427835013932873273315169413522628409277447133751045767320710693756282849339790976921844154251660933507083302784567746560,2
poky,2008,12,1420451,493038,396,3.,985809,925159,16.28152822053317703081934398362614912500516725306233576595692605250430513130908703811819015622594386618395546360774624766908198066958157808000,3
wwc,2009,12,24064,1328,13,0.,553873,22736,1.042806281619416991390340775178135840432999411548417100000000,5
gv,2011,12,2578,5732,48,1.,38658,-3154,0.918412747689775226902427305681888928220880495046341015588086083942028727676629029447617400000,7
L2JBrasil,2010,12,1318724,1364288,1839,5,623005,-45564,0.931848470433591929223187505410877434160807241061336951026753319769216320574113562400239908471572273989095352085296328260467200,0
puppet,2011,12,442054,235793,4569,21.5,281057,56895,1.25381197526375247507556380626911618639777954579300764750511665107613357629089035577732503331743302068256995963695766690585202799697139040,6
mpd,2013,12,47718,47525,734,5,64647,157,1.0024419074878657944235720,9
movabletype,2009,12,222938,139335,580,2.,314207,83603,1.362539244787478698227218548424825464874352838770710839059831014979020323767703788063229956000000000,1
wrms,2004,12,7406,842,158,1.5,13354,6422,1.9264281591577662983326450770917784492773557587420552072741532727310091321513814827408125261691645911502415198361513100809600,4
dune-project,2013,12,29493,22990,312,11,359316,6316,1.01789235127144818489000981085475148,10
OrangeHRM,2013,12,22,8,9,0,508410,14,1.0000275375888100,7
OpenX,2011,12,18,19,7,0.,1615068,-1,0.999999380831023800000000000,4
dbix-class,2007,12,35161,4825,359,7.,26561,13796,2.0807677243146363438862905673395868739487014657960736000480672885305632790042542545026717176917936493578092098286026752000,2
kcachegrind,2003,12,28686,11280,148,1.,75061,17406,1.3122488518822517083618174463680199318432218012804106518640299989975903989570059984469760000000,1
impresscms,2012,12,269067,260542,1212,4.,898186,2978,1.00332660119243434712507781610930830137381307338238367028898338597004047582631538513740788440985057731740407528845812608267018215124357816226031810177728000,4
IrrlichtEngine,2012,12,368009,23694,341,3.,1031495,344315,1.50213357362727583753507578123088201317846962287358290070084162942065031922283995263613509003297038002476844494218698142368881253208697842072953468681216,6
kile,2010,12,2530,1696,91,1.,59221,834,1.014284001575548302668876088547928790096991259741593473663542350736492347963930745612704264181994150000000,7
rhino,2006,12,3856,3075,86,1.,57672,781,1.0137280061871079576460329179713102478579042915416486023443151426711274033285555177476827344219937132769755533586614133722726400,7
pld-linux,2000,12,145164,59113,1021,16.,179531,86051,1.9205284553121377408590832878229096144382624942100174636427451562082349792330963519768038920480835579651767576869442326519693312000,1
lvm,2006,12,10109,5905,278,2.,64348,4204,1.069922160875705578358112860694958506269000721404608458965612512266241473822362832192302996398244103295960756880033480630135177191401186780900000,5
gftp,2011,12,0,0,0,0.,26525,0,1.000000000000,9
flex,1993,12,2328,1577,174,1.,4657,751,1.192268305174949618198858326310961530663902109486520172924415053998663172290475768352018120608997609468160000,6
smplayer,2007,12,405600,372880,303,5,136040,32720,1.31668602402802678965946443576125,0
jquery-lightbox,2007,12,0,0,0,0,387,0,1.0,0
gnulib,2005,12,44160,23704,827,6.,83080,20456,1.326647930507314152335090221822434391137649171351343255312601509418496227055282226483468395162761346908357313313980043678297901646398729600,13
xmlunit,2007,12,9256,3897,104,1.,15433,5359,1.53196347032969584297731059477780735401824519488651428625365303942093248653005381608023204470008114277206207744000000,6
xfce,2010,12,155639,122857,2190,6.,301662,-1294,0.995651940163605205911239421388674996757050003820004503308723876836447891545249626828920399253901634332068958771889608170138177566370436669440,8
nemiver,2006,12,50562,47220,411,2.,26151,3342,1.14652111006364585974722837093526882300935610468611994335600000,0
egroupware,2011,12,102523,39944,5220,6.,730903,62579,1.0936357215979662206119765468246127512578012071778357260765526981217834234065893545704614826563541376799297125498742565318686796959470092288000,11
socat,2009,12,645,224,43,0.,38810,276,1.007162505839923197936599359300319685000000000,1
datanucleus,2012,12,221670,170238,2306,1.,651794,51432,1.085668313453127707349932585842666949107163467574875239186193403675621295343176825509437396977189494974933325524378669349183864592508147630080,4
flamerobin,2004,12,3609,2058,9,2,20840,1551,1.08040852299,0
cabal,2007,12,25217,23468,703,6.5,28972,1749,1.068352352671683066712840140893781102918500674878832484070693598846750093499103563227965697346807675900991959214627856149202934169600000,3
kde-playground,2008,12,1419776,1026852,14045,81.,2008978,392924,1.24313791495109369180893154622723005787830973532551744428023159441557717194668359981327160745530972397493198472354892106203743904976000,3
fusionforge,2008,12,16875,8163,534,2.,346036,8712,1.0258268015343595059090167445755121748492589492940105099726022525817747083568182492103642646514750665061770046418795902542174316893384397145841907807190123712480,7
coreboot,2012,12,466890,62780,1092,14.,1313693,404110,1.44428051094004623844431310677471323549713971877498659215722482874747296736106290577525025922058566377444704274547829134470874311870336000,9
emacs,2013,12,57891,37326,892,43,1688064,7962,1.00473899798917754741879521158240537104,28
gtkmm,2009,12,21695,14774,180,3.,156128,6921,1.04638522321033356920401756877303010535613350760882407459443534111480390237647200851536388598732220970011300368551539357784466708944722513161680322560,6
fusionforge,2010,12,1519482,1476921,5321,7.,533544,41107,1.083665598129471130464267131454841571776606907166750653783637659260802932316687027952755083803761180049846557551680623038587289560331914240000,9
taskcoach,2010,12,126310,52547,903,2.,185055,73763,1.6627879811509172637825278532001077132945543978727067874188328593856954517990239079216172415829797554794987710684379291159270583347200000,5
dragonplayer,2007,12,2156,2668,80,0.5,2860,-512,0.848161328571567158068585350900567227906887938067108487548800000,0
lastfm,2007,12,6119591,2337,341,1.,6650931,6117254,12.46246512805113407594424104182366079108146806078913713935805168259664157032406720000000,1
aion-unique,2013,12,0,0,0,0,1136480,0,1.000,4
kdelibs,2002,12,330438,257651,8016,66.,537506,72787,1.156625831964165819770910885184703879262097193884930744350955519522565032715391451757868876892730121439813293832226971588300780275422208,5
gtk-doc,2012,12,1805,1854,19,1.,7987,-49,0.9938627254503463918272533579095839133845240529417522179872407500000000,14
apr,2010,12,2616,43354,175,4.,269268,-40738,0.84809739546392906941558529143010809118825029818412602200064849281726724492732300551426549994993756447010067337602751073958831247533633472000000,11
rap,2012,12,449284,418937,2048,5.,605528,26158,1.045149041195844236233261725761310205954651555647222575002192236008358642469931209476384379007711190333182150437016959089320109299701093323123072,6
Kohana,2011,12,33893,28138,1425,5.,42576,4012,1.1040348511470116094588671299929763450408033899597424480759857526848924006720000000000,2
eet,2004,12,638,388,49,1.,3877,250,1.0689274882738802464581466286563805457836967950415442611866752980061540370650301495697506237963460115285543372380487680000,1
gegl,2003,12,32227,52053,84,1.,50269,-19826,0.5776130213924137463615344541452260191729324885746704896833799383196061686897112954969027176201853173760000,3
exaile,2008,12,98811,92467,785,2.5,40493,-14284,0.585826954268769870743866748093458327297989223086496808570024577874250694834702492591224297684961969301600678315927884581478802800000,2
kss,2011,12,19,14,11,0.,36352,5,1.000137562935000000000000,6
poedit,2004,12,3760,5364,207,1.,33211,-1604,0.9509255009953361485570968135436584688197681381460683338824006659344502100456269805562859639301230844030527633201051346459978906069326062328960,4
jelix,2009,12,15934,7687,534,5.5,74725,8245,1.1240222623439364841866728467368530592687872829814272729012890299323870995901729526770418479188368797276053831104017634788694289640645000000,3
eclipse-cs,2006,12,16114,9032,187,1.,29051,7082,1.3223633301747967885244907908580183348794651393071282610874651539427981443958987394822652363482989861536083638720000000,3
debhelper,2012,12,259,93,56,2.,5873,129,1.0224582172703819257134991513364059832044878729143373705723069503454950234834937838465922209417287631839710847051714756187636531200000000,13
aur,2011,12,5651,9428,412,2.,12097,-3846,0.67552518351289463942777599185925842142665857077365202063227781097430844845922852304631895275746705225066694706876825034889715817225210880,7
xdebug,2012,12,4083,2769,233,1.,21002,28,1.0013422175276641640902663786789790903296207173213639688570786141705300055395330721063356550225820401111040000,10
PyPi,2003,12,1257,346,48,1.,2143,911,1.7394480519609822495712157557420465759526831297244221406146678393355000000,1
libgdiplus,2012,12,81,47,3,0,173500,34,1.00019600382780000,8
squirrel-sql,2003,12,182198,118943,821,3.,367348,63255,1.2080120226382021087761407786052803377587485225649277953512239612265127942379794352579008900871331191569188867398588028088483840,2
numpy,2010,12,32226,20969,764,7.,190144,5501,1.02979262685524476850253539265620222929198160192999850639576488676301577658226705594385295965730913057054700352620478512022543630033463198196160000,8
ror,2008,12,63547,49982,211,1.5,33421,13565,1.68316881550887965143472068727044956903054712421095106785817678734994647427095210323548423577600000,0
uzbl,2010,12,154845,134970,1375,3.5,16257,16109,130.9112903637827943002885174742210623768770511648614251013916135963882315887582070460394095919305276412612902912000,0
torcs,2012,12,0,0,0,0.,351170,0,1.000000000000,11
docutils,2005,12,33436,21423,693,3.5,35550,12013,1.5103878999092499999543607577357944646940878137050372486926914297958050575644876608965387000456647102955792819556362521819625930908160,3
util-linux-ng,2007,12,9406,32565,576,7.,52525,-23159,0.688806772391462232996186592783477841541343719057376256873405502357029177170220088925142620118939072916816767150186251937619071932222246758400,0
primefaces,2010,12,99677,49631,1414,1.,84541,50046,2.6416059831833830941299830218386192572899728182233773746321511289784268308634384317953451173165556309375329017804556630766475280384,1
fedora-packages,2008,12,109945,37730,3217,63.,307972,72215,1.30631115936487637833750304409507806764000642055204962522110083133433697303890185556240616173596669200611037850104582395094825104800000,4
phpcs,2009,12,3333,1043,406,1.,33139,2290,1.074232552105790209058135651263194106537167481820770459118782845933153841079763236416026824246891440979389810449329937130291200,3
akelos,2007,12,24196,41855,617,1.,155165,-17659,0.8813215319986435446322154350607563632506142757975475726456227570571490723473383948639188142498055762706910018448187275003109120000,1
putty,2009,12,888,455,79,1.5,91695,433,1.00474551751308784031557814933193339838524321237483415516323893141582123022944286682883446650371040283200000,10
jquerysheet,2010,12,32289,24502,413,2.5,11248,7787,3.2499277665822729872838190881344270110129992117611500960079932037382912174754349285268210680980194721105660237266000000,0
scribus,2003,12,37918,20067,179,1,141347,17851,1.14454719180862761637106677792903244890886632839700058912448434904744000,0
system_data_sqlite,2010,12,23522,16590,18,0.,199026,6932,1.0360864993200000000000,5
synfig,2008,12,1075454,608320,2287,2.,6434613,467134,1.078279957084607655442375236806263191484208490441333728501236323736489388073587286148163739190470808216800356151436902923464128000000,3
avahi,2006,12,8510,1664,300,2.5,52821,6846,1.148907014684156019847776318286085590794419593836940411974897496466303693405916400239857534040055503397052590192183638205871250000000,1
sdl,2013,12,1996,83,28,5,1790342,1907,1.001066295392,14
cmake,2001,12,128732,69338,2648,9.5,66818,59394,9.000269396281780364698465784854903540646764635900686035219536585361338763005012786590686290443942738514534380255881848146102016,1
acceleo,2011,12,7691,204,28,0.5,722651,7487,1.01046914698792919944993226886232790094030908876188219200000000,5
javacc,2010,12,2153,2328,4,0.,32902,-175,0.99468117439700000000000,7
dragonflybsd,2010,12,2195772,1124863,2901,12.,7176074,447179,1.0664565281527793761959808515297793054212248343462280573975729028769649555678754343940194594853536236400015891415245104762225766062198225941718630400,7
squirrelmail,2010,12,17516,4166,249,1.5,229953,13350,1.0616334953812634571967257272896536442787178480738677793465254409423441731705298571428696426859706429390254281581176857729425660339264266959000000,11
maven-scm,2005,12,23583,17606,244,3.,18633,5977,1.47226611882922153308450116945108293372973518707189521252970378055254707698487401391738876108798463783607872755399845975102309800000,1
gmpc,2008,12,13711,11121,565,1.,26714,2334,1.095734208374262014563745405820286265496476839584043552756173294543053028672202570011000832479933719316777076921970302013136444410019840000,4
amsn,2012,12,1430,721,61,1.5,302373,709,1.002350297019361987651404112156741335302373371033381782778442453065965861580326851713580897116160000000,10
gnulib,2004,12,10666,9212,526,4.,64603,1454,1.02376982180860427446671824127628954084461357954882047726441602294799171521157809973368466246256030736647575604867505684969123350066656980992000,12
utorrent-client,2010,12,153,69,3,0.,2588,84,1.0335463258800000000000,3
rtorrent,2011,12,2441,1349,82,1.,20921,1092,1.055070855822032669429585245212646028370690738516652306683458138978164257703447265879190591969518342955331321528833621888,6
config,2007,12,77,27,14,1.,2874,50,1.017705382439068075342042882001931307128304938599067448463600000000,15
jpos,2005,12,1798,487,126,2.,51591,1311,1.02614678899083266283063136351068775294696406656616848464569295473352231439775490817814232211356035055222178867788302429081175971455288084752838841204736,7
sbcl,2004,12,35581,15215,607,5.,219553,20279,1.10176440478707699032925783826289564157613096597795169232859551078101631635047281939712191636719762552326742339063525179710166789399353432453120,4
xfree86,1998,12,339267,245691,413,2.,1334633,93576,1.07540024349916671264817649320086409517065633782526946141845733985733674828983620035573834789834118089155457724315522501327306938253424797539379200,4
sitemesh,2009,12,190,28,16,0.,12925,162,1.012692940531014709682264822548893588000000000,6
venkman,2009,12,251,92,20,1.,63739,155,1.002437720181271420841279361720917819831788242700595808875643869541834562301760000000,11
empathy,2013,12,489,1250,49,2,106877,-793,0.992634902944126226679568305065076388980,6
aquamacs,1997,12,889752,201056,14766,13.,1150698,344348,1.4270453277044997092541355794778807398314051298762177893569569675056567625333330172210920136066845098116302540900200844527360639703552000,12
tapestry,2010,12,166799,62288,1353,6.,757207,104511,1.16016692383503486057130953350572032499172922357766888112597569140483629696696334295770608612476091312351845338001380718025705908369021781758464,4
vidalia,2006,12,96986,50958,1026,2,49618,46028,13.8211699123967687180700628817891657619050787568531036492590200833068195142797544525962240737582701590156524094720,0
ardour,2010,12,5227,2997,241,2.,357899,2230,1.0062698745189642004909075857703566058637384876107364801975023867346051798926464297757325650407157407414709573646600178960840584556754814544000000,5
fretsonfire,2007,12,8719,7375,44,1.,18852,1344,1.0767649074715644683516398065244909933547758109505864926346310024856839979406040318899369984000,0
wix,2006,12,136146,51993,338,1.,354620,84153,1.31113962147462804011112041480128395931222536703651725963198907485440073291645741673148334647587542056492822988411647969698940592966040128000,2
deki,2010,12,1472040,1377182,4428,9.,975271,94858,1.12863793613099956778503714139635965257757114427548684442764047175720292980375224058358603053618113519731233433380532574247736135680000,4
bluecloth,2010,12,1039,812,34,0.,7982,227,1.02962672931671538623954140167364788242210248800000000,6
alsa,2007,12,50002,14822,295,3.,273450,35180,1.14777725037274387142012061083499553855337924047472764352282005853673977422921648585778364855657895696655136417401713580016591659370022105341648000,9
etherboot,2006,12,18292,568,35,0.5,357120,17724,1.052222182936078349770366448401673606283402022884262061416646804776114200576000000,8
freeorion,2008,12,23658,33445,330,2.,72717,-9787,0.85352530046537721994005146752506797314920384306668171035438611990924525801103965273069649641581999191480345278985075146451396200,5
mevenide2,2005,12,12858,503,71,0.,14473,12355,6.83333333269649176481429865000000000000,1
postgrey,2013,12,0,0,0,0.,2474,0,1.00,9
luntbuild,2008,12,43482,34694,104,1.,147072,8788,1.063550374594626445053986115489291620069388321957713735068077579714003587222709616056000000,2
freeorion,2012,12,311377,159031,738,2.,263778,152346,2.36716562565605140958977219531506825842858271334831990035133972954322062178137220119182505496557877543348184507380309476350298322684923084800,9
bzr-gtk,2008,12,18247,18422,570,5.5,12647,-1033,0.911459672540679183512015294450585168063617443132926129477259344699515629712447191628978606841458372692085647517146136164249600,3
jmonkeyengine,2010,12,83765,21190,307,3.,259533,62575,1.3177073284965697263781495417613088397558838738425539808466965792858578178433573620190395440825873835433248153764411961477945468128008017368000000,7
coreutils,1993,12,7132,2960,152,1.,33794,4172,1.1408412666228566575938829760882163010063041132731219382121021128885174192913210576658941897417429191178005494367227299470929148410531533939507200,1
arquillian,2005,12,0,0,0,0.,2,0,1.000000000000,4
firestarter,2001,12,12489,3624,163,2.,31815,8865,1.386274509763390714625504417504245633742116053096399587562298527957852685699220885612450114292261028997536033898496000,1
bluez,2008,12,159654,73700,2247,6.,92798,82381,8.90832293398206809572533899294598545532150129813530115258076163022731863764172800000,7
gwt-platform,2013,12,13691,10789,160,5,40340,857,1.021729759878183455091907126427943,3
crux,2011,12,4010,872,82,2.,73953,3102,1.043892913750692935545230522282665451551680958028604318123562652214457173703000914463230712535582865822577447805154479759312672452370240307200,6
OpenFlashChart,2013,12,0,0,0,0,139619,0,1.000,6
simpletest,2007,12,57267,3548,265,2.5,103673,53719,2.07536933980684943847049380114203206231191431292795467762390349843757806504698933299013699205164663790085157834593265347003535836937453568000000,4
jasperreports,2007,12,56835,38018,500,3.,169221,18817,1.12510970452231310743145417114104252413298134715565904604260229007769104767985319680801125743825327956755009176058753663685434880785160064000,3
gutenprint,2013,12,146,12,3,1,216797,134,1.0006184720049,14
wine-doors,2011,12,0,0,0,0,221426,0,1.000,5
jgroups,2003,12,21684,9928,324,3,128593,5878,1.0478996047715903258273657171715600,0
lisppaste,2005,12,157,60,18,1.,3203,97,1.03122987765550326470327892879189358862349044472117828065403118546470633895409150496000000,2
infrarecorder,2007,12,120469,6232,173,1.,145255,114237,4.68292604210534951076693970895251592141333519082833039869925245648605343296813389460266943315334050000,1
nokogiri,2008,12,42804,8521,1147,4,34110,31710,14.212499998658089184404266107019055142593726438259520,0
exist,2004,12,127108,103766,789,3.,161121,23342,1.1694162391020507061460327881479872306976110931904267177468321785071511913173142536727666871867642610607729610213601780492864541900800,1
falcon,2006,12,0,0,0,0.,58,0,1.000000000000,4
bogofilter,2012,12,1257,1227,19,0.,50407,30,1.000609694136968717295768247220669263222617864295200000000,10
emma,2009,12,0,0,0,0.,38912,0,1.000000000000,5
opencms,2007,12,316634,339132,1438,4.5,848176,-22498,0.9731650413147147839403807925747883606928298496976572058854363222371736482719006538198545825967216661312631878662072798126800474150912000,7
nagiosplug,2009,12,12512,3705,212,2.,91464,8854,1.10717830770043132401240465124719522990095401273736525420562031159016424606723424619918341874852887459800796309793202556602068736384000000,7
Centreon,2011,12,204717,166350,2893,5.5,389880,38367,1.109148168059327328803972177623975037914719973257189728086931130585329205715734251620554036660218050816844649647760251555610025660416000000,4
latex,2007,12,148,93,21,0.,5273,55,1.0105404369494550853506011859396960846396012221793000000000,10
estudy,2012,12,97986,88218,716,1.,1021327,1778,1.0017439476774682576266199441097512834418073230679443989442920690856900490955556430023515261040947200000,4
classpath,2000,12,14198,10916,225,3.,91191,3282,1.037334061361774373712839907335783480013339462467895421386788982678330408301232627615033600749389384538516472824775750844954228138464000000,2
fbc,2010,12,37814,26822,342,2.,1048912,9416,1.0090582359135458629637228030211821128157883326729335782504267730055445122825065815960675749104141958595978467480049441747213453310818716818078945716202332672000,5
eclemma,2008,12,372,126,40,0.,9615,246,1.0262568043550792877912456198628440750752273356800000000,2
PyICQt,2009,12,834,2425,39,1.,26319,-1591,0.9393812390458768009402894844993661400993294272002412220750060903576170240000000,5
MozillaCalendar,2007,12,81188,69397,890,7.5,114798,11791,1.114467948782592154717548046107497562580165976896069608606253389423170683595163592910234311623084396247537038736075607763220914857763262169088,9
gnash,2012,12,3212,2103,207,1.5,304700,338,1.00111051971006068934880137633962120272126681415097480771240598417649298681648748058941465797669734329905974508989478311290025701083980789198922055680000,6
htDig,2010,12,0,0,0,0.,254563,0,1.000000000000,13
terminal,2002,12,670,216,39,1.,5731,454,1.086033731287395616817397948997589895423006501400,0
freeimage,2008,12,23006,14699,155,1.5,304537,8307,1.02814968434914103633384902615503577392390034995975475566677882527090506566217313837028603151014927879203715371922586556857661601701823385600,4
ies4linux,2011,12,0,0,0,0.,2536,0,1.000000000000,4
xmoto,2008,12,201411,20629,621,2.,400511,180782,1.822749841828279745796109364847187285400273833647384821239698090166548672269841037888558813621103823860905628269172676637624269066483302400,1
filehelpers,2007,12,46138,31057,505,1.5,59946,15081,1.3361417586037387568971568866018829827147886823371584290988674322105437362365390111442141727468781034088976524745556854359712318872146411520,1
warmux,2006,12,72108,44178,1765,6.,54382,27930,2.0558747921616372308081918351901609136586877703180256736759873737693543131360311167165031230652742561968603915164215909147979673600000,1
sharp-architecture,2009,12,1046973,932618,502,2.,787164,95592,1.1404884585504924722364965892946011353445400902250787390356535173959322987813392024049551526511674398867456000,1
blueprintcss,2013,12,0,0,0,0,2678,0,1.000,6
quilt,2007,12,494,39,14,0.,3042,455,1.17587939698660164466099890451101600000000000,4
aptitude,2012,12,3441,2781,216,1.,140078,484,1.003468092119780617776608967117875254086036056320181797739690253864927028007004946579809467890756714043032091043840000,13
chromiumos,2009,12,61736793,30521806,65359,737.5,9329908,1726791,1.2271161945954968940684360339091928012849062921924973020923131860403642861203248184410660766846046817200720248467463778584222667515511710800,9
flex,2001,12,17802,1624,164,2.,26226,16178,2.610071656136782010444748149005689616787572611254831157685605411840000000,14
dokeos,2010,12,6738,1110,99,0.,3023688,5619,1.001861786460633967521775379306675037192193075586251713228092373686580480000000,6
phpldapadmin,2005,12,30867,33586,466,1.,35634,-2719,0.8919574027645871435247102383818667075655396050926454135852338992334251927408622465323121126439393353338739077440864844189745722447000000,2
boo,2012,12,27395,26208,173,2.,307300,1176,1.00384158053629906344639992566220034348209314834468057217485397654440192989140374721940882629063532845954798613275384293750471925760000,8
graphviz,2010,12,27875,17077,365,3.5,348383,10798,1.0319931261375601438252540852063721405209787986482939504159026864260779792139246803477301500498314973030580023220307771963358879760111849449496320,5
sdl_mixer,2011,12,0,0,0,0.,37104,0,1.000000000000,12
proftpd,1999,12,19206,11142,206,1.,33342,8064,1.319012580156783474865062842101183644373136045381900352999143291371845427742880000000,1
android-vnc-viewer,2010,12,18636,14366,11,0.,9358,4270,1.8392295597228652834300000000000,2
sympy,2010,12,136552,78863,1631,9.5,169640,25518,1.1770583255818001844698989977781051912433101419986010929476636617148280542870580569389107958805015073540838498602284080267143406151173120000000,3
scplugin,2006,12,60,107,9,0.,19289,-47,0.9975628726983355487621439836605627128000000000,2
gtksourceview,2009,12,35843,12260,387,4.,49555,13279,1.36605469184669737127073682436851035121452316058535372796600801172176968654801451499868318687020549532688740511295586244161257032236825600,7
crux,2005,12,359,566,16,6,35597,13,1.0003653327338,0
dolibarr,2010,12,487838,272548,6178,5.,538530,215290,1.6660376191062208385300115727021101747783097000795676922444342862531088963593632294298549247215399795145059588020322568379932916051561600,8
hibernate-validator,2013,12,15515,9697,201,2,50104,5818,1.131373345977238179052145256984948,6
oprofile,2004,12,6090,2298,230,2.,34263,3792,1.12444619474733741035493818628535407264076568987952528837839495795698852215342265080006473484790698655517342327007466002330704707455307875000000,4
portableapps,2008,12,146425,143717,670,1.5,30260,3192,1.1633237823484610973618218348368088579425808181038178655258345163889099271117517299415634731455468330664967656264277479791656960,1
tcpdf,2013,12,0,0,0,0,50709,0,1.000,4
sickbeard,2012,12,34964,29451,566,6.,21550,390,1.0205555262314691983793917465371644471197718541585055068597960955535261009624602028348462006132599663318621697703903720365000,3
rxvt,1998,12,10760,10348,343,1.,20050,412,1.021432658794548264375262823178467862246969292753948960735326979737600,0
rubygems,2004,12,13152,5462,529,3.,8852,7690,7.61790017193349532231351367501896067544567928144783340794822444224325678926371568921410069871656006308927861448806400,1
openmpi,2005,12,646937,540655,3935,11.,317154,106282,1.5040119125125697252076158321831887671184781049844585856953924799936425574524771540875182482512552270538312438976505340625471118720000,2
mcabber,2007,12,6497,1976,248,2.,34738,4479,1.1480220760796592096869892078826520187708340896185439195410616674377262313425181249202993336835451293767141347527984295933868125911851008000,2
deki,2013,12,69,65,6,0,905608,4,1.00000441694162100,7
typo3-flow,2010,12,409862,284483,1478,5.,416042,123054,1.419996723387133505114717949237599698406179534032563727334728515461334463479684244364519336065484983682734020359574992984506470066073044641920,2
virtualbox,2003,12,29377,1547,32,0.,44731,27830,2.6466481272812022008321260658580000000000,1
nutch,2008,12,7182,888,76,1.,133111,6294,1.0496305700323615193528279742194019941991553297685079472245853298250756730117945364448519944374993032207389812832097382714805596861952258709504000,6
bluefish,2005,12,711406,485040,1882,4.,465420,226366,1.981605148133882646172618119472542933999445886162426088446605343154859731569556521330827481288713498351028582347437442648465824000000000,3
ubuntu,1999,12,49041,23787,390,1.5,31370,25254,5.12916939187649481584499916025718451573138162450953148444732410275224798361209328381299889662295991811428177614184038400,3
openkore,2005,12,41883,20591,1627,6.,73752,21292,1.405871139903814353124523688538076621315617987343589151203498014542889594118501819915941515167366959837189328590580353629667328000000,2
openstack,2013,12,366999,155323,5619,236,794015,133691,1.202462730420981420482190100713060,3
liquibase,2011,12,12174,4268,202,2.5,67076,2320,1.0358267959721194504373421419698268130701671308008935820054342753592230926261840280050455896867520000000,4
j-wings,2007,12,750349,344045,358,0.,624184,406304,2.864806315291943922116282712644325000000000,7
jboss-transactions,2013,12,0,0,0,0,376323,0,1.000,7
rdflib,2011,12,3319,955,105,2.,18239,1312,1.07750930466921615684141023264998605954999628578726544083000000000,7
visualnunit,2010,12,586,309,18,0.,6268,277,1.0462360206932771292763371074319498000000000,1
shorewall,2008,12,233178,209104,1552,2.,1009214,24074,1.02443713584188225346440645548244828935646132398499813684974048941923045646839095771603991109806915602632591320828040038647150076734599455184929310720000,6
sphinxsearch,2009,12,35183,21350,535,3.,121615,13833,1.128342394838294298705356281825750595897195297673691079845112194685912833026180858129669410288262627708313708983512589778535499322100121600000,6
npgsql,2002,12,7388,1203,122,2,6970,6185,8.878980891748399006526874142684342656846471090094475139351859770987329573760,0
nginx,2011,12,20241,11478,469,2.,115772,8763,1.08267605101900207248357712131496294477190657851560079015526035712003178007058138724017538603447599104310602947055843552354635823284587200512000,9
pardus-linux,2010,12,14584101,13088015,29435,31.,2642691,1496086,2.304796333660634848145819499572061914789127247923731752965097718480293775163915866258507161254293395531207196568390599574318907392,5
chromiumos,2007,12,7899378,5379346,40320,491.,6517196,535762,1.08957082867874804409079615992657286515552186101050153627992922291842491884850730092692775156694426777570728416820777742800111261532674788200000,7
oradev,2012,12,0,0,0,0.,5805,0,1.000000000000,4
propel,2013,12,3972,845,191,8,385621,1597,1.00415859425475826668849061423031418480,8
Arelle,2012,12,26553,9035,552,1.,46780,17518,1.59866037872131996892428502803897274221412924516820093365713052711178036290677180225096636963005892377877292608428102953822872704000,1
nixos,2008,12,15261,9666,823,5.,11513,5375,1.875692407918415693625303481458327951451482336078645114967983207434153481180967097631750218229886163299087351314841052529608819097600,4
qooxdoo,2007,12,607398,503688,11076,8.,315200,103710,1.4903777956264080946867263270261653437519723295155174327455999109778259298583860656426419214074920414256454488820568215622166870323200,2
coactivate,2006,12,0,0,0,0,664,0,1.0,0
swiftmailer,2013,12,248,329,42,2,159953,-39,0.9997562378118926455633174320,6
poco,2012,12,1253261,1003037,460,2.5,838422,250224,1.4254077708294904060287421452230894292942449629637298945896156358953478081393259128484899806795254011809902892885088000,6
file,2004,12,31839,26419,80,1.,32988,5420,1.196604759162730684909244185764758812001879451619386319538670909497151653970988824726064739914973280000,17
scipy,2013,12,32142,149197,341,12,683183,-118409,0.8246686133666924877917387604076790,12
eiffelstudio,2007,12,1493569,585928,4930,9.5,3373760,907641,1.38069506853915595099768674368374147504980691482637557348144553695457916488313303527150520647714359278077730901324578610184183754816160000,14
coreboot,2005,12,96879,43612,278,3.5,202892,53267,1.35698871403713010011332841494148556287953974708706950406230225003549613637914279164541458775553893952000000,2
tuscany,2013,12,9103,3628,31,2,738379,5475,1.0074702826019867589804960,7
facelets,2006,12,3767,739,77,1.,119312,3028,1.02603969591678859348499252091117471010821204970158697674405853935502247939953009491848958832605129710946964514962155158748000000,1
gawk,2011,12,22352,16434,416,1.,89378,3529,1.04110706007015066760319867881532265931917248910651798562443865434346548975099294588697833259008000000,1
gnugo,2008,12,4457,3191,22,0.,86126,1266,1.0149186896067942826501372339514864991259110485356800000000,7
haml,2009,12,19746,8622,930,3.,11995,3954,1.491729884343423787323896282568796518585820012757699679818946776889420102746887120572027112905984819147692839452174336000000,3
chiliproject,2010,12,32872,20920,1306,3.,78287,9260,1.134150404916396683929923442940738145350182854368318743435186039942891953173082544563337281271779804282454949403773489172570178371212231775600,4
libpcap,2009,12,5858,2477,177,1.5,48693,2969,1.06493307671576322797683325350906274349163457270137747102475132771573054491153419135080757713140561113725716653218373319054344894254124167183554800,10
dd-wrt,2013,12,13103957,438080,740,4,188988586,12665877,1.071833498203612648285028331043874328,7
ldc,2013,12,16814,165313,160,4,404813,-74670,0.81615166808749929032244522669565488,6
morphia,2010,12,29312,13979,366,2,16981,15333,10.304004854401416738844803779137978261284227917154145303049484408125753951423861784390341668704785388951896412400000,0
Riena,2011,12,43511,16422,699,6.,216533,27089,1.1429921243286365789027568575090554542957683561025451065195155060171717520393920117953013408461133816600874447548479037391666219289190400000,3
classpath,2001,12,64544,41668,343,4.5,114067,22876,1.2508580890747867595569866553897883647961514209679655833189552074577613343229838486036794464210590827761626342772563583511498558621443760000000,3
naev,2011,12,95354,56644,2520,5.5,140202,21709,1.183209134708461033207980123836157829501827525873127395252787583397713927690226122990847510640235668504439283833999972585690390546411520,4
nagiosql,2012,12,0,0,0,0.,31121,0,1.000000000000,4
Snowball_Stemming_Algorithms,2002,12,6289,1223,104,1.,17008,5066,1.424217049122016770141331551729971103065266811308126941606438149943917170636875265793230699655169343488000000,1
tomcat,2013,12,294405,163718,937,9,4752189,130687,1.028278036015610922861373216620684324,12
automake,2013,12,9421,6705,209,3,112345,1108,1.0099607145103610183331956977937102308,21
PsychoPy,2008,12,18802,13209,160,1.,16992,5593,1.49065707516631693860031556465043606923164477504865421814544623224659571645823244476658179200,0
lwjgl,2006,12,23632,21097,525,3.,70036,2535,1.03786407766676168553931271027616560725573107636483676505721262522734008925945066357269099835117401809840738574497222280491809304740710788300800000,4
openoffice,2004,12,1433171,627478,27685,14.5,5488143,805693,1.172066546362127413926230930723426217966926231914085510663080088392603923290644200983693031362575476818531261417593349242504051539456000000,4
ramaze,2006,12,3293,1852,252,1.,5720,1441,1.336760925457931947791,0
piwi,2009,12,111,37,13,0.,37297,74,1.00198801816100000000000,4
xvid,2009,12,240,182,19,1.,64781,58,1.0008971523143892937612422375642526601611150806092205953473749571634376466821120000000,7
gnugo,2001,12,21448,16429,283,2,57517,5019,1.095603642033913496541034302774064,0
freshmeat_apachejakartaregexp,2004,12,396,229,30,0.5,4062,167,1.043163608166549928635418383391201747397670360000000000,4
qsynth,2008,12,6765,1683,86,1.,11042,5082,1.8526845637168732018482195846035393269274663727758781506281742664737753569594880000000,5
dotproject,2010,12,61930,31026,340,2.,443356,7489,1.01718184675635892320122429365231059603896330832860091451639489425032654616527276894221906877824773461919600000,9
sword,2007,12,63715,28671,184,2.,526658,35044,1.071283568008555696006479145734316812239706260462182752578297841251768240071897982035160593696525063325694803628543991681176566866311550619520000,8
NHibernateContrib,2008,12,1049409,500920,898,6.5,601489,548489,11.3488490551667051362050887710734393191821958274768428942982105107765184636015796376317220175417556437374857920000,0
fireboard,2007,12,246655,155586,1162,3.,115439,91069,10.8869829547647640025031189379244568557478803810629698350399099308587951511539540669312,0
www-mechanize,2007,12,212,53,20,1.,3160,159,1.05298233922492580658192207359570473809245662260,0
pisg,2010,12,12,6,2,0.,12143,6,1.000494356101200000000000,9
sphinxsearch,2006,12,31011,9089,435,1.,29572,21922,3.86562091562939958955052765516922435817643992881472720930845355947804913783582929921903352493123068610877961276683542812661207531520,3
exult,2012,12,0,0,0,0.,246273,0,1.000000000000,12
xerces2-j,2008,12,6662,2411,156,1.,175148,4251,1.02487463208785747495572309316050075598792285289469069867190364004018218786676185590567299128834624794583064426591411702043869405057451664000,9
kvm,2008,12,45894416,31338424,58571,607.5,7023556,948915,1.1562092311167262379325680419155010531289110044552261564242912585673629468777299734378241552916667819662246353951448685567221466582637040640,3
pidgin,2009,12,624996,436743,4639,18.5,360933,35948,1.11061433604805309780157385790670716792791161828802608389300617123028713209451101222727296938640548375302762113926374582262728532445399473075200,9
amfphp,2006,12,0,0,0,0.,6251,0,1.000000000000,3
PyPi,2010,12,2842,1419,155,1.,11639,1423,1.1392913077424870424449055306597566695943617017312080822161226777486720223418844281078736223013149199104000000,8
mpdscribble,2009,12,2682,4313,175,1.5,4863,-1631,0.625143645139654379711202216516149298048437192079168889297725540994225346622960672076689254248688190246405488640000,3
kismac,2008,12,15328,3224,109,1.5,95621,12104,1.14492857741087341065047694152663545373122994961929801461378901756081424438462778433240492403840000000,2
gwt-maven,2012,12,418,261,4,0.,17390,157,1.00911042766800000000000,6
dunit,2013,12,0,0,0,0,74527,0,1.000,13
mcrypt,2010,12,0,0,0,0.,149806,0,1.000000000000,10
commons-lang,2013,12,272503,272302,74,2,68922,201,1.00292487012665007372767696319780827565,6
mysql,2006,12,1635071,2446429,17419,83.,1132734,-129261,0.88292392647884381864620356416556741887504506361773125414881009916758155665237356165213708513532505514496128029568651647675392000,6
jmonkeyengine,2011,12,1045863,205498,2088,10.,1099898,840365,4.2379890042139526349724564413288060168165038691309728227727087882759218834751808774704077589589898114635523608021929741631889706618880,8
linux-pam,2008,12,19457,11801,334,2.,109634,7656,1.075075016186147016277470987649735747125983830333958448019465058119912154711593623165180381407366918842614398515834853977192690293919354340352000,8
gzip,2001,12,982,70,10,0.,7068,912,1.14814814816514437332147857125692046918363265435035337192000000000,8
aws,2009,12,54139,51961,220,2.,104557,2178,1.021273894059769858388898755017581801592038320467009611057990467761957245889664680613455027101301064089097497216807196528000440164624308500239328339200000,10
abcl,2009,12,20916,38688,727,4.,111093,-17772,0.83718117857648860751371867222060636058148214488142237911160691084135646201485176061194970345266757267534216317256912907568171457536052428800,7
epydoc,2002,12,13934,7549,375,1,8532,6385,3.9739170931656812288946706558780640562407894407832105388370802400000,0
sub-exporter,2011,12,4,49,7,0.,2190,-45,0.9798657718100000000000,5
lyx,2003,12,122279,105262,2032,8.,212595,17017,1.0872850189016534478387916669135985438008345404761410685838246872869929489600432993168941603421437120911685668607501258623072066160343746016000,4
kmobiletools,2007,12,68585,29976,996,4.,59938,38609,2.810164564707885536570193856201512356098929346033276101969079253483796162484919620657866042368663449034622668358000,3
redcloth,2009,12,1270,483,56,1.,3354,779,1.302524271871714195825860753004172230733349329121511939015456387682415560175648000000,6
pygments,2011,12,24360,7478,279,6.,57007,4027,1.07600981501549353475479911767008410430575697944381434881221116685561518388465302489761650248539085627826161409586348903320837542707200,5
octave,2004,12,79355,24882,1189,8.5,354267,54473,1.1826984350667795787630295554678616490154731167042688974666038332619965122664908312668924626441923601807184517207812459080033819010811979360,11
clamav,2004,12,90803,61172,1145,3.,82633,29631,1.5590543752892581394925223929599592164421955239653899015980028214413231850536665341518132102488339829619199621782974721004482266992000,1
django-mptt,2012,12,1146,493,85,2.,2429,528,1.277748553402822348787222402706402465096679575094680532702570103791868847987481295002808949600000,4
exaile,2007,12,54049,33398,1177,1.,34488,19176,2.252351096939371668337017022680928941620209192900370183609151830669544562594025375282233832825878572485679849862964829805373337600000,1
konqueror,2001,12,31910,16040,1177,21.,54665,15870,1.427302100218914906413275233280377840691360260040816320683046698304823183373977405987474922474523105071867603068702632859371917654627328,4
sitracker,2008,12,75923,42409,4365,4.,140314,33514,1.31380149811147435895441401269148186646265322077665539206610599151015490452715816930953751425202522978636284249772192846402501967357542400,2
krumo,2013,12,0,0,0,0,4339,0,1.000,6
glazedlists,2003,12,878,87,17,1,4414,791,1.2183273530,0
cinelerra,2007,12,8194,8589,74,1.,586227,-395,0.999326653278351135179689793032291898315630764831067601228984030404010481583573078255999358248706976747606291722420290832571564690500000,4
MooTools,2012,12,2215,520,151,3.5,29429,914,1.03205330527610722065883713210045449404580491371381080044917375726388882263024077090664317232151803103528048285440000,4
ies4linux,2013,12,0,0,0,0,2536,0,1.000,6
iftop,2002,12,2597,679,105,1,2966,1918,2.830152672158670298290566456774879724480000000,0
sipxecs,2013,12,82530,10353,290,4,907623,11401,1.01272117845355083408537000,3
storm,2008,12,24656,5634,430,3.,20129,5236,1.3515745652375942666133516390176113165887058038681073492216382889245528439148604533516982027411399753373767137824915665965740000,2
moodle_contrib,2004,12,207800,74946,1873,7.,176656,132854,4.033057851360283634929644667697468537936071101529379387274942454454883505762320722542651471892260088329630212605378203040160960000,2
fife,2010,12,131167,190293,405,3.5,244809,-59126,0.7650793651062500089114844818420220356062493501797872710836362254564947991046844579970796212964882813269131110570197955272216749397432934400,6
otrs,2013,12,37420,21857,443,11,485909,16780,1.0358278299802626103164201886663932,11
svk,2008,12,11849,2946,353,3.,38655,4528,1.132680868529030076984634202575541833218221186393455256125816274484733413814535539706261740836197212746832019551653427161250504262400000,5
gsl,2001,12,336260,248258,1755,2.,631247,88002,1.1704982698912723229701688459679466800867978157641504085110481615155088026714824105175510330411885566315784276054787574919245579650090352640,5
mingw,2010,12,11386,2098,149,2.,9367,9288,118.56962024965755533720352759104059500381030174596870960043465211069575700882656125507174400,0
pypy,2008,12,2073208,5250150,4398,12.,673241,223858,1.5180866771578562644995278211230927047315585618577783073824613516643008988503603153780276643320806651315597928940011215310253992621067408200499200,5
openlayers,2006,12,12906,11324,878,3,13584,1582,1.13181136483465580164049830757870503523202156742963458672677518274030408160,0
elinks,2013,12,33,49,5,1,120993,-16,0.9998677762443476810566919180,8
racket,2010,12,8050786,8590911,13153,19.,4218170,-223752,0.9434648760341414085541505873933565948246951358390529327225619596688177573943240450556654103427113728683340417570904276859723185113905290746880,6
pharo,1998,12,50224,3220,6732,10.,73806,47004,2.75374972008484721159784436593834636738141977495502980847624065951335476092929496369052068057991258195722552799998361430706964633600,3
dbunit,2004,12,9536,5929,121,1.,30404,3607,1.134624715410986264910260970400138999102279084013078995212798095819655278488673525167387500000000,2
jgraph,2012,12,0,0,0,0.,62769,0,1.000000000000,2
epic,2009,12,594,586,54,0.5,99461,8,1.0000805071947954446657908969367443733806895503483952295084876514158591739091040000000,6
cmake,2003,12,104410,39178,2556,4.5,168508,65232,1.6316278709707994094220540536264039876054850860175568444145449436790140312620794745509602570869132178053242173963010719613789905066393600,3
checkstyle,2011,12,3980,832,150,1.,214682,3052,1.01442139583308668060981465607622229289706650402386758676568845271058214462280987743933889857146880000000,10
iproute2,2006,12,3974,1543,87,1.,35922,2431,1.0725866650756725563050448051433582678241117783447983876369534750660766350091944873000575971413894116121338793183643238400,2
opensync,2012,12,0,0,0,0.,152796,0,1.000000000000,8
nemiver,2009,12,16737,12930,265,2.,55453,3415,1.0656251200960510503819772464612041883215601199284577892656762105211828329390547366718401525086802968172336203851953180423831690811329740800000,3
geeklog,2006,12,112258,61212,2041,3.5,193270,51161,1.360012384839571729914832382174269438123588052870124654287976521544128800749503851158981382175674196401137973112891722570520163105792000,5
aquamacs,2013,12,49666,27836,408,1,6320325,19840,1.0031489639285795142369737270,28
rsnapshot,2012,12,10,15,2,0.,15016,-5,0.999667021843400000000000,9
xmms,2005,12,1724,1073,44,0.5,83567,651,1.00785131940755621143356374232058363625880935425213162010489040811352569161000000000,6
quickcheck,2009,12,530,453,24,0.,2581,77,1.03123732251257934681040000000000,3
libusb,2001,12,1575,822,74,1.,1930,753,1.63976210707185260049743585025796891093968859999242959110964567174861400420000000,1
glew,2011,12,0,0,0,0.,51597,0,1.000000000000,8
manialive,2012,12,11703,12835,212,2.,19049,-1132,0.94198441983713817531537899781019895167186098404788910220925785924354569720541159236085714584504563039806666908220790076400000,1
mapnik,2009,12,78483,51669,504,2.5,231801,26814,1.13320615806905553448782617361315784407388535532178797535169847057375954968517450715485759077295765061478725153860358772940335527216128000000,4
xchat,2004,12,8184,4277,205,2.,48179,3907,1.08824990965447217112171447123059467128002530888535856959221754709159346926219706461569813304847596516345118968253970743760416538657626676649984000,2
fvwm,2013,12,0,0,0,0,251692,0,1.000,15
seahorse,2004,12,24676,9260,195,1.,28514,15416,2.1769735836999376286102389551045321826706985309894148440000000,1
pingus,2009,12,49899,50679,140,0.5,102055,-780,0.992343858891374193335103164057627048290699113495098861587601892654773015779200000000,2
sonata,2011,12,5171,3777,91,0.5,30911,1556,1.05300630216248634450990000000000,5
kolab,2002,12,4307,17,11,1,14331,4290,1.4272482820,0
pitivi,2013,12,717,684,42,2,20394,33,1.001621701311995064040914340165829297280,9
ruby-on-rails-tmbundle,2011,12,135,14,11,0.,15402,94,1.0061405800894841730790630032144449687916027028845000000000,4
merkaartor,2010,12,2122532,2597396,1936,3.5,1229062,-482996,0.52656362728470549070627623842791781704297258612513009874714889542767105510071011369511836447893704157754597369252602857747815165221112160,3
clementine-player,2012,12,67747,35597,1123,6.,108912,15399,1.1646722915567183346393034090620661369124523598148142570817459112775352116777069095118674524316115738394425918774189646410793161274496311200,2
rockbox,2010,12,319120,203878,4618,28.5,913983,115242,1.1442795599459786589992256968266699192677026109270679746647199129774281858844863099782086039766021555832744578028671196413494067046645760000,8
pf,2009,12,5536,5774,211,6.5,57460,-238,0.9957890266947664391435319245361767202836760178187498256458046853764353610369126935481259090553749268493467411137097032996099537257299159870361600,14
mame,2010,12,469074,349178,3364,20.5,1736803,119896,1.07415145089168746440602541065639359248970714316778031123080697714445179164155991339835490213078848049157469685571243891364003258987481699696000,2
Hadoop,2007,12,279813,81370,1390,6.,295085,198443,3.0533825874151304068277345009199167635620796653312242048844800733768065623391008292799107228789262338610749680796517943178572800000,1
symfony,2008,12,351743,421119,10841,7.,599777,-69376,0.880314189099320241219209822790552465011855903409701029581173418334144775221793790880161215326983602746375692043155476978367024479600640,3
unixodbc,2011,12,2635,3567,43,1.,579274,-932,0.99839108398169254088311230913485373590015393721296392101732600809442276907434390831165198855715059454318825890559687116800000000,10
sbcl,2011,12,17762,8700,622,7.,378624,9062,1.0245209193584337428019625544991127852823968350408093797733571847084657238556927887858371138418698347373247412511733870020487259681165608147890640000,11
cakephp-media,2012,12,6017,6277,10,0.,7508,-260,0.9653702717100000000000,4
openssl,1999,12,76146,71049,1145,5.,157101,5097,1.033532012310409978804791282217245676787973103023586538775991603372710717546176435678977256484790753577353791033326539847593415469465600000,0
squid,2001,12,249413,110349,2365,4.,475168,139064,1.41375288596156581692634911972545554526720701805437912514956611845995733225487954495474402794161928541547252830664271715289107702373459968000,5
scim,2010,12,256,3652,36,0.,1004631,-3396,0.9966196745688334968880686414019747145070000000000,8
openlp,2011,12,1337795,611551,4595,9.5,136674,30550,1.28787079268742183982576134774348609440937280273982398571200010507500153720040496153584994508642442571018065496144329406525149717160960000000,4
mrtg,2010,12,3448,10606,57,1.,45199,-7158,0.83367413326319103897650573919568827558928250786114243226012055690218771367515537741926770445848560000,4
aegirproject,2008,12,20779,13488,1019,2.,2505,1671,3.346910112162459398141291711841282222736428368885261513228566577727567684574258311236025915215372818582260000,0
ogreal,2010,12,125,80,9,0.,10046,45,1.00449955004501090054308650000000000,3
pingus,2013,12,0,0,0,0,137172,0,1.000,6
powerdns,2003,12,7891,3116,127,1.,32333,4775,1.173270919518734868313096885054522221916328704253025146154424022538478007469921231116490241698832151218766395452700526551440939860199751680,1
racket,2011,12,699360,671164,8344,17.5,3786015,42733,1.01144429566148661782592098802942480365373825112510986247255111953701885171878140654165257017237447352910100062355565271812455882531813341964800,7
empathy,2009,12,110009,85582,3284,16.,83257,17792,1.28631660259289764000503779714126672968968103746223283410979927017488639980411364324621276975687640512738651444003917541255314038502400,2
dssi,2005,12,2637,471,30,0.,17975,2166,1.137010563592175473719740865935788042439202020577634630437120000000,1
gtk,1998,12,155511,85658,1409,14.,167582,69853,1.71476225070398170888649497876704832053761364544407818182072649068423073478407909970206683785579013606944348875685750042414672515635200,1
crux,2007,12,14702,19234,685,4.5,64721,-3567,0.945247743599554076715169960413707651893263137022135470406672626703300745643412556814526727475957894617431557098179053235749551920000,2
cheetah,2005,12,2782,1902,127,1.,9947,880,1.097055255319707127293053001791992455573978568242182747747317790632263431935577883791430147554694546365644800000,4
midgard,2006,12,91957,32834,1829,5,274455,59123,1.274566715565975232839949497705311063821742429066812860,0
xbmc,2011,12,8971800,12516003,5900,40.5,9050870,-2316098,0.74674145716528528614213501175469583401372690369204311048665428457639352205140740528785006906489361961854269056843731561834604032000000,8
scite,2000,12,30234,17182,738,1,24872,13052,2.104230118509265177245424301703376258335730314570236615602260637432745569909429990040187493983360,0
widelands,2008,12,52568,44246,676,2.5,80339,8322,1.115556049272540098723129311420228009939897543666091482439750444181688627700168786916436641027265588790415181212336229808373534129428996418000,6
openoffice,2006,12,625570,318019,29761,8.,6099568,307551,1.053099119004676947248423322450366224900407764785320999725337820208741577269422421172409286679575343227764278917537237360144180800789800727182080,6
asciidoc,2011,12,4679,3396,127,1.,13682,1283,1.1035011293964330397902444685444772651493629425247518692896296481609849670702766469743586976239704524282624000000,4
gdb,2012,12,426414,110308,2855,31.5,2892410,316106,1.1226974766944506323507174636703534356021222814891813247890827260415141249997563234638068636170942068552035166285639228656552699509404788386631680,13
piwi,2006,12,1292,303,138,1.5,37139,989,1.027358229596039223198144531971612536502893915377399045551936897251220476164736831113147963762024246280302487149906259228634138956980060405768863067930624,1
pango,2008,12,3985,2014,225,3.,63506,1971,1.0320305517253027663629830275414952234325360033345444252157219881462005360404041348173377017471131516076931350799017687705255416565596160,11
asterisk,1999,12,26812,169,129,1.,28402,26643,16.146674245281684258,0
gnulib,1995,12,14028,4624,157,2.,22735,9404,1.7054234491337516751673652557780392148243556395802192685594905722526636937773084473176322081417836036629086081519514255105756317255704576000,3
OpenNMS,2008,12,2886203,2151865,4704,9.,1112789,250224,1.2900929205346419523585993657145185350122756083606328942856742747050956563602185857027887707717313349596771568628712362148902157686632569600,6
hugin,2005,12,14509,11022,424,2.,74058,3487,1.052408506817748071760131433075185219887409934846589084215614173991500647289982302806958522884202498516955946929960604283874495875897804800000,2
dovecot,2013,12,11212,5020,492,2,273607,5711,1.021317974139854028802161126519962640,11
parrot,2005,12,233759,210732,2669,12.,231242,23027,1.111508195923225493362313365509547834229799754062219826905986062637588378832658207129570135146414152642719060495173642321915752149437600000,4
jinja,2013,12,0,0,0,0,10767,0,1.000,6
game_0ad,2010,12,1848981,735249,1858,4.5,2554817,1113732,1.7728426845836321414617524563788316937709786896514555248315876056004948061305989958317555474711275605626140358439688678792811947008000,7
php_beautifier,2011,12,0,0,0,0.,6341,0,1.000000000000,6
amfphp,2012,12,0,0,0,0.,6251,0,1.000000000000,9
aforge,2008,12,8452,3081,110,0.5,81376,5371,1.07066640351612318971030798917905971502239880926188845456000000000,2
oh-my-zsh,2010,12,25,12,12,0.,99,15,1.180722891566631093137113638436530000000000,1
rproject,2002,12,253613,145357,2223,10.,460054,108256,1.307722045083429452788401087939927434655448637533170938604637391075730347076404120616463252622209431053228483131334886764104424336809881600,5
wsf_php,2008,12,67867,35451,1034,4.,60373,32416,2.1594949385573356128971044760985502960096060477041954154045035474366898705284539010457395985794439509029608679977613729589251715072000,1
tine20,2008,12,532603,1009824,9781,4.,555327,-477221,0.13262036351553554219601707791067603795160553277780166303397789738640574093620857894960798342749154328099102855911684447906051200,1
swfmill,2011,12,2951,641,81,0.5,158159,2254,1.014457522206257647724770480012627720691329009941798364021356000000000,6
expat,2000,12,22396,10141,85,1.,28049,12255,1.77592756742364506611760194253451872509053578216192108527056220430807469371691080548800000,3
premake,2003,12,3855,2708,29,1,11357,1147,1.1175325340997280492699246118878872032175237843739029487433961217859362432023074658151827028209924033188620069206513600,0
eiffelstudio,2004,12,500899,2031374,5727,7.,3365390,-1530475,0.5313617646320488048735772288087336566772534867817077804161535715237807251862827335937379136360358177947506585240804740283241015117821749760,11
upp,2009,12,674450,418369,1134,5.,1127026,256081,1.2940266033115372903136118587324537444290853161516992330571206301090647452888077936357358097038843542867388267538374784953462507028480000,1
osCommerce,2010,12,313729,302124,1164,3.,221470,9532,1.044975417351437734259944282457276480801422975397801065606914249590981873400744415228227067852208976898728717283200777306784558264320000,5
privoxy,2003,12,2511,571,33,1.,74789,1940,1.026630427321549760699565842996517712118382929698211207781554241824618611384170740964438354728046426712800000,2
roma,2011,12,88110,36993,672,4.5,298301,56531,1.237331754808692400524053001363605712262017047659621860199276918040806361671253087101587301967695955496767446997061337226806350322712272461696000,5
emacs,1999,12,205938,89761,2492,12.,739073,116177,1.186511070873184881535754365100575243052662662313154163621208499580187687613729185317193244970032841033662388901281734712435542218952722399641600,14
cpan,2010,12,2174,1536,96,1.,20532,656,1.0330046287023672510868867971145929844300763373388506369804831088509077019476279428309558952118849523836701047097157795840000000,7
nixpkgs,2011,12,145719,92792,6936,18.,126290,22069,1.2129616226889999994806100754379472991705336792620567054702918517983765362478674071541832944460014974230154930934431010696857230540800000,8
coreutils,1998,12,20984,13745,998,1.,90942,7239,1.086484355399345051391899857995825015697837431902013929327401763409307996353989163384601191199960921781847596150377548923250560534142807552000,6
setuptools,2006,12,5432,2323,163,1.,10203,3109,1.43825768256605943404622670446916282284603035097095496714650053783476530689254407139731598666630313255510540649373130110229440000,2
sympy,2013,12,97567,50941,867,23,214155,13026,1.064764404927222458770327060316160,6
mahara,2007,12,191354,104875,5676,4.,160444,36868,1.2983427202739692797042654158930529257973050776828086646212899111725193919328844948007821044759437389247949781772094177921496954536796160,1
akelos,2012,12,0,0,0,0.,175935,0,1.000000000000,6
freeswitch,2013,12,15640,122943,355,16,2631663,-108170,0.9588281573205862997183486055281745720,8
grafx2,2012,12,3906,1876,141,2.,63076,2030,1.03325361203109436337895474329377012957936697408599549417290237910800187859733903329364566416409770814047886422317099549091286911618560000,5
diffutils,1999,12,0,0,0,0.,7379,0,1.000000000000,7
midori,2010,12,13559,11083,793,4.,47155,2476,1.05543490428823043000107199453423277145858061755685375219199705298773177466803999399643136940518783423230165077577777096135329728597796755865600,2
metacity,2007,12,60626,59936,117,4.5,62964,690,1.0110800655174216987835731966818876793507534856837933674698187949746668556900150804472676055116588073318815592184983201604511043250522209792000,6
spidermonkey,2010,12,5975,684,55,1.,540657,5291,1.0098829585736396954277250568818856285030783524451996875928513875487812030265679523345671045475687142623100399213251158740212459464900819648853524480000,12
xfs,1997,12,14488,7633,534,8.5,67592,6855,1.11286365807167492350096575061218103526845944641840537403562467326136113505570798986897815362620696675817954761257083835329677076959247237120,4
amanda,2008,12,59245,32830,919,3.,287608,26415,1.10113211303641591843328612643059257958668705630834743198441904831112101381528814177315357050306343313926854182313058776488142682615634728160,11
vimperator,2013,12,487,485,44,2,32764,2,1.000061055652182982953013680,6
fest,2012,12,115378,108208,265,2.,279469,4384,1.0165159734882547974979416408195814696334016223953328154612726762898776532169060834615679598410110448784372117012480000,5
freepbx,2007,12,42004,34156,1861,3.,92689,7848,1.0999312399983300034737470879322794968290562596508104626292899899120436689958284485938905685480543754755872374193655292776915104809369600,3
WebGUI,2005,12,172948,146612,1594,5.,138789,26336,1.23419561959361015515633596017366885314462776441175253281950886160072368498501024747324355031165412729615013489967557896685061734400,4
chromiumos,2011,12,61481241,43422585,69716,825.,11445860,937053,1.08916835184051035043802435728384838479969617328386286591875633339010721895396376745597743928236581159443828926222677096546621552914305080205312,11
debian,1998,12,431998,130710,2042,9.5,280787,256208,11.423857762083526833961332681151728757029750000000000,2
hgsubversion,2010,12,3527,1408,247,3.,9204,2093,1.29433272394915883910500961580735640538805555262022374905199766201954631795784969727933161914956072576459994945556421265205703269179392000,2
commons-pool,2012,12,13093,11966,173,1.,12256,1127,1.1012669601942886285676141184082322094053308783397571750849193101833314462137999360000000,4
proj4,2003,12,16943,4215,72,1.,40112,12728,1.464796961731199317450543950112296619109485040931634053750739872871558205900159269142203543046076995164800000,4
spidermonkey,2005,12,134617,85655,1120,10.,432861,48962,1.12753875368345660286139990541261727600654671666013476062729744551514198128792162796699550932148084675465487745899012715561687245035326151147520,7
pygments,2010,12,18897,5525,192,2.,52980,7165,1.1563898286495272346052950127315319518365345654876574164515314849272080786955804188246787312810763511867939793567651840000,4
haddock,2010,12,12116,11111,383,4.,11030,1005,1.1214648294964249281124085807377758821196834669589346087659243458758749165202775216410847368741151384900492530164227571755026458370580480000,8
anaconda,2001,12,38506,26552,2013,5.5,69726,11954,1.2069168455246119822017238924389023375882928501159579522708234781477025161682571264699526923324694693968236906536349441073520874768565552000,2
dotproject,2003,12,117129,66180,6660,3.5,115809,50949,1.785522664111129401086232310233085783479268975422361721455377324458296360761501757558322553043182859344401687298149504252248320000000,2
j-wings,2006,12,3360,2451,123,0.,217880,909,1.0041894999794005367914736308721193966000000000,6
zimbra,2009,12,0,0,0,0.,1741452,0,1.000000000000,3
passwordsafe,2011,12,172225,124637,680,4.,283748,47588,1.2015074525694401334055127782722998927666943291123421370184766613253271046222921304993027469431860579932672000773443656484455463974783610880000,10
thebuggenie,2010,12,319675,588748,2232,2.,529238,-269073,0.3150204037726814996313242416951306467980665010795729053001988811721234955526063333220114044323604923359619916653571193866802002620825600,1
gitx,2010,12,0,0,0,0.,20026,0,1.000000000000,2
eclipse-jdt,2007,12,256574,122908,4424,17.,1761871,133666,1.082094085196669777026711826426082538037571455275186250771864758851170943897138277684632520128661233940431235184925221709378733316201754917376,6
itk,2002,12,174987,80901,4689,15.,358072,95254,1.362433318881566996145653334176196890815428262912955865613484230072669400400482836662195110162144009196833197360899551545301961799680,2
poky,2007,12,27620,18622,195,3.,63678,8998,1.174572686876186375812479182323163137863317521541836469544530864733647312032426314562870706777489515062868571506319087190832742400,2
torcs,2002,12,224140,131322,581,2.,196438,92818,1.895753715329269656947464748109544608338249000185206966998117817463857100424038930425269471548793566185418626290950862973713163000000,1
wmii,2010,12,23924,21162,269,1.,29664,2761,1.10262795971636846679448215123202948247925108298749705291777473166809988049414515609600000,5
ohcount,2011,12,1991,24,57,1.,36108,955,1.02716695587487721984652961322817371479052824918863216737377440000000,3
marauroa,2013,12,0,0,0,0,20619,0,1.000,10
Ace3,2007,12,12882,5301,254,8,10235,7581,3.856443104174595077898063505792,0
krumo,2011,12,0,0,0,0.,4339,0,1.000000000000,4
vtk,2013,12,48249,33275,763,22,3573430,4571,1.001280801511124601439094199652152181028,19
iptables,2008,12,10206,6252,199,4.,30527,3807,1.142926865896045994887290063587702613601388673614556778666367039737309059006930721781725071946905569507952620997607893201324128341136018954649600,8
m4,2007,12,25653,18488,749,2.,61039,7165,1.132995508028250241836524308377736385574499431289159790014835084308780929609422162331329042804826143185583355606916471845334357080000,7
themanaworld,2011,12,76228,84643,580,6.,156392,1470,1.0101030927801810598498770972599185569049047400399096463579505806711429877400423139372649926595859701262303204879807022347164684107492891520000,6
exim,2012,12,8542,2763,241,3.,105308,5207,1.05201746235482431779006917321039696696097595638064663077071948924270952248379251690496582788896574786001790493234169300160638545281536000,8
pnotepad,2012,12,68896,5760,33,0.,753880,63125,1.091692279978757311875862370158740783341666932762500000000,10
piwik,2007,12,98344,86280,465,2,254460,12064,1.05985255159424918267508717077099200,0
node_js,2009,12,85095,35569,1198,3.,47621,47114,93.927021700672360502720057504126165523804880639591565006433113790676150640113063386501189925183447756800,0
poppler,2009,12,11970,3608,540,7.5,133964,6149,1.048108594452478656481400621742597616540294025914572341111116519220096687045571916956088605474731553232239984197538560689505845496858812385280000000,4
scalacheck,2013,12,4,4,2,1,2624,0,1.000,6
camel,2009,12,392439,89903,3887,8.5,557608,302536,2.18608079283966501775223686938556905115957976648333338805541024171179764524836983929608307876070294849719622886363339381780035348800,2
nltk,2001,12,12146,5282,283,1,7487,6864,12.0176564998841641557968768002495663261703708566389574472611677978543459003715200000,0
reactos,2003,12,611449,259246,4031,13.5,1203273,352203,1.4138355247205603323054429040819246272065223265435943412806443250152526732294944734582742539918603212700822579751358387120483775130720000,7
stripes,2008,12,6803,2562,261,3.,30284,4241,1.16284606227927468623330177000411938425967072672763279346951013090933672979348583472224881380709177970195382157012342565253249099992214560000000,3
Kohana,2010,12,109367,55627,3772,8.,38564,19268,1.9985489220159431832866863217887131005418099338492466559031330934321195658133537612659532513789716224000,1
pam-face-authentication,2011,12,156,139,2,0.,229003,17,1.0000742403465700000000000,3
html5,2011,12,27046,24240,1125,1.,74156,2806,1.04084187237709236987203339233826947888382175329730664582064241173358036177442933879020980795456599424289437522106697433255008900210617600000,2
fillets,2005,12,33154,10058,187,2.,95725,23096,1.3179996970931977546532524938341688592099180370678607520275511093923792300474656762902547258469765022573766104935184943232431982493764157440,1
k3b,2013,12,0,6,1,0,105230,-6,0.9999429852902000,12
Tvalue,2006,12,58393,48335,137,1.,261179,10058,1.040052405013557071526044889320648051267744454665349414563521220736934396568054844272464934828038604208989101657574535442022400000,4
wxwidgets,1998,12,408678,172379,1490,9,418231,236299,2.298831431533368099863204558952432291512304954550877519468129535423326085120,0
drupal,2010,12,209982,88989,10313,3.,651661,120993,1.228001311559776005854922518491231599229046680898890680767658101322612419880477888636243530707679414635603613535400722504420914963320870010880,10
dibi,2008,12,7970,5575,150,1.,4980,2395,1.926499032782180867898937519363312243192389798876987500091445809473377882950405977084821303982703572635725648526065326338711620550656000,2
Coccinella,2004,12,74216,42900,397,1.,80470,31316,1.63709972743553556176359497062903559334572383327299698533178673180090681506379684219889379997132577155497254482392756902969894400000,1
stxxl,2012,12,12,6,6,0.,52749,6,1.00011375917183328271345659520000000000,7
tsung,2005,12,15496,10725,217,1.,18677,4771,1.343089313977558954208091325127227210408887337267917937036709843312119122874423896976095346334433730560000,4
sourcemage,2013,12,328,34,20,2,86751,84,1.0009692270414642260772558154881965700072,11
sed,2009,12,463,303,82,1.,24383,160,1.006614303431263729769061300929392481131693437333672659149318202127719637117713967508631093743693762758480056441131631745781680000,5
vtiger,2007,12,0,0,0,0.,153991,0,1.000000000000,1
openrc,2009,12,1968,1259,127,1.,13231,703,1.056114303966025818324787812159561618373193801672663545169733457209380393267030114993331520400554970176594427914103801539747811819520000,2
fwbuilder,2004,12,147495,60403,882,1.,207378,87092,1.724041035546034820029666770759735483377278289454340879265674488020400911746630563302677914845642802860511349265477244521950228762320000,4
erlang,2011,12,1918993,773525,5037,25.,2331457,337385,1.169193990987048606862785427670826544921616791491457594474961477094852179866219929238086205186553238038571217574411011017777945685836185562132480,2
powermock,2010,12,21952,15789,200,1.,30496,6163,1.25327744215301792392169793592620547160862457803659818464977458316629988062568527008758045716425228974338731530935199995364966400000,2
scintilla,2004,12,64603,21454,1212,1.,195225,43149,1.283733133441564390891191777721691181077416008299049742534796085003015750101506691125536466293460433101736254807248357322801017193039194821174400,4
mapserver,2013,12,8501,6956,108,5,230363,1070,1.0046665183849546737913567556136672030,13
apertium,2010,12,2481176,3234130,2998,13.,16307165,-752954,0.952645611685994143356779516901381491557294690140119502322267069328285973597091863215223165354035698173526724815083630643153796534492528640,5
acegisecurity,2006,12,71992,63716,1105,8.,115532,8276,1.077161184457778254429553694196385248117689780919342470534521553872549563199244228114896488007765774789428737655937509551110263215744000000,2
proftpd,2005,12,15921,4840,256,1.,229946,11081,1.05062938341087233327820469190954215525854132689944887555245873375829398990183759871775135280807901193363733459290440259283478154966730823576182784000,7
do4,2011,12,0,0,0,0.,521562,0,1.000000000000,7
moq,2012,12,0,0,0,0.,32619,0,1.000000000000,4
freeelks,2011,12,573,292,5,0.,46738,281,1.006048604085657314109168689151242853552000000000,7
quantaplus,2008,12,6956,6699,130,2.,140485,-1503,0.98916389696800439068931475408500654875809759136050134093181699547183166460257136326217208284602475102720000,8
psycopg,2006,12,7882,1274,220,1.,20874,3654,1.212195121950057762806654822416695614917299182218781349120953286072675645380063209394751628782329800095743285679619324800000,2
glob2,2013,12,0,0,0,0,94842,0,1.000,12
tor,2003,12,27854,21703,719,2.,15336,6151,1.66967882404316792712958879177337526836272360635463876138380333909446090972043286173793974567712309097825510367596242841968312320,1
slime,2008,12,13610,8083,534,3.,35806,5527,1.1825357508490652167596522842045074537663776942982938952536749082939737180967366448888842671299301281026299832542492836212391645984235593500,5
connectbot,2005,12,0,0,0,0.,2,0,1.000000000000,4
chrome,2013,12,963768,697499,10144,447,6824734,266269,1.0405992865695580922678162796067356,5
WebGUI,2011,12,81781,75682,911,4.5,811153,3228,1.004002003481415523466493013763495946307170062593597771548921112962208023979988224583144105763549276477904788000000,10
haddock,2002,12,3143,1982,83,1.,3792,1161,1.441277081020382287225091704292356330614850500000,0
geany-plugins,2013,12,25493,8614,127,5,114743,8807,1.083135100435021571463748187350559380,6
nunit,2008,12,238429,84239,1271,2.,345820,154190,1.8046234932579471117175486991305493274396334770587186298681370909152552136080233525832433717766042129254166321826707146401511809024000,8
auctex,2010,12,624,485,51,1.,33168,139,1.004208422901062367666425185787145272706302589116510773662529965534712083182332859512899491937502652818101838273740000000,19
cups,2004,12,4338,610,20,0.,159294,3728,1.023964105268745917784570000000000,4
jasig_uportal,2007,12,371290,325342,378,3.,274373,54478,1.2731890780904167326361859069945933145564347864140995762339825929871610550629514186826911537531792198524493686856652946649717085956061342083880,7
gobject-introspection,2012,12,42678,24124,421,7.,63369,8532,1.1555883801571185388665516195903209526526722403688889696834038467450019650097268658879612923370452743596264858378667179355457520756024320000,7
calligra,2004,12,406448,228693,5825,25.5,926422,177755,1.23742865654677018621382401791055886977550062705650412747128247738422731579229682486973154292166935697147362854496857791455702329089268940800,6
buildbot,2010,12,175982,158607,1555,13.5,47526,2008,1.0510499821470303008069414005252959136252608996848143442309273883187269104102834471899000999432031323999319561061388178102629171200000,5
displaytag,2004,12,26432,11159,688,1.5,33308,15273,1.8468533407276204751590927333586106648931446474931374911266814003577130871374812010198102744620064972026481186076789393555177495520000,1
amanda,1998,12,23499,12117,776,4.,52701,11382,1.27546649237217897342793090477796051408994696281120885110679010120855549282984756737283722399411046534158859560237387627888640,1
mrtg,2013,12,0,0,0,0,35963,0,1.000,7
grml,2011,12,108195,50464,1142,6.,144700,57253,1.72409824453723523272747887385065157563501464738238441445097021856287978290706776483355860964271339683434275114299582227033609640050190131200,6
dosbox,2011,12,2448,1083,118,2.,119155,1365,1.01158842007039205704584134495954873842032809425298934890831181305337232407935892740924405002588676197306030540459361210739477572713751787626920528766400000,9
bittorrent,2003,12,4655,2901,240,2.5,8312,1754,1.2674595913292636235838850782529674681235672118402675044985775426617702277017118383910231896003074259335848261197241696712160000,2
meld,2004,12,13258,8320,242,1.,25064,4938,1.245354268083288379014241297297373832792614879240517671216297468618336174422024804523647568259844933293793395850737143404720128000,2
aptosid,2006,12,43860,29042,288,1.,15708,14818,17.6494382004972612074389215354433150082740362002642969907969179068587126982500000,1
paperclip,2011,12,11400,4844,253,8.,7212,2518,1.536429484509356837047250918908664728374369108023512729387200940487371951057424665038854790041596105472002359031358402533996363776000,4
hedgewars,2008,12,9884,6400,831,1.,18488,3484,1.2322047454104127555203696431792911749203501283520604757782567851020424283952139914415138367148431756506867907101249120393805885423616000,3
concordion,2009,12,69453,27464,132,1.,48489,41989,7.4598461535493539013671494124286138689685131083122684299861410470754759329623967992000000,1
enigmail,2012,12,10713,22883,235,1.,42329,-12170,0.71301230957562969445389301746701471329678989466326021188394178718652004889649907569314946351779292555570128558553588565428291616426450051891200,11
catalyst,2006,12,291920,51552,1154,8.,247715,240368,33.71648292372656662057725712869573926311864103840322603210920852698023449340563759361046054360823542730671596317560514923466987520000,1
docutils,2012,12,12532,10544,139,2.5,54557,1988,1.0378169643702164297180589051712732555088044833687133065241777420356369233781663679675637450700498392316193875597188115144657923248602163288666214400,10
smplayer,2012,12,517295,422700,638,4.5,446580,94595,1.27525832298307959560763275990245403808577078888160392870463294832450090722525361168418121024756698526651066519503818721436896266888397107363840,5
fusion,2011,12,119889,122225,218,2.5,139514,-2336,0.98027959751944618160733580067246742910455895931199289321148380145128828056688285348061879789586853283875122269400468589135676083969028455219200,5
clutter,2013,12,627,301,53,6,155594,326,1.002099595538026413856061525890296228456,8
rpm,2012,12,8517,7516,624,2.5,61495,1001,1.0165470955859431705844308097602787465604172810630015987742960525925475768518110729446692233378703856342452294849416830488121907366719614503839633920,17
notepad-plus,2013,12,7048,1386,59,1,257502,5662,1.022482528586646615115087036529259744,4
tuxracer,2003,12,0,0,0,0.,27025,0,1.000000000000,3
cocoon,2000,12,44817,20675,882,3.,34739,24142,3.278191941138257342297668198882241887499334522537908326984315898188352156310741177967531464036014061033032762477752243740508028390400,1
tiopf,2011,12,9711,3848,168,1.,461359,5863,1.0128716827372028609292763552150974430703051590750726260969935067761877357387989636100908020625688643066727086924545019689902899422381250207879680,5
mldonkey,2013,12,0,0,0,0,225943,0,1.000,11
dbunit,2012,12,330,119,35,0.,50335,211,1.00420956029007197582297430000000000,10
libreoffice,2011,12,20457319,9439763,25181,68.5,13514309,11701674,8.29283005462665806966751258790485097888829918467806187053241164410360811353621854721969473187336332771264469610836715618038722279417527926784000,11
uwsgi,2009,12,6834,1431,141,2.5,6914,5402,4.5727513227685815829536507374817417991238656129769579153850081001312665600,0
wodim,2012,12,0,0,0,0.,118162,0,1.000000000000,6
sitracker,2006,12,52847,3496,1042,3,72587,49351,3.12390256506528691768786790721310979269628564361439761236402165483959804314001264011258624000,0
enigmail,2010,12,4462,3986,179,1.,42733,476,1.0112644058953153550748016446469536334962668823749132203453506821827462498869902657149387712337768552009823970364684804731228414515276800000,9
scilab,2008,12,1953788,1767215,8980,14.,2164841,166573,1.115499077144981948112868192363980595561933888713741351574019652159052748961559940080682439905059154401072102535802982005898040428560000000,7
gnus,2001,12,18872,7989,840,5.,86450,10883,1.14401789140876794312426818015417243479927552719881219836083568514937721318626808206216537427233009161613027159029686226641894592640000000,4
jmeter,2006,12,148997,143433,809,1.5,135476,5564,1.0428289919371995849634936134461806121202601314635353934484929669458423359100085405967130158246117860833100638940063852722952398497600000,8
mkgmap,2008,12,15115,7677,177,1.,16600,7438,1.81183147801838750674043988426879105941772210737226901996107420044007436409747689043365714200441622562500608000,2
caucho_resin,2010,12,513727,422063,1463,5.,1174990,91664,1.084749225906275211293562494014600647371274185281705061999876885503376815003185727559953607690353147790180006793331411009925086355597087539200,5
xom,2009,12,5159,8519,54,1.,113089,-3360,0.971146166991780009834150468144043162469974596585476573893433347752824792067278483555057031363946903785712423821097011149997640160000,6
memcached,2005,12,195,27,27,0.,6870,168,1.02506714413294860059654305010119438754521020766800000000,2
bibdesk,2012,12,90217,189377,276,2.,532417,-99160,0.81603070853764701586776950079031576875096372499575619181031843923055588424039613350563631989094153497693704230698001690218356839282152135284848519680000,10
sdl_mixer,2003,12,8230,3829,35,1.,35744,4401,1.14041412760553417955611084388562942330322040456707752710242979946901958134902583197464392743167293409151782032064000,4
yard,2007,12,25174,20667,23,0.,13745,4507,1.4878761637080951971200000000,0
Jitsi,2009,12,152784,83232,1428,7.,253959,69552,1.377165725831201747442357081135719020674641001631374911669026931768167648016031593068202135042899138476468423320072262314529296932915046400,4
liferea,2004,12,87760,85381,2359,3.,56773,2379,1.0462822458286218581608674490551309712808912670773196445706804475893957684235186860813491199800440485954326628621082621659961000000,1
gnuplot,2008,12,8463,6640,331,2.,142277,1823,1.012979338434402739121645102836331880270999543496845603963059452107772454574644927887118462318058713142966169739983551518102795887110717893583535200,10
Nexus,2013,12,2473210,2485457,859,7,438950,3778,1.0086816247410919197772150687912640,5
jython,2006,12,244228,180817,492,3.5,277146,48461,1.21191158143513619449116414467852083027578848968994390144600011020814197826750292555816112823689953427902899510160257135013344800,8
jpox,2008,12,111205,101197,1196,1.,1108397,10008,1.00911152606296090491192337701927665793011138780651035809572292405949759155957971509913088000000,5
rmagick,2006,12,12115,4741,537,1.,51309,7374,1.1678388528403908547791279144025690313306008408148907590880394696550733370878274646775373965476145150221907203792194827917397896126100480000,3
thin,2012,12,324,144,45,1.5,12875,99,1.00774890419447179138896039418276426177422880282292532959326460983629768009600000000,5
zc-buildout,2009,12,896,301,85,2.,3823,549,1.1676847892539712178839630381026858256114223312030665955741460557110751175114132467241847675474251917729792000,3
PeerGuardian,2013,12,0,0,0,0,115940,0,1.000,8
xfce-terminal,2007,12,2338,2538,33,1.,14133,-200,0.984650805833476330274249481505398267029269427468210267575228637955907501546145535000000000,3
haddock,2005,12,1265,760,39,1.,6562,505,1.08337460788428694014582031428883338863390730283131234046316285720055360000000,3
freecad,2013,12,71136,76546,133,5,2040089,-310,0.999848034522994318295906056849605918199,2
webdriver,2012,12,524317,446150,2879,14.,685877,78167,1.1286254957103050366437691999046749756337167434997918001164192324658187292213049947884192257773939368458233816458134302843038524565760674176,2
bitten,2012,12,235,6,4,0.,15688,229,1.0148133773200000000000,7
swank-clojure,2012,12,9966,734,80,3.,21363,9177,1.7530773017852111728350540331863120,4
opensuse-linux,2006,12,313144,295509,4136,23.,518358,17635,1.035219073217604780916751869042744728438279666624478460254522203089979027158358867662702266265692153438502132303810211527575098753024000,6
vpnc,2013,12,55,9,10,0,9031,46,1.00511964385100,9
synfig,2011,12,1174208,992205,653,3.,1865085,142865,1.08874296994884473154335021718327109311248465049589272623326052031711851793163376221583012033364000000,6
busybox,2000,12,76720,55344,948,3.5,55683,21376,1.62697248769389048688603404869916814946910127320380685705115046688684009991400586825368898577983417168689225926504766091113576509440000,1
automake,1996,12,13156,5958,787,2.,17084,7198,1.7507300792677078487680189832229379488438071785196262360873925182904413459137312373806675961258544502179310473201900152757778694000,4
joomla-platform,2009,12,21072,11743,634,5,50612,9329,1.225976794265443314864049094840593105933706204953136557211796781047580261640250,0
freeradius,2013,12,51057,124501,827,4,336073,-73463,0.79080085318380423930970410747654,14
gnome-commander,2010,12,172096,51329,431,3.5,222022,122726,2.2576704721764804615011256693029337112968002896596192447391951455968463133250895112980393474247459154693304051012741929457425488314175110785095680,9
mesa,2011,12,680156,771642,7633,41.,1071791,-141422,0.8656177486246613540251718521423770263113412112133133393166697656436433419514538404908840753620216630809575996673315631632637226534219776000,12
console,2012,12,0,0,0,0.,26872,0,1.000000000000,7
jain-sip,2010,12,18558,7772,214,3.,114252,10786,1.10424680571250485743475936444921830685078012323344540624290271786917123192727606551977033368606007819934575422767307460291152545346077327360,7
qtparted,2008,12,16383,2265,7,0.,23693,14118,2.47446475200000000000,5
friendica,2010,12,49681,9372,1232,1,97390,35486,1.57324243991782146401216826765823387450374597931956672,0
glob2,2011,12,106,175,4,0.,94907,-69,0.9992729648283972107300324460000000000,10
com,2005,12,20831,12525,84,1.,18380,8306,1.8244987095759892764752020261800856385536587962217063988410501205709632077257062164178452682996855910013192397120000,1
Test-More,2003,12,190,18,20,0.,5602,172,1.0316758747707553677784850000000000,2
xchat,2007,12,2177,895,107,1.,59123,1282,1.0221642087792508467570895948049261509125843639024261604107034233517279748476708708429229179141153058038723967777646446850288345415680000000,5
coldbox,2011,12,0,0,0,0.,378108,0,1.0000000000,5
mule,2006,12,1425788,1417136,10536,6.5,649388,8652,1.015116782991014028563303194435428159724417767073208249535410438584969881841843054206421329890520501979983975632662210386333620649984,1
watin,2010,12,15483,2170,113,1.,922511,13313,1.01464257510153192006230066174287355441027899055274312817720460378034594998868222095593544661458719948800000,4
elmah,2007,12,13104,3098,370,1.,15616,10006,2.783600713106775162959244203460221919231456379186081722634464429958746759154638184653408,0
mangos,2012,12,517138,144556,1557,10.,3560021,235054,1.0706936339460183960991478831877528010361860606920606145881172978554388969745650986096985715664470420665457432745701892988504175172352672427645457738360000000,7
powertop,2012,12,67040,58397,252,5.,20785,8618,1.7283022056905673240734107401668859315041870922408891058593559182521241625349176013730423908161764733946475880127791720835992275331982400000,2
hibernate-tools,2006,12,12573,4165,214,1.,24209,8408,1.53211822037832180767875829227739213016451898809802126068354093682600490371836925461645283092477888832078820000000,3
bittorrent,2006,12,0,0,0,0.,8633,0,1.000000000000,5
xmpp4r,2006,12,32290,13730,238,2,37950,18560,1.957194430102195618665545964676970737149511276285185136643476972301789726600270216916166814063977235025025970199420000,0
boost,2010,12,4387687,3135318,8406,44.5,16560602,1252369,1.08181016058437955260123241843704985905610937282491442446753193407161397935041601819633110024879463868883436482907968955262546605595185756160,8
uzbl,2012,12,13910,4996,342,2.5,20295,4045,1.24892307692633620545455068732207521942608029003551883812001743841575711969748516051136204382374420600051416965593466000000,2
cobbler,2009,12,66657,52215,1179,7.,26729,5640,1.26743800081079263222678308503931445672905844140162006209052810353118642958840947223700491176926286632294360235483601326700582649856000,3
mondrian,2008,12,122558,40802,812,5.,705750,81756,1.13102049058512974593917451747249098451545826339165113039688963247898715565705001212593819338270227643538957467288596536822590435470040034275840,6
ipcop,2011,12,13618,5594,648,4.,250034,8024,1.033155654729885112122422535414953190409580437677964001928934215050025198558152083153532985192046376435207828681782188704886703030174828838691492864000,10
gEDA,2003,12,70682,81974,285,2.,106900,-11292,0.827310403888417101928842253411337313802022841797573824205713687734696579739546562853672069640970098934560578202228648415655784320000,4
maemo,2012,12,0,0,0,0.,1312237,0,1.000000000000,7
fife,2009,12,41656,22927,251,4.5,251685,18727,1.0803878810745367540148264535272986866663605731077911303872447165548464466287120857391727971337666816815498499092843647131650978034473069177060720640000,5
layman,2012,12,675,288,36,1.,40352,387,1.0096834730397727425915650267403611741722353678724629306737822400000000,5
mysql-python,2003,12,556,302,54,0.,13978,254,1.018507723695183680353558781743729647684379721061755761712643600000000,4
xvid,2007,12,2340,212,15,1.,66389,2128,1.03317845894449169718136400158709566862366305396655521983722037149777685602828402590601380200000,5
otrs,2004,12,56433,28335,1157,2.,69694,28098,1.67549764396631792703761048059182123499538503514064204984100637648305871070572033573961523156648130113914303089633806930246850266521600,2
simplesamlphp,2010,12,12268,19460,977,2.,55501,-7192,0.8852822484084516868802683662584302043212022397332236571597364723917845923640765289280803150238279738368149147098400634524905441232557669120000,3
OpenNMS,2009,12,1345058,430554,7056,10.,1438576,325787,1.2927661937653687651786206834305707816634816294403931577679673682583482631006251460404452753321636817825928714895138564455204804365080934400,7
flashdevelop,2011,12,121108,174070,523,3.,754771,-52962,0.928562179309035337266663498757051865152320803317496776355262813538411981756845512788732559823784147164187294536380620601653879779431494972459671244800,3
rpm,2001,12,401539,67730,689,1.5,400565,333809,6.000434417455018007780153794053780772115741210608636254401257200956613475268644400981869296742058844863338469409108178479771969024000,6
pymvpa,2011,12,250747,222397,914,2.,101373,4105,1.042202985569249569358957815396992631341782853749188364665185705517919589521539659425882617275364403563474820109819812200297404690048000,4
monit,2011,12,0,0,0,0.,26658,0,1.000000000000,9
camping,2007,12,1147,756,58,1.,4283,391,1.1004624871489093466255558862705453552380277630738755103788376768960000000,1
cups,2000,12,87677,7897,311,2,115671,79780,3.22284138083111135726491140283899108637507783930196221000,0
symfony,2007,12,549466,379323,5710,2.,579651,170143,1.41548150462677943693534791517619586935529803099956915364841291115538897297207180672787843991982060629120872528188873599871802083424455000000,2
mp3gain,2006,12,831,130,23,0.5,24264,701,1.0297500318346729926957967910322770173907258327823000000000,4
camstudio,2013,12,0,0,0,0,420744,0,1.000,5
ldc,2010,12,264245,237767,447,2.,428677,12875,1.0309642570313926551993923372371680212112163594430823586224112512212504969331564154225802492769314497595458560000,3
blackbox,2005,12,5780,3793,354,2.,31289,1987,1.0678110709145063462438166393917182384885280161860374489595573613706069108225673697688047388344547312853679734072768233789000286003840000,4
fontconfig,2013,12,1495,638,108,2,30140,857,1.02926612710356687935387792815444200,11
django-rosetta,2008,12,329,145,63,1,1164,184,1.18775510203706568235799918951116207186399319335625651152564205257800000000,0
ddd,1995,12,57692,4588,362,1.,53379,53104,194.105454594558884601623485889069991291634919853643293607935620326516445124400161588696283131072000,0
fltk,2009,12,29894,9657,589,4.,948578,20237,1.0217991018388842441642130004753222490732296001237311043900168594031456788886761296620711236355733746196034257894168297922203451759007882752000,11
emforge,2013,12,0,0,0,0,85932,0,1.000,7
wireshark,2000,12,103913,61628,1437,6.5,136902,42285,1.4469070040235608147502622000034102092125230618448616708335640004373324316470576161612868556319382537173118782571195574765060782570240,2
grml,2005,12,2211,96,29,0.,3335,2115,2.7336065568792183171000000000,0
gd-star-rating,2013,12,0,0,0,0,30158,0,1.000,5
pandoc,2006,12,3376,2481,159,2.,11711,895,1.0827477810690194932239,0
ree,2011,12,0,0,0,0.,379955,0,1.000000000000,13
winmerge,2008,12,220473,90119,1245,5.,456273,130354,1.39995827183678082476843944099039718262629761421579854511683313153801785910559531989530392090515395893803469679400271082501823760479400000000,8
gcc,1990,12,434,0,5,0.,465,434,15.000000005403085005368588681790000000000,2
hobo,2013,12,145,76,24,1,19927,69,1.00347467015783931973850830,6
auctex,2005,12,20712,20523,706,4.,28745,189,1.0066271608318368693346109392046851376454854977611232790108521966357865564281232349606806988374247243565668912955826509956062668190680013760,14
libgdiplus,2011,12,200,20,7,0.,173466,180,1.00103874519582620074019984527153086412304000000000,7
plasma-addons,2012,12,23184,15181,692,8.5,121757,5833,1.05031744935737151524155068244281504464284506962245369190201582010804030258502885217987671541516006519379939018034719599142733971332040423936000,5
pf,2004,12,10060,7325,286,10.,51196,2735,1.0588007653766563589247924532544164841219098250869096597697423774219984406035200194345073872377606834695341786041105162158370698936155936000,9
xwiki,2012,12,702062,564999,4595,12.,659348,101116,1.181878683978959974292941420939164470498838719554194662210920356606901912437792333347220967098377973168579544529484357555463443910348800000,6
rockbox,2013,12,4485,2653,151,12,1048915,1832,1.001749622523166575038948562665631535200,11
subversive,2010,12,20918,7418,175,1.,124729,13500,1.121546065960278515336998970278881654813221580573010679322746339071093784347977595223103675128035322695708241404873555069440725721219795456000000,3
dbmail,2006,12,18935,15894,443,2.,31935,3041,1.105246764043900476494375846336194779589038791779030664286156502464409392188989102894490648197333546830454663743132285449822406803141871792,5
lwjgl,2004,12,104711,91574,1025,4.,54414,13137,1.36486599084773532055624042531292289912769472839448547921191329290366479476317735000641583996261746846656952932039887662982465120000,2
func,2007,12,7186,5519,109,2,4045,1249,1.44670958512378531103441428914645,0
subclipse,2010,12,14563,8392,246,2.,112614,6171,1.05797469067511699329661202085719477173216258685710250820332452431115190507900468070659842781509149355140826698438744088983917092255195755225820160,7
linux-24,2007,12,50811,4278,187,3.,7243622,29735,1.0041219109752551124701319452439655171908366352996723980911760087612844266405327559493529898408746120477383168442984275788118775443039949738710312033035773542400,2
swftools,2004,12,88052,61460,830,1.,156484,26592,1.2166089683765721398755728148370451153883540401273673576882455609664206656504990130804432160200829583490883779162060480961915893121344000000,3
kompozer,2011,12,0,0,0,0.,3971865,0,1.000000000000,4
awesome,2011,12,1424,971,124,4.,19201,453,1.0241625773401207466381059726079004773848868707000846503135351520869620513630341922520004141923649550007935107413700040005741825197284736000,4
linuxdcpp,2008,12,24489,24132,95,1.,42901,669,1.016018964159264075642176268273805533322130375794369372356344511886849416266150441218509710674467979057642229760000,3
cpan-mini,2013,12,11,1,1,0,904,10,1.0111856823300,8
gource,2011,12,3193,1713,139,1.,12694,1105,1.095349037879498278191927910163397713865328814823169513217058097004407833743046672866713321844554812254822400000,2
gnome,1999,12,501677,242379,4513,41.5,605267,259298,1.74948333517667334312714793430597868715425653445154214411039470625961243014010596572212579887748436860329230765861878943223948752416000,2
ctags,2004,12,729,260,43,1.,24805,469,1.0192718606165108286287725723794050848758347008309679804751284886047368911375312513648990229212333600000,3
dunit,2007,12,22868,22846,10,0.,37732,22,1.000583399628700000000000,7
cargo,2012,12,18964,7435,429,2.,79572,11529,1.16943697367885766880798555962068539751280772832750630482044764439819228362786367762284367603567396077510782109832964349892720855454386462720,5
rails,2005,12,88516,47995,2403,4.5,62479,40521,2.84538664733570446897298013086577947383792834023618596740959339237342395977304159370329177670872930610597146465092088143580160000,1
musicbrainz-server,2001,12,44045,17353,592,1.,48344,26692,2.2327729539464828287489855450841695473143354810054536165380568089049524571556805463911049372170104191630372023109671026538298560000,1
gnome-terminator,2009,12,9102,3169,419,2.,4321,921,1.270882352941719531466820018021709423265441917453883695976607497172379941980488706021836884538847511028836913646440568987237213218226176000,3
flot,2011,12,10800,5004,120,1.,25352,5772,1.2947906026505184948190256272043833628402986847612337939386271601746997248000000,3
wmii,2007,12,37678,24318,618,1.,16281,11588,3.46920946063506532427009053710871485670021268120119968765198995478977384162687659436884993253769357120532205428744036582274611200,2
sqlite-ruby,2013,12,0,0,0,0,6473,0,1.000,9
lm-sensors,2002,12,18690,3379,328,3.,52917,15311,1.4071424772582880577415945034222122489945032941520869102773387634126070173715978403473596856159558630139959373038638088653787906467200000,4
apache-james,2007,12,644611,269510,483,2.5,2709037,375101,1.160716060759016379081164187286032281658434857579619534714489729307168287602774871775428054642917003559811926335218284007801768992663704455611953920,8
fbreader,2011,12,0,0,0,0.,414715,0,1.000000000000,6
diffutils,2007,12,430,416,17,0.,11791,14,1.001207833664661173266622366059246404606558197772471786529920000000,15
freeciv,2010,12,76956,51177,1250,5.,294938,25779,1.0957761026013860832032834791137452676703605826648959812347170919413606945241296211943537711012919749420519979050156706120831918034306888089600,12
openbravo,2009,12,4793115,4813222,4971,23.5,8300238,253842,1.0316719103349802656736897054448058944588347111636567214102706814307833515774832536979326491939679841201710359426278310976362494359717076992000,2
perl-xml-simple,2004,12,634,124,12,0.,4070,510,1.14325842696692174842140699051837533711425658400000000,2
nmap,2005,12,80250,84171,188,1.,164302,-3921,0.97588694353976529679927728297041038071677565426234214984729890460583460107698320877116742617600,0
pkgsrc,2011,12,121369,55865,9391,49.,851175,65504,1.083373320378168799580080936486996024359863017557302339618947382336713208275155312851275428281469614963088052147662734593228880840594065308211200,14
greenshot,2011,12,54520,43285,30,1.,50363,11235,1.28713453286054433413258106765102386215352053340483246903828618847029952000000,1
kpdf,2005,12,11344,2593,48,1,73177,8751,1.13583025483715613531048779737895884826677095896759968064671680,0
cups,2010,12,31088,18637,418,1.,555820,12451,1.02291444672142855472769731519315142255575082984420324010651173770402538599655197668343890089047562583955065813949190793847733763118120116465430522880,10
oro,2012,12,0,0,0,0.,33762,0,1.000000000000,12
anjuta,2013,12,3852,1881,148,5,373081,1971,1.005311093746148287207009981408909386960,12
ruby,2003,12,162649,42349,2161,16.5,255676,120300,1.88863609504209394111133146625024901237771494911989270670440387966987968565771813525307829752461501679906703731535841450216290304000,5
pld-linux,2004,12,739188,545922,2761,35.,2225577,193265,1.110494536830609130702759603212195874832592268638576714173331022607797662953981918779431599377930890803609549906592307287885880582596096,5
emacs,1992,12,77604,25715,1288,6.,171619,51889,1.4362069690383206806291424821348228053450978187896821038269961871154809346026060645522826451674068591382546515296410216457308939287145000,7
htDig,2008,12,0,0,0,0.,254563,0,1.000000000000,11
nano,2003,12,14818,17891,201,1.,12961,-3073,0.807769298176692977716540337097748634501457344101561893957590592973646647473181162239685365405129092274369176052414098618261145600,3
watin,2011,12,35547,30570,46,0.5,927488,4977,1.00539505762045774468442210419951702684155672759636761222309272456850490667776360000000,5
hoogle,2006,12,2988,2512,169,1.,4062,476,1.1327384272144286238579475801919609264331996198988077017478096980498015622690502238171484314086816080000,1
neooffice,2011,12,177664,16096,546,1.,544066,161568,1.4224022085988927897638923287313569077029087775481805285861680020406828194025480771664163179644397573685604271616280129475884988963040213787119452160,8
activemq,2007,12,143109,51175,612,4.,502330,91934,1.22401290460327504645130956012005563024759402263221966480664470989673433806524818018533016795566732040562987334457958400,0
dtc,2011,12,5457,5498,391,2.,66193,-41,0.99935666091900363164763374920116571086679998928130367462047697211047913168519939893971963507565232408896564962317435387994826432583039736882810880,8
rpm,1996,12,20715,7647,961,2.,17691,13068,3.82673588582094682021389154070549460979127768833510547322543972591138588800766180895738113619016566118859931579181664485589480000,1
nantcontrib,2003,12,23882,16118,177,2.5,38275,7764,1.2599002443415515814581947943175202929388110365561431787931395037011361311942523805643164859173837492727873930393544708802765413005841175880000,1
llvm,2005,12,127170,88789,4383,9.,298734,38381,1.147419081015885641111863337932512842954632871456602604294779724236496389120859093764515498940126913174930843104490748609835696255229952,4
songbird,2009,12,230869,404737,3483,13.,620685,-173868,0.679840608955735113099077892871205599848683569292376890152098742943837402457774646557283930874825413278600759849705109422014976000000,3
xwiki,2009,12,423276,336976,6191,10.,219469,63175,1.404206175530379408378780734028620464108980370461810789143007866753642661685329380084523708153265352695963976799122165198246180290560000,3
google-collections,2009,12,112299,45344,83,1.,131302,66955,2.041145096292312048819475688042916607560108015871093965075373044551533118516906140331180172714240000000,2
freetype,2006,12,20699,12385,438,5.5,243493,8314,1.0353517958659608657794611124327376416388018845743696174567362772666101374773996277601475437346865743433967685399291977944700491674780045810029120000,9
jts-topo-suite,2010,12,11709,5781,326,1.,156075,5928,1.03948130831816490966544072297750917003378543349654463825051148663541958343523330307983720149875712641180097662848958009040,0
plexus,2006,12,316380,477365,3105,8.,389230,-160985,0.528305756716421912344113290430572253659697101035707828840289052900445781008102312590275159838257807238057041482395481662128374374400000,3
knowledgetree,2008,12,1520612,900778,5953,5.,2523528,619834,1.4178541622482398040425163514051203625190672869913379449539163789307921156789908529511448162022024121855861062403001819420992671950028800000,5
jaws,2007,12,194169,259529,3429,4.,179622,-65360,0.6137503914833052221053457002435906242816181824051096391126584692919388662549923781398947545081697357501670473796076515699428032860160,2
grails,2011,12,791245,756198,3631,10.,306557,22163,1.077930617375674981248321033343903347730092809232812007088584957317791969281466277057753219771818576768681635725449514157228291649214054400,6
mixxx,2002,12,991446,980850,3984,3.,556998,10596,1.019810199150525286312459703336816866264373818647120323746097159144870847955861739993516353876459993717121700672000,0
wcv,2007,12,4315,1185,353,2,5779,3130,2.18157795381721573130643055903516985522868354906347712,0
warmux,2011,12,349617,10128,911,2.,422475,339489,5.0909189495713380450287327099829803798550987586371497126565215353638542894901180024404914178010854049082385994499584000,6
pulse,2012,12,48429,28017,507,4.,306987,20412,1.071227427371551132289220180922303639305090431361322036217718243177256525388068589338566421913084223940580693435452250553128394284672692224000,4
vanillaforums,2008,12,9887,8727,255,1.,27440,1160,1.044140030435418276432385518363794383604449472768621094591447676240745086728642286558186472666477594735323518350400000,2
bioperl,2000,12,35195,16001,542,7.5,56414,19194,1.51569048887748452466080212632776802606008545707370081384934377736692119461623811896289136052487571556717272309740157883568809323429840,1
macfuse,2007,12,50088,21198,246,2,38261,28890,4.082915377049643151175610171889333077831436589717162765501069587772161755086606632736413265835995012994373783200980459520,0
pld-linux,1999,12,110649,17520,764,9,93480,93129,266.32478631864630049300857510975006141089902619577922669138038396345472252255971396245759278328286606082691638917120,0
jforum,2005,12,60513,34731,912,3.,49014,25782,2.1097623966600069277443296394648634621032834318920815112581408248185959948638748112075674410490063192797610813836650802047760316438080,2
pygame,2001,12,52482,23076,1047,1.,69849,29406,1.7270973963439228466983382746657316034331248708946422957482863048319867159426365317626886136724759922756185139671750515200,1
coderepos,2010,12,632309,1480705,2931,19.,13340846,-848396,0.93549860067648174264816915172211756456837786568518678975372542992222324381030723243350857261214527052210827251592350937684038621616528049654439346176,3
courier,2006,12,2871,1020,86,1.,187272,1851,1.00998268804504355706862845788055951144359888631924787031217896583115365446603852813203567833611206000989918244257614628198495246193669120435200,8
lunar-linux,2009,12,3436,3379,190,6.,18848,61,1.0032469260646028688460625242839733644380229867000260374567427233714851312284373820176757172468074867505991620835647721681335000189515161600,7
geos,2013,12,617,130,29,1,143088,487,1.003415123315828626867018817564339583000,11
expat,2007,12,172,175,19,0.,24326,-3,0.99987653304778374189523420125547904007338681774526000000000,10
mongodb,2013,12,24195,13459,742,28,480807,9809,1.02082599076405956260684714034548425,6
GeSHi,2010,12,6526,506,249,1.,73940,6020,1.088633686686258067872753425691278245286721004180569833550410065213780749668026659372227846043989779890835673700226932072000,5
dcmtk,2013,12,7111,5242,52,2,467856,1869,1.0040108415043687860650369484298124559,18
alsa,2003,12,32477,9544,566,2.,92226,22933,1.33095695092860004396899575131771937165460508835326241157568767829884680395939687018820769069676009849169277077839009180776584567373888000,5
xchm,2007,12,11600,10323,54,1.,21746,1277,1.06461569599736431142044781757408545430056874234061331300418693002275343787373615104000000,4
eclipsetrader,2012,12,115,20,3,0.,335912,95,1.0002828921704274181467761370000000000,8
nagiosplug,2006,12,29157,5269,289,3.,66225,23888,1.56423459382915144010592064327611502516023378589691437786599454326800329038962397386266942757725792179030968807260690049589581265563811840000,4
solrnet,2010,12,445762,427761,484,2.,198517,8898,1.048265574574893875241899318080419811351166151870803819966957164917696566671577135632000011940216134704648653916160714954966282240000,3
gtk,2003,12,64992,22428,977,12.5,361171,42564,1.133594051604025068762450351048786424408218102786214634977587194807263320960699434752788004151636506619284247901583239604232694665847747379200,6
go,1980,12,0,0,0,0.,3,0,1.000000000000,8
pygame,2013,12,175,40867,26,3,449589,-20288,0.9568227429721518099846010,13
make,2010,12,840,335,50,0.,31872,505,1.016099722637793033854450804522545980000000000,21
gnulib,1994,12,3767,1371,142,2.,13331,2396,1.219112940107919748335914586320718846786873876814304688530591902225494795458023480191762935555607091590364488834846451420652640000,2
xmonad,2010,12,132,70,18,1.,2064,62,1.03096903096997295126521492950978064708248804571104332445565635915074000000000000,3
bioperl,2003,12,107516,51206,2181,15.,334151,56310,1.2026698723493963118761841832601999540059149539562711111862521480625948907317681203678791061563498048771922081299469623131013738739302400,4
vpnc,2008,12,850,628,83,1.,7901,222,1.0290537887678391832909637933041058438858952579816230853242466128541137337721578261028500000,4
snehasrinivas,2007,12,8932,7969,74,1.,48935,963,1.020558912063869757797147785083225900923008696656447515082579863300491259544852763949552564600508095774139816507137551690401600,4
swt,2012,12,0,0,0,0.,595846,0,1.000000000000,11
galeon,2005,12,6359,3383,187,2.,116858,2976,1.0261323123926757380964131306911342240035304424226039978033388228194307373337779664751387841500767372412807026477185310616096226712031275309824100000000,8
nedit,2006,12,1739,924,77,1.5,112777,815,1.0072810763485547379738664173535883588341179113654093736899644294311671082229735807986408231039945544645425354240000000,6
xfs,2006,12,14968,15883,626,5.,93757,-915,0.99006169352744528006307049175911700471906749988075536841386674134448633117054035350222682088850703342030445334364392628219502766362785794460306726400,13
tuxracer,2001,12,0,0,0,0.,27025,0,1.000000000000,1
vim,2007,12,69159,31522,1001,2.,1637544,37637,1.023524492360779547749669005317614728306136200352220969103426187039699870515073977226346709285473826654240735009973477158014718935487792134607087149625323520,7
ecls,2011,12,303982,12897,603,1.,855037,291085,1.516152083798563473479483150508619068813800212672063897076658767589683658995738990387981118556978423691762722392020084333337119711404296558108977049600000,10
jack,2007,12,19790,7381,425,2.,79687,12409,1.18444365172241384832106240334183643120536431214083559523475277035857609396970103670358398860628112557321960880484498922245747704856519774208000,6
coppermine,2010,12,2894248,1008289,2348,5.,2613354,1885959,3.59275771759468526476364368519681229372270487232444001893431093520527035827966593264394537883360195024486792883725460119784659712000,7
fltk,2002,12,218536,125514,2020,3.,416762,93022,1.2873355161524960431015655850036167093813872390728572891608386645589939281474895953132318829205935913538304097956084513057839449324921290752,4
celery,2009,12,210400,96633,2383,4.,26881,24635,11.968388244294396242709119788642548205119209052585600000,0
otrs,2007,12,119374,84442,941,4.5,161821,34932,1.27529573090599024176953173223308584207947561488064487553357825764418454873994217018424751915876960826899467192508012658088607044839833600,5
fengoffice,2010,12,0,0,0,0.,293241,0,1.000000000000,3
web2py,2012,12,272568,211319,5465,3.,208091,36371,1.21180409967453043327833739957963582851265140130062351297426799265557979245618066531801426646423796126760707292459701859386779040000000,2
rubinius,2012,12,974189,360367,2621,15.5,1663178,117900,1.0762969511127282822066730771611796348463013426460385593691791921923911407664893545831488052533282494088308955921062429439622744823620960000,6
scipy,2004,12,45014,106192,320,2.,297230,-61178,0.7941236846635524084687545525486931650879949622558921480777030902136167310006462198897549704813201369592008707985182678858028012104291292684575991398400,3
gzip,2011,12,427,848,39,1.,8923,-421,0.952504512637962789403881510267950740226514067253426831839696222331813582786724969873536542403599581174664181760000,18
bochs,2002,12,310425,192800,1867,5.,225507,117625,2.090311636787410900661951830572249417019998520370025495055095157819559000005865116316992102293632088930012086146895508842993697648480000,1
com,2011,12,1308,482,4,0.,33027,826,1.0256513772900000000000,7
processing,2011,12,282788,261961,1498,7.,546038,20827,1.041616295627457773338273981942068936970452186963003690427450165546309737693354282297236993434246532403512184744759669928117549416088066123440,10
linux-pam,2009,12,3744,1880,149,2.,111500,1864,1.01700202491846877891019060095542854486801652503392674240648405421959464600471914994486277343586052220718745954515667754045858599386690433751967565232502092800,9
jinja,2012,12,132,42,15,0.,10767,64,1.0059796318786541427617148974986237152000000000,5
rst2pdf,2013,12,0,1,1,0,22278,-1,0.9999551146819900,5
mediawiki-widgets,2010,12,361,257,142,2.,818,104,1.145658263305311881139637265008966868595470955508208236628780978807952155651925162800419200000000,2
dvdrtools,2008,12,0,0,0,0.,95824,0,1.000000000000,6
greasemonkey,2008,12,1970,1842,70,1.,4000,128,1.03439935501560914917833981756780576640381711964265686738720154180999539860345052750999460000,4
sequel-pro,2009,12,189245,103460,1651,5.5,150717,85785,3.076766649649157461892025807301046312688631030776196584380845563362139481612274702180688998804711097137818734133248000,1
otrs,2005,12,63986,40637,933,3.,93043,23349,1.335021666081808714984918077621997346110612095958320355683911726431911640074954783773177551445112100229689194934942818451034366688000000,3
taoframework,2010,12,0,0,0,0,233860,0,1.000000000,4
gthumb,2010,12,219279,164849,1230,4.,140430,28178,1.251024480664912621079038527903481645637577612360619028405160234133818101974853306353800163517207673443373491325070518476608020305433600,8
ogre,2010,12,188299,151326,1418,8.,918540,30638,1.034506060362782614131932510734190177882796143379097571942446921183016846111229050296780762448716579441109629112760224035915917643537041374931840,8
openttd,2007,12,307352,284492,2997,9.,145474,22860,1.18643874272262264699036191799734634857996292186165822054142142152008399573029883605051612191794954503811521456028731691010840486913257920000,3
habari-extras,2008,12,122899,80232,2506,13,68487,42667,5.203231207998567970541786594979035753390080684501256280093369915666460653468311426550626249656184212446729980928000,0
xmms2,2013,12,3579,47345,53,3,130425,-43766,0.6643711656213264109294752722817150,10
commons-cli,2010,12,7276,7430,47,0.5,8041,-154,0.9808481532140805889807978078871196596615812134200000000,8
tinymce,2009,12,86739,43647,350,1.,89338,43092,1.93179950699114461198198925301366933039510530611310296738060673533261153954055271730251038202884477270010900564849617194611858451903887744,3
rdiff-backup,2005,12,3307,1525,120,1.,14576,1782,1.1392840393907188001032621601901710164669744502766017917673103279835062758033173382336357786647650921312272000,3
gpick,2010,12,6799,2432,82,1.,17356,4367,1.33620756025476375883040495308512461486703727319177820075961769146639730418017231550221639360812548006528000,1
kss,2013,12,0,0,0,0,36298,0,1.000,8
xvid,2002,12,37967,19398,458,6,35784,18569,2.22818969515658886076265558438136561760649549303762728781072030321675427492859394704454223237304320,0
nokogiri,2012,12,1190,785,122,6.,44699,222,1.0050106080443365430995264956777040894500115863290,4
nel,2010,12,225017,74512,1245,6,1825283,58575,1.03315488467966517782866583218817577713985879067875039013193768878359835170721563561126,0
storm,2011,12,7249,1637,185,3.,23281,1498,1.068769223701443147672222706111334676551763350986829991012347779843976630872538891967796165631905378685523571502743657633200000,5
jena,2013,12,30169,21702,272,4,423872,8467,1.020382518265567693736758426437549936,1
performous,2012,12,12926,11608,296,1.5,34230,1417,1.04318410386831516916013166262571863687273186441507588664200017407322994681849230901059447876058299951902843481600000,6
latex-beamer,2010,12,4042,9603,44,0.5,16649,-5561,0.66598594511628080672467054520036784000000000,7
nuxeo,2007,12,92,45,18,0.5,5682,47,1.008340727596150319577916852132127954706105248200107016151428744348303609600000000,2
stonesoup,2009,12,270321,336291,5958,7.,385742,-82196,0.759745118719546810194179883425710801672201365874169009421760193072926932007759084478444135952893247227150965944239284417854403363586703360,4
freepascal,2008,12,17297,7283,479,6.,197528,10014,1.053404012495674423220289443204101566289140367767745142141243531487222506350034449914431719989085502235181518202956747240011863658624619046656000,3
asterisk,2000,12,9118,1088,79,1.,36432,8030,1.282726568510797286319117373845141642435540168400307456981557463455315454535720318795895822582848339727361280000,1
camino,2003,12,13427,7646,199,2.5,36274,5781,1.2069743296224526129082109956547228009954165962200741688879713474644482525276327628029565545841370104755090501476049676547731108016889856000,1
php-gtk,2013,12,0,0,0,0,389168,0,1.000,12
xom,2003,12,31289,5033,418,1.,26261,26256,5252.200000155806961608950516832607532829404692480,0
psi-plus,2009,12,16237,7211,203,1.,35334,9026,1.34449066831924101630005897961228638223285001219860895756409071659797797200000000000,1
nix,2010,12,14645,13294,489,2.,30056,366,1.0123273829574857572812371341169001874832395230541966877465799419230924220066808760818000754280898045178205517892962394156860577901230566000,7
xfce,2005,12,195064,480536,1485,6.,199909,-290482,0.380582565684665750224559003847728574677493226880386869601727513637758111910145268605857490247327113537935613032558211966949130240,3
mod_python,2007,12,31,25,8,0.,26047,6,1.000230503265477731901377900000000000,7
opensimulator,2011,12,111730,114089,2049,8.5,342828,7339,1.02221119245722097101515170269960813882730547524137179550276373290857225691153239531901461902414305150598029898477693601311829288484093174988000,4
maven3,2005,12,446384,374463,7687,12.,187388,71921,2.5676918717445077088071983969025418306792622350119864658892049715278008461739419660695769794973763139979242085469016275680000,2
flac,2003,12,14810,5492,297,1.,74067,9318,1.143909558446615793468684046980754351768988423836571318980896776127706922085296322152225967779746394873183690786929062041827200,2
bash-completion,2007,12,0,0,0,0.,10,0,1.000000000000,1
rsync,2004,12,8143,6491,744,1.,25394,1652,1.0695813326627669573557353059540901740229326903404845829158095658726374134536149096929550425608718611337983371304841386897647322768895963564800,8
SPIP,2011,12,118934,127652,3006,8.5,185368,-8718,0.9479581420253810578331543547767572943043435665326169934782414767914740241610470542119785417679328964356135433595969902004158606607556293860,9
tidy,2007,12,1202,10112,94,1.,42316,-8910,0.826064888889415929904601213611483268797578573361702260792800705875017139548756145169777250182795172143566937180396028983018222162019840000,6
mondrian,2006,12,233572,133052,1134,5.,474530,100520,1.268762867277723004425270405772700820307800804975352943595179057685958769868367807796407309269850218634638971550908809648366617898011648000,4
gentoo,2009,12,1764025,1621205,70270,216.,6203360,125650,1.0207185144559522226121262084622082616600410146942457667059363927947831530653263896339785457544263366612834382335225182204612681793371331626516688500,9
apache-axiom,2013,12,9876,7092,145,1,89103,2784,1.03225245889871959754955564465750472,7
miranda,2013,12,25,25,5,0,758036,0,1.000,12
openocd,2010,12,26269,31888,788,9.,127550,-5621,0.95176804728332422549273424765201128836248248544149587855098564192950214223980050890164486685440836242197106167563847733067946287480888320000,4
doctrine,2012,12,96405,43466,4918,35.5,219539,25350,1.13054292467498480211154543339640319658587533036070234129275145307597437981537106564386753164561579798522302162414888522766225275223654400000,6
powerdns,2010,12,21528,9475,262,1.,85658,12053,1.163752462464639059521334189599692016301366790432475206396850285069025622994391408642687778534519798575144474902789089434390566392891978155185029120,8
